return {
  ["Bio fallen idle"] = {
    {Time = 0.000, Data = {
      ["Head"] = CFrame.new(0.000000, 0.000000, 0.000000, 0.999836, 0.010463, -0.014805, -0.002079, 0.877428, 0.479704, 0.018009, -0.479594, 0.877305),
      ["LeftFoot"] = CFrame.new(0.000000, 0.000182, 0.000000, 0.660417, -0.291834, -0.691869, 0.378339, 0.925209, -0.029117, 0.648620, -0.242532, 0.721436),
      ["LeftHand"] = CFrame.new(0.000074, 0.000062, -0.000041, 0.967666, -0.049948, -0.247241, 0.112321, 0.962978, 0.245066, 0.225847, -0.264912, 0.937451),
      ["LeftLowerArm"] = CFrame.new(0.000000, -0.000000, 0.000000, 1.000000, -0.000000, 0.000000, 0.000000, -0.050016, -0.998748, 0.000000, 0.998748, -0.050016),
      ["LeftLowerLeg"] = CFrame.new(0.000000, -0.000000, -0.000000, 1.000000, 0.000000, -0.000000, -0.000000, 0.933036, 0.359783, 0.000001, -0.359783, 0.933036),
      ["LeftUpperArm"] = CFrame.new(0.000036, -0.000133, -0.000129, 0.928445, -0.218514, -0.300402, 0.266959, 0.954826, 0.130537, 0.258308, -0.201392, 0.944838),
      ["LeftUpperLeg"] = CFrame.new(-0.000000, 0.000000, -0.000000, 0.665094, 0.585541, 0.463456, -0.224579, 0.748729, -0.623674, -0.712190, 0.310719, 0.629476),
      ["LowerTorso"] = CFrame.new(-0.016761, -0.383288, 0.198650, 0.999992, -0.002577, 0.003087, 0.002280, 0.995711, 0.092490, -0.003312, -0.092482, 0.995709),
      ["RightFoot"] = CFrame.new(0.000000, 0.000318, -0.000100, 0.815063, 0.460969, 0.350972, -0.322655, 0.864293, -0.385864, -0.481214, 0.201261, 0.853187),
      ["RightHand"] = CFrame.new(-0.000021, -0.000066, -0.000014, 0.998600, -0.034856, 0.039782, 0.034528, 0.999364, 0.008920, -0.040067, -0.007534, 0.999169),
      ["RightLowerArm"] = CFrame.new(-0.000500, 0.000100, 0.000000, 1.000000, -0.000000, 0.000000, 0.000000, 0.518148, -0.855291, 0.000000, 0.855291, 0.518148),
      ["RightLowerLeg"] = CFrame.new(-0.000000, -0.000200, -0.000100, 1.000000, -0.000000, 0.000000, 0.000000, 0.751221, 0.660050, -0.000001, -0.660051, 0.751221),
      ["RightUpperArm"] = CFrame.new(0.053713, -0.331251, -0.346006, 0.649616, 0.064377, 0.757532, 0.508274, 0.704221, -0.495713, -0.565382, 0.707056, 0.424752),
      ["RightUpperLeg"] = CFrame.new(0.000000, -0.000000, 0.000100, 0.814780, -0.558360, -0.156102, 0.422094, 0.755863, -0.500508, 0.397456, 0.341914, 0.851542),
      ["UpperTorso"] = CFrame.new(0.010637, -0.000118, -0.000082, 0.999969, 0.005202, -0.005890, -0.000008, 0.750193, 0.661219, 0.007858, -0.661199, 0.750170)
    }},
    {Time = 0.042, Data = {
      ["Head"] = CFrame.new(0.000000, 0.000000, 0.000000, 0.999836, 0.010463, -0.014805, -0.002079, 0.877428, 0.479704, 0.018009, -0.479594, 0.877305),
      ["LeftFoot"] = CFrame.new(0.000000, 0.000232, 0.000000, 0.654511, -0.291042, -0.697789, 0.360632, 0.931357, -0.050196, 0.664500, -0.218791, 0.714542),
      ["LeftHand"] = CFrame.new(0.000081, 0.000064, -0.000043, 0.967851, -0.036547, -0.248854, 0.108955, 0.952660, 0.283845, 0.226699, -0.301834, 0.926015),
      ["LeftLowerArm"] = CFrame.new(-0.000000, 0.000000, -0.000000, 1.000000, -0.000000, 0.000000, 0.000000, -0.083034, -0.996547, 0.000000, 0.996547, -0.083034),
      ["LeftLowerLeg"] = CFrame.new(-0.000000, -0.000000, -0.000000, 1.000000, 0.000000, -0.000000, -0.000000, 0.907004, 0.421121, 0.000000, -0.421121, 0.907004),
      ["LeftUpperArm"] = CFrame.new(0.000037, -0.000134, -0.000132, 0.926067, -0.213881, -0.310895, 0.269704, 0.951365, 0.148875, 0.263933, -0.221718, 0.938712),
      ["LeftUpperLeg"] = CFrame.new(-0.000000, 0.000000, 0.000000, 0.659232, 0.605910, 0.445293, -0.223206, 0.723185, -0.653592, -0.718048, 0.331477, 0.611989),
      ["LowerTorso"] = CFrame.new(-0.016783, -0.399628, 0.198665, 0.999992, -0.002577, 0.003087, 0.002280, 0.995711, 0.092490, -0.003312, -0.092482, 0.995709),
      ["RightFoot"] = CFrame.new(-0.000000, 0.000295, -0.000100, 0.811636, 0.464782, 0.353872, -0.316468, 0.859021, -0.402407, -0.491015, 0.214618, 0.844301),
      ["RightHand"] = CFrame.new(-0.000021, -0.000066, -0.000014, 0.999252, -0.027202, 0.027472, 0.026642, 0.999434, 0.020544, -0.028015, -0.019796, 0.999411),
      ["RightLowerArm"] = CFrame.new(-0.000500, 0.000100, 0.000000, 1.000000, -0.000000, 0.000000, 0.000000, 0.516060, -0.856553, -0.000000, 0.856553, 0.516059),
      ["RightLowerLeg"] = CFrame.new(-0.000000, -0.000200, -0.000100, 1.000000, -0.000000, 0.000000, 0.000000, 0.724980, 0.688770, -0.000001, -0.688770, 0.724980),
      ["RightUpperArm"] = CFrame.new(0.053713, -0.331250, -0.346004, 0.650549, 0.063560, 0.756800, 0.510972, 0.700594, -0.498072, -0.561867, 0.710724, 0.423293),
      ["RightUpperLeg"] = CFrame.new(0.000000, 0.000001, 0.000100, 0.811351, -0.566135, -0.145607, 0.425636, 0.742883, -0.516680, 0.400679, 0.357233, 0.843706),
      ["UpperTorso"] = CFrame.new(0.010637, -0.000118, -0.000082, 0.999969, 0.005202, -0.005890, -0.000008, 0.750193, 0.661219, 0.007858, -0.661199, 0.750170)
    }},
    {Time = 0.083, Data = {
      ["Head"] = CFrame.new(0.000000, 0.000000, -0.000000, 0.999836, 0.010463, -0.014805, -0.002079, 0.877428, 0.479704, 0.018009, -0.479594, 0.877305),
      ["LeftFoot"] = CFrame.new(0.000000, 0.000172, 0.000000, 0.649257, -0.290325, -0.702977, 0.346338, 0.935744, -0.066585, 0.677137, -0.200237, 0.708089),
      ["LeftHand"] = CFrame.new(0.000087, 0.000065, -0.000044, 0.967943, -0.024637, -0.249958, 0.105885, 0.942449, 0.317142, 0.227759, -0.333442, 0.914845),
      ["LeftLowerArm"] = CFrame.new(-0.000000, 0.000000, 0.000001, 1.000000, -0.000000, 0.000000, 0.000000, -0.111900, -0.993720, 0.000000, 0.993719, -0.111900),
      ["LeftLowerLeg"] = CFrame.new(-0.000000, -0.000000, -0.000000, 1.000000, 0.000000, -0.000000, -0.000000, 0.883285, 0.468837, 0.000000, -0.468837, 0.883285),
      ["LeftUpperArm"] = CFrame.new(0.000038, -0.000136, -0.000135, 0.923860, -0.209675, -0.320188, 0.272310, 0.947968, 0.164938, 0.268944, -0.239569, 0.932886),
      ["LeftUpperLeg"] = CFrame.new(-0.000000, 0.000000, 0.000000, 0.654016, 0.622211, 0.430251, -0.221981, 0.701567, -0.677147, -0.723179, 0.347358, 0.596955),
      ["LowerTorso"] = CFrame.new(-0.016798, -0.414114, 0.198674, 0.999992, -0.002577, 0.003087, 0.002280, 0.995711, 0.092490, -0.003312, -0.092482, 0.995709),
      ["RightFoot"] = CFrame.new(-0.000000, 0.000291, -0.000100, 0.808527, 0.468201, 0.356472, -0.311772, 0.854589, -0.415301, -0.499082, 0.224644, 0.836930),
      ["RightHand"] = CFrame.new(-0.000022, -0.000066, -0.000015, 0.999679, -0.019027, 0.016715, 0.018508, 0.999358, 0.030665, -0.017287, -0.030346, 0.999390),
      ["RightLowerArm"] = CFrame.new(-0.000500, 0.000100, 0.000000, 1.000000, -0.000000, 0.000000, 0.000000, 0.512671, -0.858585, 0.000000, 0.858585, 0.512671),
      ["RightLowerLeg"] = CFrame.new(0.000000, -0.000200, -0.000100, 1.000000, -0.000000, 0.000000, 0.000000, 0.704092, 0.710108, -0.000001, -0.710109, 0.704093),
      ["RightUpperArm"] = CFrame.new(0.053714, -0.331249, -0.346002, 0.652439, 0.060852, 0.755395, 0.513256, 0.697888, -0.499521, -0.557577, 0.713617, 0.424097),
      ["RightUpperLeg"] = CFrame.new(0.000000, 0.000000, 0.000100, 0.808240, -0.572542, -0.137635, 0.428812, 0.732459, -0.528796, 0.403570, 0.368374, 0.837515),
      ["UpperTorso"] = CFrame.new(0.010637, -0.000118, -0.000082, 0.999969, 0.005202, -0.005890, -0.000008, 0.750193, 0.661219, 0.007858, -0.661199, 0.750170)
    }},
    {Time = 0.125, Data = {
      ["Head"] = CFrame.new(0.000000, 0.000000, 0.000000, 0.999836, 0.010463, -0.014805, -0.002079, 0.877428, 0.479704, 0.018009, -0.479594, 0.877305),
      ["LeftFoot"] = CFrame.new(0.000000, 0.000169, 0.000000, 0.644622, -0.289684, -0.707493, 0.334765, 0.938947, -0.079438, 0.687310, -0.185636, 0.702242),
      ["LeftHand"] = CFrame.new(0.000093, 0.000067, -0.000045, 0.967965, -0.014168, -0.250685, 0.103124, 0.932744, 0.345476, 0.228931, -0.360260, 0.904325),
      ["LeftLowerArm"] = CFrame.new(-0.000000, 0.000000, 0.000000, 1.000000, -0.000000, 0.000000, 0.000000, -0.136968, -0.990575, 0.000000, 0.990575, -0.136968),
      ["LeftLowerLeg"] = CFrame.new(-0.000000, -0.000000, -0.000000, 1.000000, 0.000000, -0.000000, -0.000000, 0.862354, 0.506305, 0.000001, -0.506305, 0.862354),
      ["LeftUpperArm"] = CFrame.new(0.000039, -0.000137, -0.000137, 0.921839, -0.205897, -0.328358, 0.274739, 0.944726, 0.178916, 0.273370, -0.255144, 0.927454),
      ["LeftUpperLeg"] = CFrame.new(-0.000000, 0.000000, -0.000000, 0.649415, 0.635383, 0.417791, -0.220896, 0.683344, -0.695878, -0.727644, 0.359625, 0.584127),
      ["LowerTorso"] = CFrame.new(-0.016806, -0.426853, 0.198677, 0.999992, -0.002577, 0.003087, 0.002280, 0.995711, 0.092490, -0.003312, -0.092482, 0.995709),
      ["RightFoot"] = CFrame.new(-0.000000, 0.000289, -0.000100, 0.805737, 0.471237, 0.358782, -0.307646, 0.850633, -0.426353, -0.506105, 0.233151, 0.830361),
      ["RightHand"] = CFrame.new(-0.000022, -0.000065, -0.000015, 0.999917, -0.010500, 0.007414, 0.010200, 0.999172, 0.039385, -0.007822, -0.039306, 0.999197),
      ["RightLowerArm"] = CFrame.new(-0.000500, 0.000100, 0.000000, 1.000000, -0.000000, 0.000000, 0.000000, 0.508228, -0.861223, -0.000000, 0.861223, 0.508228),
      ["RightLowerLeg"] = CFrame.new(0.000000, -0.000200, -0.000100, 1.000000, -0.000000, 0.000000, 0.000000, 0.685570, 0.728007, -0.000001, -0.728007, 0.685570),
      ["RightUpperArm"] = CFrame.new(0.053716, -0.331248, -0.346000, 0.655127, 0.056557, 0.753399, 0.515157, 0.695993, -0.500208, -0.552650, 0.715818, 0.426828),
      ["RightUpperLeg"] = CFrame.new(0.000000, 0.000000, 0.000100, 0.805448, -0.578087, -0.130646, 0.431632, 0.723229, -0.539104, 0.406136, 0.377829, 0.832045),
      ["UpperTorso"] = CFrame.new(0.010637, -0.000118, -0.000082, 0.999969, 0.005202, -0.005890, -0.000008, 0.750193, 0.661219, 0.007858, -0.661199, 0.750170)
    }},
    {Time = 0.167, Data = {
      ["Head"] = CFrame.new(-0.000000, 0.000000, -0.000000, 0.999836, 0.010463, -0.014805, -0.002079, 0.877428, 0.479704, 0.018009, -0.479594, 0.877305),
      ["LeftFoot"] = CFrame.new(0.000000, 0.000208, 0.000001, 0.640570, -0.289117, -0.711394, 0.325305, 0.941349, -0.089654, 0.695591, -0.173990, 0.697051),
      ["LeftHand"] = CFrame.new(0.000099, 0.000069, -0.000047, 0.967937, -0.005076, -0.251143, 0.100674, 0.923825, 0.369340, 0.230137, -0.382781, 0.894715),
      ["LeftLowerArm"] = CFrame.new(-0.000000, 0.000000, 0.000000, 1.000000, -0.000000, 0.000000, 0.000000, -0.158571, -0.987348, 0.000000, 0.987348, -0.158571),
      ["LeftLowerLeg"] = CFrame.new(-0.000000, -0.000000, -0.000000, 1.000000, 0.000000, -0.000000, -0.000000, 0.844137, 0.536127, 0.000001, -0.536127, 0.844137),
      ["LeftUpperArm"] = CFrame.new(0.000040, -0.000138, -0.000138, 0.920016, -0.202545, -0.335480, 0.276964, 0.941709, 0.190988, 0.277241, -0.268627, 0.922484),
      ["LeftUpperLeg"] = CFrame.new(0.000000, 0.000000, -0.000000, 0.645392, 0.646139, 0.407398, -0.219946, 0.667957, -0.710955, -0.731500, 0.369239, 0.573210),
      ["LowerTorso"] = CFrame.new(-0.016809, -0.437953, 0.198675, 0.999992, -0.002577, 0.003087, 0.002280, 0.995711, 0.092490, -0.003312, -0.092482, 0.995709),
      ["RightFoot"] = CFrame.new(-0.000000, 0.000294, -0.000100, 0.803262, 0.473905, 0.360811, -0.304102, 0.847168, -0.435693, -0.512144, 0.240253, 0.824613),
      ["RightHand"] = CFrame.new(-0.000022, -0.000064, -0.000015, 0.999998, -0.001774, -0.000526, 0.001797, 0.998903, 0.046783, 0.000442, -0.046783, 0.998905),
      ["RightLowerArm"] = CFrame.new(-0.000500, 0.000100, 0.000000, 1.000000, -0.000000, 0.000000, 0.000000, 0.502998, -0.864288, 0.000000, 0.864288, 0.502998),
      ["RightLowerLeg"] = CFrame.new(-0.000000, -0.000200, -0.000100, 1.000000, -0.000000, 0.000000, 0.000000, 0.669511, 0.742802, -0.000000, -0.742802, 0.669512),
      ["RightUpperArm"] = CFrame.new(0.053717, -0.331247, -0.345997, 0.658462, 0.050994, 0.750885, 0.516701, 0.694790, -0.500287, -0.547219, 0.717403, 0.431144),
      ["RightUpperLeg"] = CFrame.new(0.000000, 0.000001, 0.000100, 0.802972, -0.582835, -0.124657, 0.434111, 0.715223, -0.547726, 0.408391, 0.385693, 0.827319),
      ["UpperTorso"] = CFrame.new(0.010637, -0.000118, -0.000082, 0.999969, 0.005202, -0.005890, -0.000008, 0.750193, 0.661219, 0.007858, -0.661199, 0.750170)
    }},
    {Time = 0.208, Data = {
      ["Head"] = CFrame.new(0.000000, 0.000000, -0.000000, 0.999836, 0.010463, -0.014805, -0.002079, 0.877428, 0.479704, 0.018009, -0.479594, 0.877305),
      ["LeftFoot"] = CFrame.new(0.000000, 0.000142, 0.000000, 0.637067, -0.288621, -0.714733, 0.317412, 0.943214, -0.097965, 0.702421, -0.164455, 0.692502),
      ["LeftHand"] = CFrame.new(0.000104, 0.000069, -0.000048, 0.967876, 0.002711, -0.251414, 0.098532, 0.915870, 0.389195, 0.231318, -0.401465, 0.886182),
      ["LeftLowerArm"] = CFrame.new(-0.000000, 0.000000, 0.000000, 1.000000, -0.000000, 0.000000, 0.000000, -0.177012, -0.984209, 0.000000, 0.984209, -0.177012),
      ["LeftLowerLeg"] = CFrame.new(0.000000, -0.000000, 0.000000, 1.000000, 0.000000, -0.000000, -0.000000, 0.828224, 0.560397, 0.000000, -0.560397, 0.828224),
      ["LeftUpperArm"] = CFrame.new(0.000041, -0.000139, -0.000140, 0.918395, -0.199608, -0.341624, 0.278963, 0.938963, 0.201315, 0.280589, -0.280187, 0.918022),
      ["LeftUpperLeg"] = CFrame.new(-0.000000, 0.000001, -0.000000, 0.641914, 0.655056, 0.398558, -0.219122, 0.654820, -0.723323, -0.734801, 0.376978, 0.563876),
      ["LowerTorso"] = CFrame.new(-0.016807, -0.447522, 0.198670, 0.999992, -0.002577, 0.003087, 0.002280, 0.995711, 0.092490, -0.003312, -0.092482, 0.995709),
      ["RightFoot"] = CFrame.new(-0.000000, 0.000297, -0.000100, 0.801096, 0.476222, 0.362573, -0.301029, 0.844144, -0.443624, -0.517327, 0.246241, 0.819597),
      ["RightHand"] = CFrame.new(-0.000023, -0.000063, -0.000015, 0.999949, 0.007007, -0.007210, -0.006615, 0.998576, 0.052931, 0.007571, -0.052881, 0.998572),
      ["RightLowerArm"] = CFrame.new(-0.000500, 0.000100, 0.000000, 1.000000, -0.000000, 0.000000, 0.000000, 0.497249, -0.867608, 0.000000, 0.867608, 0.497249),
      ["RightLowerLeg"] = CFrame.new(-0.000000, -0.000200, -0.000100, 1.000000, -0.000000, 0.000000, 0.000000, 0.655538, 0.755162, -0.000001, -0.755163, 0.655538),
      ["RightUpperArm"] = CFrame.new(0.053719, -0.331246, -0.345994, 0.662296, 0.044486, 0.747920, 0.517914, 0.694159, -0.499909, -0.541414, 0.718446, 0.436699),
      ["RightUpperLeg"] = CFrame.new(0.000000, 0.000001, 0.000100, 0.800804, -0.586889, -0.119471, 0.436263, 0.708260, -0.555016, 0.410349, 0.392339, 0.823216),
      ["UpperTorso"] = CFrame.new(0.010637, -0.000118, -0.000082, 0.999969, 0.005202, -0.005890, -0.000008, 0.750193, 0.661219, 0.007858, -0.661199, 0.750170)
    }},
    {Time = 0.250, Data = {
      ["Head"] = CFrame.new(0.000000, 0.000000, 0.000000, 0.999836, 0.010463, -0.014805, -0.002079, 0.877428, 0.479704, 0.018009, -0.479594, 0.877305),
      ["LeftFoot"] = CFrame.new(0.000000, 0.000230, 0.000001, 0.634075, -0.288194, -0.717560, 0.311086, 0.944620, -0.104496, 0.707937, -0.156964, 0.688613),
      ["LeftHand"] = CFrame.new(0.000109, 0.000070, -0.000048, 0.967797, 0.009275, -0.251563, 0.096686, 0.908977, 0.405479, 0.232425, -0.416744, 0.878808),
      ["LeftLowerArm"] = CFrame.new(0.000000, 0.000000, 0.000001, 1.000000, -0.000000, 0.000000, 0.000000, -0.192580, -0.981281, 0.000000, 0.981281, -0.192580),
      ["LeftLowerLeg"] = CFrame.new(-0.000000, -0.000000, -0.000000, 1.000000, 0.000000, -0.000000, -0.000000, 0.814961, 0.579515, 0.000001, -0.579515, 0.814961),
      ["LeftUpperArm"] = CFrame.new(0.000041, -0.000140, -0.000142, 0.916979, -0.197071, -0.346862, 0.280726, 0.936521, 0.210052, 0.283448, -0.289987, 0.914092),
      ["LeftUpperLeg"] = CFrame.new(-0.000000, -0.000000, 0.000000, 0.638944, 0.662253, 0.391372, -0.218418, 0.644013, -0.733172, -0.737594, 0.382973, 0.556136),
      ["LowerTorso"] = CFrame.new(-0.016800, -0.455668, 0.198662, 0.999992, -0.002577, 0.003087, 0.002280, 0.995711, 0.092490, -0.003312, -0.092482, 0.995709),
      ["RightFoot"] = CFrame.new(0.000000, 0.000298, -0.000099, 0.799227, 0.478206, 0.364082, -0.298399, 0.841544, -0.450290, -0.521722, 0.251242, 0.815281),
      ["RightHand"] = CFrame.new(-0.000024, -0.000062, -0.000016, 0.999795, 0.015703, -0.012743, -0.014940, 0.998210, 0.057909, 0.013630, -0.057707, 0.998241),
      ["RightLowerArm"] = CFrame.new(-0.000500, 0.000100, 0.000000, 1.000000, -0.000000, 0.000000, 0.000000, 0.491239, -0.871025, 0.000000, 0.871025, 0.491239),
      ["RightLowerLeg"] = CFrame.new(-0.000000, -0.000200, -0.000100, 1.000000, -0.000000, 0.000000, 0.000000, 0.643550, 0.765404, -0.000001, -0.765404, 0.643550),
      ["RightUpperArm"] = CFrame.new(0.053721, -0.331246, -0.345991, 0.666485, 0.037348, 0.744582, 0.518821, 0.693982, -0.499213, -0.535371, 0.719023, 0.443152),
      ["RightUpperLeg"] = CFrame.new(0.000000, 0.000000, 0.000100, 0.798935, -0.590313, -0.115036, 0.438107, 0.702285, -0.561122, 0.412026, 0.397902, 0.819700),
      ["UpperTorso"] = CFrame.new(0.010637, -0.000118, -0.000082, 0.999969, 0.005202, -0.005890, -0.000008, 0.750193, 0.661219, 0.007858, -0.661199, 0.750170)
    }},
    {Time = 0.292, Data = {
      ["Head"] = CFrame.new(0.000000, 0.000000, 0.000000, 0.999836, 0.010463, -0.014805, -0.002079, 0.877428, 0.479704, 0.018009, -0.479594, 0.877305),
      ["LeftFoot"] = CFrame.new(0.000000, 0.000191, 0.000001, 0.631559, -0.287833, -0.719920, 0.305925, 0.945711, -0.109730, 0.712420, -0.150941, 0.685328),
      ["LeftHand"] = CFrame.new(0.000113, 0.000071, -0.000049, 0.967710, 0.014705, -0.251637, 0.095124, 0.903178, 0.418595, 0.233428, -0.429015, 0.872615),
      ["LeftLowerArm"] = CFrame.new(-0.000000, -0.000000, 0.000001, 1.000000, -0.000000, 0.000000, 0.000000, -0.205539, -0.978649, 0.000000, 0.978649, -0.205539),
      ["LeftLowerLeg"] = CFrame.new(-0.000000, -0.000000, 0.000000, 1.000000, 0.000000, -0.000000, -0.000000, 0.803837, 0.594849, 0.000001, -0.594849, 0.803837),
      ["LeftUpperArm"] = CFrame.new(0.000042, -0.000141, -0.000143, 0.915765, -0.194916, -0.351258, 0.282247, 0.934398, 0.217341, 0.285851, -0.298175, 0.910703),
      ["LeftUpperLeg"] = CFrame.new(-0.000000, 0.000000, -0.000000, 0.636445, 0.668117, 0.385431, -0.217824, 0.635047, -0.741126, -0.739926, 0.387730, 0.549705),
      ["LowerTorso"] = CFrame.new(-0.016791, -0.462499, 0.198651, 0.999992, -0.002577, 0.003087, 0.002280, 0.995711, 0.092490, -0.003312, -0.092482, 0.995709),
      ["RightFoot"] = CFrame.new(0.000000, 0.000299, -0.000099, 0.797643, 0.479878, 0.365354, -0.296183, 0.839347, -0.455820, -0.525396, 0.255371, 0.811631),
      ["RightHand"] = CFrame.new(-0.000025, -0.000061, -0.000017, 0.999559, 0.024172, -0.017233, -0.023064, 0.997822, 0.061801, 0.018689, -0.061376, 0.997940),
      ["RightLowerArm"] = CFrame.new(-0.000500, 0.000100, 0.000000, 1.000000, -0.000000, 0.000000, 0.000000, 0.485209, -0.874398, 0.000000, 0.874398, 0.485209),
      ["RightLowerLeg"] = CFrame.new(-0.000000, -0.000200, -0.000100, 1.000000, -0.000000, 0.000000, 0.000000, 0.633433, 0.773797, -0.000001, -0.773798, 0.633433),
      ["RightUpperArm"] = CFrame.new(0.053723, -0.331246, -0.345988, 0.670882, 0.029887, 0.740962, 0.519452, 0.694151, -0.498322, -0.529233, 0.719209, 0.450168),
      ["RightUpperLeg"] = CFrame.new(0.000000, 0.000000, 0.000100, 0.797350, -0.593165, -0.111303, 0.439660, 0.697243, -0.566173, 0.413439, 0.402502, 0.816737),
      ["UpperTorso"] = CFrame.new(0.010637, -0.000118, -0.000082, 0.999969, 0.005202, -0.005890, -0.000008, 0.750193, 0.661219, 0.007858, -0.661199, 0.750170)
    }},
    {Time = 0.333, Data = {
      ["Head"] = CFrame.new(0.000000, 0.000000, 0.000000, 0.999836, 0.010463, -0.014805, -0.002079, 0.877428, 0.479704, 0.018009, -0.479594, 0.877305),
      ["LeftFoot"] = CFrame.new(0.000000, 0.000169, 0.000000, 0.629480, -0.287532, -0.721859, 0.301925, 0.946523, -0.113734, 0.715958, -0.146353, 0.682631),
      ["LeftHand"] = CFrame.new(0.000023, 0.000014, -0.000009, 0.967622, 0.019202, -0.251673, 0.093751, 0.898428, 0.428997, 0.234348, -0.438701, 0.867538),
      ["LeftLowerArm"] = CFrame.new(0.000000, 0.000000, 0.000000, 1.000000, -0.000000, 0.000000, 0.000000, -0.216339, -0.976318, 0.000000, 0.976318, -0.216339),
      ["LeftLowerLeg"] = CFrame.new(-0.000000, -0.000000, 0.000000, 1.000000, 0.000000, -0.000000, -0.000000, 0.794990, 0.606622, 0.000000, -0.606622, 0.794990),
      ["LeftUpperArm"] = CFrame.new(0.000042, -0.000141, -0.000144, 0.914706, -0.193098, -0.355002, 0.283578, 0.932559, 0.223423, 0.287918, -0.305037, 0.907775),
      ["LeftUpperLeg"] = CFrame.new(-0.000000, 0.000000, -0.000000, 0.634381, 0.672725, 0.380791, -0.217333, 0.627946, -0.747295, -0.741841, 0.391311, 0.544563),
      ["LowerTorso"] = CFrame.new(-0.016780, -0.468122, 0.198638, 0.999992, -0.002577, 0.003087, 0.002280, 0.995711, 0.092490, -0.003312, -0.092482, 0.995709),
      ["RightFoot"] = CFrame.new(-0.000000, 0.000299, -0.000099, 0.796327, 0.481260, 0.366405, -0.294350, 0.837526, -0.460334, -0.528414, 0.258725, 0.808604),
      ["RightHand"] = CFrame.new(-0.000025, -0.000061, -0.000017, 0.999263, 0.032268, -0.020788, -0.030863, 0.997427, 0.064706, 0.022822, -0.064017, 0.997688),
      ["RightLowerArm"] = CFrame.new(-0.000500, 0.000100, -0.000000, 1.000000, -0.000000, 0.000000, 0.000000, 0.479377, -0.877609, 0.000000, 0.877609, 0.479377),
      ["RightLowerLeg"] = CFrame.new(-0.000000, -0.000200, -0.000100, 1.000000, -0.000000, 0.000000, 0.000000, 0.625062, 0.780575, -0.000001, -0.780575, 0.625062),
      ["RightUpperArm"] = CFrame.new(0.053726, -0.331246, -0.345985, 0.675339, 0.022396, 0.737167, 0.519838, 0.694565, -0.497341, -0.523149, 0.719081, 0.457425),
      ["RightUpperLeg"] = CFrame.new(0.000000, 0.000000, 0.000100, 0.796033, -0.595499, -0.108220, 0.440944, 0.693069, -0.570284, 0.414607, 0.406246, 0.814288),
      ["UpperTorso"] = CFrame.new(0.010637, -0.000118, -0.000082, 0.999969, 0.005202, -0.005890, -0.000008, 0.750193, 0.661219, 0.007858, -0.661199, 0.750170)
    }},
    {Time = 0.375, Data = {
      ["Head"] = CFrame.new(0.000000, 0.000000, 0.000000, 0.999836, 0.010463, -0.014805, -0.002079, 0.877428, 0.479704, 0.018009, -0.479594, 0.877305),
      ["LeftFoot"] = CFrame.new(0.000000, 0.000161, 0.000000, 0.627801, -0.287288, -0.723416, 0.298951, 0.947108, -0.116684, 0.718675, -0.143012, 0.680481),
      ["LeftHand"] = CFrame.new(0.000024, 0.000014, -0.000010, 0.967544, 0.022656, -0.251686, 0.092700, 0.894720, 0.436902, 0.235086, -0.446053, 0.863580),
      ["LeftLowerArm"] = CFrame.new(0.000000, -0.000000, 0.000001, 1.000000, -0.000000, 0.000000, 0.000000, -0.224830, -0.974398, 0.000000, 0.974398, -0.224830),
      ["LeftLowerLeg"] = CFrame.new(-0.000000, -0.000000, -0.000000, 1.000000, 0.000000, -0.000000, -0.000000, 0.788265, 0.615336, 0.000000, -0.615336, 0.788265),
      ["LeftUpperArm"] = CFrame.new(0.000043, -0.000142, -0.000145, 0.913874, -0.191638, -0.357923, 0.284628, 0.931077, 0.228218, 0.289518, -0.310437, 0.905432),
      ["LeftUpperLeg"] = CFrame.new(-0.000000, 0.000000, 0.000000, 0.632713, 0.676233, 0.377336, -0.216936, 0.622543, -0.751917, -0.743379, 0.393890, 0.540591),
      ["LowerTorso"] = CFrame.new(-0.016767, -0.472646, 0.198625, 0.999992, -0.002577, 0.003087, 0.002280, 0.995711, 0.092490, -0.003312, -0.092482, 0.995709),
      ["RightFoot"] = CFrame.new(-0.000000, 0.000299, -0.000099, 0.795261, 0.482375, 0.367253, -0.292870, 0.836054, -0.463940, -0.530836, 0.261397, 0.806154),
      ["RightHand"] = CFrame.new(-0.000026, -0.000060, -0.000018, 0.998929, 0.039838, -0.023518, -0.038192, 0.997039, 0.066738, 0.026107, -0.065769, 0.997493),
      ["RightLowerArm"] = CFrame.new(-0.000500, 0.000100, 0.000000, 1.000000, -0.000000, 0.000000, 0.000000, 0.473924, -0.880566, 0.000000, 0.880566, 0.473924),
      ["RightLowerLeg"] = CFrame.new(-0.000000, -0.000200, -0.000100, 1.000000, -0.000000, 0.000000, 0.000000, 0.618299, 0.785943, -0.000001, -0.785943, 0.618299),
      ["RightUpperArm"] = CFrame.new(0.053728, -0.331246, -0.345982, 0.679707, 0.015146, 0.733327, 0.520017, 0.695138, -0.496352, -0.517282, 0.718716, 0.464614),
      ["RightUpperLeg"] = CFrame.new(0.000000, 0.000000, 0.000100, 0.794967, -0.597368, -0.105732, 0.441980, 0.689697, -0.573561, 0.415550, 0.409230, 0.812311),
      ["UpperTorso"] = CFrame.new(0.010637, -0.000118, -0.000082, 0.999969, 0.005202, -0.005890, -0.000008, 0.750193, 0.661219, 0.007858, -0.661199, 0.750170)
    }},
    {Time = 0.417, Data = {
      ["Head"] = CFrame.new(0.000000, 0.000000, 0.000000, 0.999836, 0.010463, -0.014805, -0.002079, 0.877428, 0.479704, 0.018009, -0.479594, 0.877305),
      ["LeftFoot"] = CFrame.new(0.000000, 0.000155, 0.000000, 0.626485, -0.287096, -0.724632, 0.296637, 0.947552, -0.118956, 0.720779, -0.140429, 0.678791),
      ["LeftHand"] = CFrame.new(0.000024, 0.000014, -0.000010, 0.967478, 0.025273, -0.251691, 0.091875, 0.891939, 0.442723, 0.235682, -0.451449, 0.860609),
      ["LeftLowerArm"] = CFrame.new(-0.000000, 0.000000, 0.000000, 1.000000, -0.000000, 0.000000, 0.000000, -0.231430, -0.972852, 0.000000, 0.972851, -0.231430),
      ["LeftLowerLeg"] = CFrame.new(0.000000, -0.000000, 0.000000, 1.000000, 0.000000, -0.000000, 0.000000, 0.782976, 0.622052, 0.000000, -0.622052, 0.782976),
      ["LeftUpperArm"] = CFrame.new(0.000043, -0.000142, -0.000146, 0.913218, -0.190487, -0.360205, 0.285457, 0.929899, 0.231953, 0.290770, -0.314647, 0.903576),
      ["LeftUpperLeg"] = CFrame.new(-0.000000, 0.000000, 0.000000, 0.631406, 0.678954, 0.374630, -0.216625, 0.618314, -0.755488, -0.744580, 0.395866, 0.537485),
      ["LowerTorso"] = CFrame.new(-0.016753, -0.476178, 0.198612, 0.999992, -0.002577, 0.003087, 0.002280, 0.995711, 0.092490, -0.003312, -0.092482, 0.995709),
      ["RightFoot"] = CFrame.new(0.000000, 0.000299, -0.000099, 0.794424, 0.483247, 0.367916, -0.291710, 0.834900, -0.466742, -0.532725, 0.263467, 0.804232),
      ["RightHand"] = CFrame.new(-0.000027, -0.000059, -0.000018, 0.998582, 0.046722, -0.025532, -0.044893, 0.996673, 0.068027, 0.028626, -0.066784, 0.997357),
      ["RightLowerArm"] = CFrame.new(-0.000500, 0.000100, 0.000000, 1.000000, -0.000000, 0.000000, 0.000000, 0.469009, -0.883194, 0.000000, 0.883194, 0.469009),
      ["RightLowerLeg"] = CFrame.new(-0.000000, -0.000200, -0.000100, 1.000000, -0.000000, 0.000000, 0.000000, 0.613001, 0.790082, -0.000001, -0.790082, 0.613001),
      ["RightUpperArm"] = CFrame.new(0.053730, -0.331246, -0.345979, 0.683833, 0.008394, 0.729590, 0.520030, 0.695792, -0.495421, -0.511801, 0.718194, 0.471441),
      ["RightUpperLeg"] = CFrame.new(0.000000, 0.000000, 0.000100, 0.794129, -0.598821, -0.103785, 0.442791, 0.687056, -0.576100, 0.416287, 0.411543, 0.810764),
      ["UpperTorso"] = CFrame.new(0.010637, -0.000118, -0.000082, 0.999969, 0.005202, -0.005890, -0.000008, 0.750193, 0.661219, 0.007858, -0.661199, 0.750170)
    }},
    {Time = 0.458, Data = {
      ["Head"] = CFrame.new(0.000000, 0.000000, -0.000000, 0.999836, 0.010463, -0.014805, -0.002079, 0.877428, 0.479704, 0.018009, -0.479594, 0.877305),
      ["LeftFoot"] = CFrame.new(0.000000, 0.000150, 0.000000, 0.625493, -0.286951, -0.725546, 0.294907, 0.947879, -0.120644, 0.722349, -0.138507, 0.677516),
      ["LeftHand"] = CFrame.new(0.000024, 0.000014, -0.000010, 0.967425, 0.027162, -0.251696, 0.091254, 0.889973, 0.446789, 0.236138, -0.455203, 0.858504),
      ["LeftLowerArm"] = CFrame.new(0.000000, -0.000000, 0.000000, 1.000000, -0.000000, 0.000000, 0.000000, -0.236364, -0.971665, 0.000000, 0.971665, -0.236363),
      ["LeftLowerLeg"] = CFrame.new(-0.000000, -0.000000, -0.000000, 1.000000, 0.000000, -0.000000, -0.000000, 0.778988, 0.627039, 0.000001, -0.627039, 0.778988),
      ["LeftUpperArm"] = CFrame.new(0.000044, -0.000143, -0.000146, 0.912722, -0.189615, -0.361917, 0.286082, 0.929004, 0.234752, 0.291710, -0.317801, 0.902168),
      ["LeftUpperLeg"] = CFrame.new(-0.000000, -0.000000, -0.000000, 0.630421, 0.680986, 0.372596, -0.216390, 0.615135, -0.758145, -0.745483, 0.397325, 0.535153),
      ["LowerTorso"] = CFrame.new(-0.016741, -0.478826, 0.198599, 0.999992, -0.002577, 0.003087, 0.002280, 0.995711, 0.092490, -0.003312, -0.092482, 0.995709),
      ["RightFoot"] = CFrame.new(-0.000000, 0.000299, -0.000099, 0.793795, 0.483902, 0.368414, -0.290836, 0.834031, -0.468835, -0.534139, 0.265011, 0.802786),
      ["RightHand"] = CFrame.new(-0.000027, -0.000059, -0.000019, 0.998244, 0.052751, -0.026941, -0.050796, 0.996342, 0.068715, 0.030468, -0.067226, 0.997272),
      ["RightLowerArm"] = CFrame.new(-0.000500, 0.000100, 0.000000, 1.000000, -0.000000, 0.000000, 0.000000, 0.464763, -0.885435, 0.000000, 0.885435, 0.464763),
      ["RightLowerLeg"] = CFrame.new(-0.000000, -0.000200, -0.000100, 1.000000, -0.000000, 0.000000, 0.000000, 0.609019, 0.793155, -0.000001, -0.793156, 0.609019),
      ["RightUpperArm"] = CFrame.new(0.053732, -0.331246, -0.345977, 0.687563, 0.002378, 0.726120, 0.519923, 0.696459, -0.494596, -0.506889, 0.717593, 0.477623),
      ["RightUpperLeg"] = CFrame.new(0.000000, 0.000000, 0.000100, 0.793500, -0.599907, -0.102323, 0.443399, 0.685071, -0.577992, 0.416840, 0.413266, 0.809602),
      ["UpperTorso"] = CFrame.new(0.010637, -0.000118, -0.000082, 0.999969, 0.005202, -0.005890, -0.000008, 0.750193, 0.661219, 0.007858, -0.661199, 0.750170)
    }},
    {Time = 0.500, Data = {
      ["Head"] = CFrame.new(0.000000, -0.000000, 0.000000, 0.999836, 0.010463, -0.014805, -0.002079, 0.877428, 0.479704, 0.018009, -0.479594, 0.877305),
      ["LeftFoot"] = CFrame.new(0.000000, 0.000146, 0.000000, 0.624788, -0.286848, -0.726195, 0.293687, 0.948107, -0.121827, 0.723456, -0.137158, 0.676609),
      ["LeftHand"] = CFrame.new(0.000025, 0.000014, -0.000010, 0.967387, 0.028434, -0.251703, 0.090812, 0.888694, 0.449417, 0.236466, -0.457618, 0.857129),
      ["LeftLowerArm"] = CFrame.new(0.000000, -0.000000, 0.000000, 1.000000, -0.000000, 0.000000, 0.000000, -0.239842, -0.970812, 0.000000, 0.970812, -0.239842),
      ["LeftLowerLeg"] = CFrame.new(-0.000000, 0.000000, 0.000000, 1.000000, 0.000000, -0.000000, -0.000000, 0.776159, 0.630537, 0.000000, -0.630537, 0.776159),
      ["LeftUpperArm"] = CFrame.new(0.000044, -0.000143, -0.000146, 0.912370, -0.188993, -0.363129, 0.286526, 0.928366, 0.236729, 0.292376, -0.320030, 0.901164),
      ["LeftUpperLeg"] = CFrame.new(-0.000000, 0.000000, -0.000000, 0.629721, 0.682418, 0.371157, -0.216223, 0.612886, -0.760012, -0.746123, 0.398343, 0.533501),
      ["LowerTorso"] = CFrame.new(-0.016729, -0.480698, 0.198588, 0.999992, -0.002577, 0.003087, 0.002280, 0.995711, 0.092490, -0.003312, -0.092482, 0.995709),
      ["RightFoot"] = CFrame.new(0.000000, 0.000298, -0.000099, 0.793349, 0.484365, 0.368767, -0.290215, 0.833416, -0.470312, -0.535138, 0.266100, 0.801759),
      ["RightHand"] = CFrame.new(-0.000027, -0.000058, -0.000019, 0.997942, 0.057752, -0.027854, -0.055718, 0.996062, 0.068963, 0.031727, -0.067270, 0.997230),
      ["RightLowerArm"] = CFrame.new(-0.000500, 0.000100, 0.000000, 1.000000, 0.000000, 0.000000, 0.000000, 0.461289, -0.887250, 0.000000, 0.887250, 0.461289),
      ["RightLowerLeg"] = CFrame.new(-0.000000, -0.000200, -0.000100, 1.000000, -0.000000, 0.000000, 0.000000, 0.606197, 0.795314, -0.000001, -0.795315, 0.606197),
      ["RightUpperArm"] = CFrame.new(0.053733, -0.331246, -0.345975, 0.690741, -0.002678, 0.723098, 0.519748, 0.697078, -0.493908, -0.502732, 0.716991, 0.482892),
      ["RightUpperLeg"] = CFrame.new(0.000000, 0.000000, 0.000100, 0.793053, -0.600672, -0.101289, 0.443829, 0.683666, -0.579324, 0.417232, 0.414480, 0.808780),
      ["UpperTorso"] = CFrame.new(0.010637, -0.000118, -0.000082, 0.999969, 0.005202, -0.005890, -0.000008, 0.750193, 0.661219, 0.007858, -0.661199, 0.750170)
    }},
    {Time = 0.542, Data = {
      ["Head"] = CFrame.new(0.000000, 0.000000, 0.000000, 0.999836, 0.010463, -0.014805, -0.002079, 0.877428, 0.479704, 0.018009, -0.479594, 0.877305),
      ["LeftFoot"] = CFrame.new(0.000000, 0.000144, 0.000000, 0.624331, -0.286781, -0.726614, 0.292904, 0.948251, -0.122583, 0.724167, -0.136296, 0.676022),
      ["LeftHand"] = CFrame.new(0.000025, 0.000014, -0.000010, 0.967362, 0.029200, -0.251712, 0.090528, 0.887963, 0.450918, 0.236678, -0.458988, 0.856338),
      ["LeftLowerArm"] = CFrame.new(-0.000000, -0.000000, -0.000000, 1.000000, -0.000000, 0.000000, 0.000000, -0.242074, -0.970258, 0.000000, 0.970258, -0.242074),
      ["LeftLowerLeg"] = CFrame.new(-0.000000, 0.000000, 0.000000, 1.000000, 0.000000, -0.000000, -0.000000, 0.774337, 0.632773, 0.000001, -0.632773, 0.774338),
      ["LeftUpperArm"] = CFrame.new(0.000044, -0.000143, -0.000146, 0.912143, -0.188589, -0.363908, 0.286810, 0.927952, 0.238001, 0.292804, -0.321464, 0.900515),
      ["LeftUpperLeg"] = CFrame.new(0.000000, 0.000000, 0.000000, 0.629267, 0.683337, 0.370234, -0.216115, 0.611439, -0.761208, -0.746537, 0.398990, 0.532438),
      ["LowerTorso"] = CFrame.new(-0.016720, -0.481901, 0.198579, 0.999992, -0.002577, 0.003087, 0.002280, 0.995711, 0.092490, -0.003312, -0.092482, 0.995709),
      ["RightFoot"] = CFrame.new(-0.000000, 0.000298, -0.000099, 0.793061, 0.484663, 0.368993, -0.289815, 0.833019, -0.471261, -0.535781, 0.266799, 0.801098),
      ["RightHand"] = CFrame.new(-0.000028, -0.000057, -0.000019, 0.997701, 0.061546, -0.028376, -0.059471, 0.995847, 0.068935, 0.032501, -0.067089, 0.997218),
      ["RightLowerArm"] = CFrame.new(-0.000500, 0.000100, -0.000000, 1.000000, -0.000000, 0.000000, 0.000000, 0.458687, -0.888598, 0.000000, 0.888598, 0.458687),
      ["RightLowerLeg"] = CFrame.new(-0.000000, -0.000200, -0.000100, 1.000000, -0.000000, 0.000000, 0.000000, 0.604379, 0.796696, -0.000001, -0.796697, 0.604380),
      ["RightUpperArm"] = CFrame.new(0.053735, -0.331246, -0.345973, 0.693207, -0.006557, 0.720708, 0.519556, 0.697592, -0.493383, -0.499525, 0.716465, 0.486983),
      ["RightUpperLeg"] = CFrame.new(0.000000, 0.000001, 0.000100, 0.792766, -0.601163, -0.100623, 0.444106, 0.682762, -0.580177, 0.417483, 0.415257, 0.808251),
      ["UpperTorso"] = CFrame.new(0.010637, -0.000118, -0.000082, 0.999969, 0.005202, -0.005890, -0.000008, 0.750193, 0.661219, 0.007858, -0.661199, 0.750170)
    }},
    {Time = 0.583, Data = {
      ["Head"] = CFrame.new(0.000000, 0.000000, -0.000000, 0.999836, 0.010463, -0.014805, -0.002079, 0.877428, 0.479704, 0.018009, -0.479594, 0.877305),
      ["LeftFoot"] = CFrame.new(-0.000000, 0.000143, 0.000000, 0.624085, -0.286744, -0.726839, 0.292487, 0.948328, -0.122986, 0.724548, -0.135837, 0.675706),
      ["LeftHand"] = CFrame.new(0.000025, 0.000015, -0.000010, 0.967348, 0.029575, -0.251720, 0.090375, 0.887633, 0.451597, 0.236791, -0.459600, 0.855978),
      ["LeftLowerArm"] = CFrame.new(-0.000000, -0.000000, 0.000000, 1.000000, -0.000000, 0.000000, 0.000000, -0.243265, -0.969960, 0.000000, 0.969960, -0.243265),
      ["LeftLowerLeg"] = CFrame.new(0.000000, -0.000000, 0.000000, 1.000000, 0.000000, -0.000000, -0.000000, 0.773363, 0.633964, 0.000000, -0.633964, 0.773363),
      ["LeftUpperArm"] = CFrame.new(0.000044, -0.000143, -0.000147, 0.912022, -0.188370, -0.364324, 0.286961, 0.927731, 0.238683, 0.293034, -0.322230, 0.900166),
      ["LeftUpperLeg"] = CFrame.new(-0.000000, 0.000000, 0.000000, 0.629023, 0.683829, 0.369741, -0.216057, 0.610665, -0.761845, -0.746760, 0.399333, 0.531868),
      ["LowerTorso"] = CFrame.new(-0.016713, -0.482544, 0.198573, 0.999992, -0.002577, 0.003087, 0.002280, 0.995711, 0.092490, -0.003312, -0.092482, 0.995709),
      ["RightFoot"] = CFrame.new(-0.000000, 0.000298, -0.000099, 0.792908, 0.484822, 0.369114, -0.289600, 0.832806, -0.471768, -0.536124, 0.267174, 0.800743),
      ["RightHand"] = CFrame.new(-0.000028, -0.000058, -0.000019, 0.997543, 0.063950, -0.028612, -0.061859, 0.995711, 0.068796, 0.032889, -0.066857, 0.997220),
      ["RightLowerArm"] = CFrame.new(-0.000500, 0.000100, 0.000000, 1.000000, -0.000000, 0.000000, 0.000000, 0.457045, -0.889443, 0.000000, 0.889443, 0.457045),
      ["RightLowerLeg"] = CFrame.new(-0.000000, -0.000200, -0.000100, 1.000000, -0.000001, 0.000000, 0.000000, 0.603407, 0.797433, -0.000001, -0.797433, 0.603407),
      ["RightUpperArm"] = CFrame.new(0.053735, -0.331246, -0.345972, 0.694804, -0.009047, 0.719142, 0.519402, 0.697947, -0.493043, -0.497463, 0.716092, 0.489636),
      ["RightUpperLeg"] = CFrame.new(0.000000, 0.000000, 0.000100, 0.792612, -0.601425, -0.100268, 0.444254, 0.682279, -0.580632, 0.417617, 0.415672, 0.807968),
      ["UpperTorso"] = CFrame.new(0.010637, -0.000118, -0.000082, 0.999969, 0.005202, -0.005890, -0.000008, 0.750193, 0.661219, 0.007858, -0.661199, 0.750170)
    }},
    {Time = 0.625, Data = {
      ["Head"] = CFrame.new(0.000000, 0.000000, 0.000000, 0.999836, 0.010463, -0.014805, -0.002079, 0.877428, 0.479704, 0.018009, -0.479594, 0.877305),
      ["LeftFoot"] = CFrame.new(0.000000, 0.000143, 0.000000, 0.624011, -0.286734, -0.726907, 0.292363, 0.948351, -0.123105, 0.724661, -0.135702, 0.675612),
      ["LeftHand"] = CFrame.new(0.000025, 0.000015, -0.000010, 0.967344, 0.029674, -0.251723, 0.090330, 0.887557, 0.451755, 0.236823, -0.459741, 0.855893),
      ["LeftLowerArm"] = CFrame.new(0.000000, 0.000000, 0.000000, 1.000000, -0.000000, 0.000000, 0.000000, -0.243617, -0.969872, 0.000000, 0.969872, -0.243617),
      ["LeftLowerLeg"] = CFrame.new(0.000000, 0.000000, 0.000000, 1.000000, 0.000000, -0.000000, -0.000000, 0.773074, 0.634315, 0.000000, -0.634315, 0.773074),
      ["LeftUpperArm"] = CFrame.new(0.000044, -0.000143, -0.000146, 0.911987, -0.188305, -0.364447, 0.287005, 0.927665, 0.238884, 0.293102, -0.322457, 0.900063),
      ["LeftUpperLeg"] = CFrame.new(-0.000000, -0.000000, 0.000000, 0.628949, 0.683975, 0.369596, -0.216039, 0.610435, -0.762034, -0.746826, 0.399434, 0.531698),
      ["LowerTorso"] = CFrame.new(-0.016711, -0.482735, 0.198571, 0.999992, -0.002577, 0.003087, 0.002280, 0.995711, 0.092490, -0.003312, -0.092482, 0.995709),
      ["RightFoot"] = CFrame.new(0.000000, 0.000298, -0.000099, 0.792863, 0.484869, 0.369149, -0.289536, 0.832743, -0.471919, -0.536225, 0.267285, 0.800638),
      ["RightHand"] = CFrame.new(-0.000028, -0.000057, -0.000019, 0.997487, 0.064790, -0.028668, -0.062697, 0.995664, 0.068716, 0.032996, -0.066746, 0.997224),
      ["RightLowerArm"] = CFrame.new(-0.000500, 0.000099, 0.000000, 1.000000, -0.000000, 0.000000, 0.000000, 0.456470, -0.889739, 0.000000, 0.889739, 0.456470),
      ["RightLowerLeg"] = CFrame.new(-0.000000, -0.000200, -0.000100, 1.000000, -0.000000, 0.000000, 0.000000, 0.603118, 0.797652, -0.000001, -0.797652, 0.603118),
      ["RightUpperArm"] = CFrame.new(0.053736, -0.331246, -0.345972, 0.695372, -0.009928, 0.718582, 0.519339, 0.698081, -0.492920, -0.496734, 0.715950, 0.490582),
      ["RightUpperLeg"] = CFrame.new(0.000000, 0.000000, 0.000100, 0.792567, -0.601502, -0.100162, 0.444297, 0.682136, -0.580767, 0.417657, 0.415795, 0.807884),
      ["UpperTorso"] = CFrame.new(0.010637, -0.000118, -0.000082, 0.999969, 0.005202, -0.005890, -0.000008, 0.750193, 0.661219, 0.007858, -0.661199, 0.750170)
    }},
    {Time = 0.667, Data = {
      ["Head"] = CFrame.new(0.000000, 0.000000, 0.000000, 0.999836, 0.010463, -0.014805, -0.002079, 0.877428, 0.479704, 0.018009, -0.479594, 0.877305),
      ["LeftFoot"] = CFrame.new(0.000000, 0.000144, 0.000000, 0.624376, -0.286787, -0.726573, 0.293011, 0.948231, -0.122481, 0.724085, -0.136420, 0.676085),
      ["LeftHand"] = CFrame.new(0.000025, 0.000014, -0.000010, 0.967367, 0.028844, -0.251732, 0.090562, 0.888515, 0.449822, 0.236642, -0.457941, 0.856908),
      ["LeftLowerArm"] = CFrame.new(-0.000000, 0.000000, 0.000000, 1.000000, -0.000000, 0.000000, 0.000000, -0.241777, -0.970332, 0.000000, 0.970332, -0.241777),
      ["LeftLowerLeg"] = CFrame.new(0.000000, -0.000000, -0.000000, 1.000000, 0.000000, -0.000000, -0.000000, 0.774584, 0.632471, 0.000001, -0.632471, 0.774584),
      ["LeftUpperArm"] = CFrame.new(0.000044, -0.000143, -0.000146, 0.912176, -0.188626, -0.363806, 0.286760, 0.928007, 0.237846, 0.292751, -0.321283, 0.900597),
      ["LeftUpperLeg"] = CFrame.new(-0.000000, 0.000000, 0.000000, 0.629312, 0.683223, 0.370369, -0.216126, 0.611630, -0.761051, -0.746496, 0.398892, 0.532568),
      ["LowerTorso"] = CFrame.new(-0.016712, -0.481743, 0.198572, 0.999992, -0.002577, 0.003087, 0.002280, 0.995711, 0.092490, -0.003312, -0.092482, 0.995709),
      ["RightFoot"] = CFrame.new(-0.000000, 0.000298, -0.000099, 0.793101, 0.484621, 0.368961, -0.289860, 0.833069, -0.471145, -0.535697, 0.266719, 0.801180),
      ["RightHand"] = CFrame.new(-0.000028, -0.000057, -0.000019, 0.997572, 0.063759, -0.028005, -0.061731, 0.995764, 0.068145, 0.032231, -0.066250, 0.997282),
      ["RightLowerArm"] = CFrame.new(-0.000500, 0.000100, 0.000000, 1.000000, -0.000000, 0.000000, 0.000000, 0.456945, -0.889495, 0.000000, 0.889495, 0.456945),
      ["RightLowerLeg"] = CFrame.new(0.000000, -0.000200, -0.000100, 1.000000, -0.000000, 0.000000, 0.000000, 0.604612, 0.796520, -0.000001, -0.796520, 0.604612),
      ["RightUpperArm"] = CFrame.new(0.053735, -0.331246, -0.345972, 0.694928, -0.009242, 0.719020, 0.519235, 0.698199, -0.492863, -0.497464, 0.715844, 0.489997),
      ["RightUpperLeg"] = CFrame.new(0.000000, 0.000001, 0.000100, 0.792806, -0.601096, -0.100712, 0.444068, 0.682885, -0.580063, 0.417448, 0.415154, 0.808322),
      ["UpperTorso"] = CFrame.new(0.010637, -0.000118, -0.000082, 0.999969, 0.005202, -0.005890, -0.000008, 0.750193, 0.661219, 0.007858, -0.661199, 0.750170)
    }},
    {Time = 0.708, Data = {
      ["Head"] = CFrame.new(-0.000000, 0.000000, -0.000000, 0.999836, 0.010463, -0.014805, -0.002079, 0.877428, 0.479704, 0.018009, -0.479594, 0.877305),
      ["LeftFoot"] = CFrame.new(0.000000, 0.000150, 0.000000, 0.625409, -0.286939, -0.725623, 0.294852, 0.947889, -0.120700, 0.722444, -0.138464, 0.677423),
      ["LeftHand"] = CFrame.new(0.000024, 0.000014, -0.000010, 0.967429, 0.026492, -0.251750, 0.091219, 0.891211, 0.444321, 0.236134, -0.452814, 0.859768),
      ["LeftLowerArm"] = CFrame.new(0.000000, -0.000000, 0.000000, 1.000000, -0.000000, 0.000000, 0.000000, -0.236545, -0.971620, 0.000000, 0.971620, -0.236545),
      ["LeftLowerLeg"] = CFrame.new(0.000000, -0.000000, 0.000000, 1.000000, 0.000000, -0.000000, -0.000000, 0.778852, 0.627208, 0.000001, -0.627208, 0.778852),
      ["LeftUpperArm"] = CFrame.new(0.000044, -0.000143, -0.000146, 0.912712, -0.189533, -0.361987, 0.286071, 0.928971, 0.234897, 0.291754, -0.317947, 0.902103),
      ["LeftUpperLeg"] = CFrame.new(-0.000000, 0.000000, 0.000000, 0.630338, 0.681084, 0.372557, -0.216370, 0.615015, -0.758248, -0.745559, 0.397342, 0.535034),
      ["LowerTorso"] = CFrame.new(-0.016713, -0.478929, 0.198574, 0.999992, -0.002577, 0.003087, 0.002280, 0.995711, 0.092490, -0.003312, -0.092482, 0.995709),
      ["RightFoot"] = CFrame.new(-0.000000, 0.000299, -0.000099, 0.793776, 0.483921, 0.368429, -0.290780, 0.833991, -0.468942, -0.534197, 0.265104, 0.802716),
      ["RightHand"] = CFrame.new(-0.000028, -0.000057, -0.000019, 0.997806, 0.060839, -0.026122, -0.058990, 0.996040, 0.066523, 0.030065, -0.064836, 0.997443),
      ["RightLowerArm"] = CFrame.new(-0.000500, 0.000100, -0.000000, 1.000000, -0.000000, 0.000000, 0.000000, 0.458305, -0.888795, 0.000000, 0.888795, 0.458305),
      ["RightLowerLeg"] = CFrame.new(-0.000000, -0.000200, -0.000100, 1.000000, -0.000001, 0.000000, 0.000000, 0.608844, 0.793290, -0.000001, -0.793290, 0.608844),
      ["RightUpperArm"] = CFrame.new(0.053735, -0.331246, -0.345973, 0.693667, -0.007290, 0.720259, 0.518938, 0.698528, -0.492709, -0.499529, 0.715545, 0.488329),
      ["RightUpperLeg"] = CFrame.new(0.000000, 0.000000, 0.000100, 0.793481, -0.599941, -0.102270, 0.443417, 0.685003, -0.578059, 0.416856, 0.413330, 0.809561),
      ["UpperTorso"] = CFrame.new(0.010637, -0.000118, -0.000082, 0.999969, 0.005202, -0.005890, -0.000008, 0.750193, 0.661219, 0.007858, -0.661199, 0.750170)
    }},
    {Time = 0.750, Data = {
      ["Head"] = CFrame.new(0.000000, 0.000000, -0.000000, 0.999836, 0.010463, -0.014805, -0.002079, 0.877428, 0.479704, 0.018009, -0.479594, 0.877305),
      ["LeftFoot"] = CFrame.new(0.000000, 0.000158, 0.000000, 0.627023, -0.287175, -0.724136, 0.297732, 0.947342, -0.117889, 0.719860, -0.141679, 0.679507),
      ["LeftHand"] = CFrame.new(0.000024, 0.000015, -0.000010, 0.967520, 0.022833, -0.251762, 0.092242, 0.895358, 0.435689, 0.235366, -0.444761, 0.864171),
      ["LeftLowerArm"] = CFrame.new(-0.000000, 0.000000, 0.000000, 1.000000, -0.000000, 0.000000, 0.000000, -0.228348, -0.973580, 0.000000, 0.973580, -0.228348),
      ["LeftLowerLeg"] = CFrame.new(0.000000, -0.000000, 0.000000, 1.000000, 0.000000, -0.000000, -0.000000, 0.785470, 0.618899, 0.000000, -0.618899, 0.785470),
      ["LeftUpperArm"] = CFrame.new(0.000043, -0.000142, -0.000145, 0.913539, -0.190943, -0.359149, 0.285010, 0.930452, 0.230278, 0.290201, -0.312728, 0.904425),
      ["LeftUpperLeg"] = CFrame.new(-0.000000, 0.000000, 0.000000, 0.631940, 0.677723, 0.375956, -0.216752, 0.620287, -0.753832, -0.744090, 0.394888, 0.538882),
      ["LowerTorso"] = CFrame.new(-0.016715, -0.474537, 0.198578, 0.999992, -0.002577, 0.003087, 0.002280, 0.995711, 0.092490, -0.003312, -0.092482, 0.995709),
      ["RightFoot"] = CFrame.new(-0.000000, 0.000299, -0.000099, 0.794824, 0.482831, 0.367600, -0.292213, 0.835426, -0.465484, -0.531852, 0.262561, 0.805106),
      ["RightHand"] = CFrame.new(-0.000028, -0.000058, -0.000019, 0.998145, 0.056292, -0.023173, -0.054711, 0.996450, 0.063981, 0.026693, -0.062594, 0.997682),
      ["RightLowerArm"] = CFrame.new(-0.000500, 0.000100, 0.000000, 1.000000, -0.000000, 0.000000, 0.000000, 0.460478, -0.887671, 0.000000, 0.887671, 0.460477),
      ["RightLowerLeg"] = CFrame.new(-0.000000, -0.000200, -0.000100, 1.000000, -0.000000, 0.000000, 0.000000, 0.615433, 0.788189, -0.000001, -0.788189, 0.615433),
      ["RightUpperArm"] = CFrame.new(0.053734, -0.331246, -0.345975, 0.691693, -0.004224, 0.722179, 0.518472, 0.699024, -0.492497, -0.502740, 0.715086, 0.485700),
      ["RightUpperLeg"] = CFrame.new(0.000000, 0.000000, 0.000100, 0.794529, -0.598132, -0.104697, 0.442404, 0.688300, -0.574910, 0.415935, 0.410464, 0.811491),
      ["UpperTorso"] = CFrame.new(0.010637, -0.000118, -0.000082, 0.999969, 0.005202, -0.005890, -0.000008, 0.750193, 0.661219, 0.007858, -0.661199, 0.750170)
    }},
    {Time = 0.792, Data = {
      ["Head"] = CFrame.new(-0.000000, 0.000000, -0.000000, 0.999836, 0.010463, -0.014805, -0.002079, 0.877428, 0.479704, 0.018009, -0.479594, 0.877305),
      ["LeftFoot"] = CFrame.new(0.000000, 0.000168, 0.000000, 0.629127, -0.287481, -0.722187, 0.301501, 0.946606, -0.114166, 0.716448, -0.145915, 0.682211),
      ["LeftHand"] = CFrame.new(0.000023, 0.000014, -0.000010, 0.967625, 0.018085, -0.251745, 0.093570, 0.900650, 0.424351, 0.234408, -0.434169, 0.869799),
      ["LeftLowerArm"] = CFrame.new(0.000000, -0.000000, 0.000001, 1.000000, -0.000000, 0.000000, 0.000000, -0.217605, -0.976037, 0.000000, 0.976037, -0.217605),
      ["LeftLowerLeg"] = CFrame.new(-0.000000, -0.000000, 0.000000, 1.000000, 0.000000, -0.000000, -0.000000, 0.794017, 0.607895, 0.000000, -0.607895, 0.794017),
      ["LeftUpperArm"] = CFrame.new(0.000043, -0.000142, -0.000144, 0.914600, -0.192771, -0.355452, 0.283656, 0.932341, 0.224230, 0.288177, -0.305907, 0.907400),
      ["LeftUpperLeg"] = CFrame.new(0.000000, 0.000000, 0.000000, 0.634029, 0.673300, 0.380360, -0.217250, 0.627137, -0.747999, -0.742165, 0.391620, 0.543898),
      ["LowerTorso"] = CFrame.new(-0.016718, -0.468808, 0.198582, 0.999992, -0.002577, 0.003087, 0.002280, 0.995711, 0.092490, -0.003312, -0.092482, 0.995709),
      ["RightFoot"] = CFrame.new(-0.000000, 0.000299, -0.000099, 0.796179, 0.481414, 0.366522, -0.294077, 0.837289, -0.460939, -0.528788, 0.259205, 0.808206),
      ["RightHand"] = CFrame.new(-0.000027, -0.000058, -0.000018, 0.998543, 0.050381, -0.019316, -0.049127, 0.996949, 0.060654, 0.022313, -0.059616, 0.997972),
      ["RightLowerArm"] = CFrame.new(-0.000500, 0.000100, 0.000000, 1.000000, -0.000000, 0.000000, 0.000000, 0.463392, -0.886153, 0.000000, 0.886153, 0.463392),
      ["RightLowerLeg"] = CFrame.new(-0.000000, -0.000200, -0.000100, 1.000000, -0.000000, 0.000000, 0.000000, 0.623995, 0.781428, -0.000001, -0.781429, 0.623995),
      ["RightUpperArm"] = CFrame.new(0.053733, -0.331247, -0.345977, 0.689110, -0.000197, 0.724657, 0.517862, 0.699637, -0.492268, -0.506899, 0.714499, 0.482229),
      ["RightUpperLeg"] = CFrame.new(0.000000, -0.000000, 0.000100, 0.795886, -0.595764, -0.107852, 0.441088, 0.692580, -0.570767, 0.414738, 0.406693, 0.813998),
      ["UpperTorso"] = CFrame.new(0.010637, -0.000118, -0.000082, 0.999969, 0.005202, -0.005890, -0.000008, 0.750193, 0.661219, 0.007858, -0.661199, 0.750170)
    }},
    {Time = 0.833, Data = {
      ["Head"] = CFrame.new(-0.000000, 0.000000, 0.000000, 0.999836, 0.010463, -0.014805, -0.002079, 0.877428, 0.479704, 0.018009, -0.479594, 0.877305),
      ["LeftFoot"] = CFrame.new(0.000000, 0.000193, 0.000001, 0.631631, -0.287843, -0.719853, 0.306343, 0.945623, -0.109322, 0.712177, -0.151471, 0.685463),
      ["LeftHand"] = CFrame.new(0.000113, 0.000070, -0.000049, 0.967734, 0.012361, -0.251672, 0.095216, 0.906802, 0.410663, 0.233293, -0.421376, 0.876366),
      ["LeftLowerArm"] = CFrame.new(0.000000, 0.000000, 0.000001, 1.000000, -0.000000, 0.000000, 0.000000, -0.204541, -0.978858, 0.000000, 0.978858, -0.204541),
      ["LeftLowerLeg"] = CFrame.new(0.000000, -0.000000, 0.000000, 1.000000, 0.000000, -0.000000, -0.000000, 0.804724, 0.593649, 0.000001, -0.593649, 0.804724),
      ["LeftUpperArm"] = CFrame.new(0.000042, -0.000141, -0.000143, 0.915880, -0.194955, -0.350937, 0.282037, 0.934567, 0.216887, 0.285691, -0.297620, 0.910935),
      ["LeftUpperLeg"] = CFrame.new(-0.000000, 0.000001, 0.000000, 0.636516, 0.667729, 0.385985, -0.217841, 0.635729, -0.740536, -0.739860, 0.387280, 0.550111),
      ["LowerTorso"] = CFrame.new(-0.016721, -0.461987, 0.198588, 0.999992, -0.002577, 0.003087, 0.002280, 0.995711, 0.092490, -0.003312, -0.092482, 0.995709),
      ["RightFoot"] = CFrame.new(-0.000000, 0.000299, -0.000099, 0.797778, 0.479735, 0.365245, -0.296293, 0.839496, -0.455475, -0.525129, 0.255148, 0.811874),
      ["RightHand"] = CFrame.new(-0.000027, -0.000059, -0.000018, 0.998951, 0.043372, -0.014704, -0.042475, 0.997489, 0.056670, 0.017125, -0.055986, 0.998285),
      ["RightLowerArm"] = CFrame.new(-0.000500, 0.000100, 0.000000, 1.000000, -0.000000, 0.000000, 0.000000, 0.466986, -0.884265, 0.000000, 0.884265, 0.466986),
      ["RightLowerLeg"] = CFrame.new(-0.000000, -0.000200, -0.000100, 1.000000, -0.000000, 0.000000, 0.000000, 0.634144, 0.773215, -0.000000, -0.773215, 0.634144),
      ["RightUpperArm"] = CFrame.new(0.053731, -0.331247, -0.345979, 0.686021, 0.004643, 0.727567, 0.517129, 0.700319, -0.492068, -0.511814, 0.713815, 0.478033),
      ["RightUpperLeg"] = CFrame.new(0.000000, 0.000001, 0.000100, 0.797485, -0.592928, -0.111594, 0.439528, 0.697647, -0.565778, 0.413319, 0.402150, 0.816972),
      ["UpperTorso"] = CFrame.new(0.010637, -0.000118, -0.000082, 0.999969, 0.005202, -0.005890, -0.000008, 0.750193, 0.661219, 0.007858, -0.661199, 0.750170)
    }},
    {Time = 0.875, Data = {
      ["Head"] = CFrame.new(-0.000000, 0.000000, 0.000000, 0.999836, 0.010463, -0.014805, -0.002079, 0.877428, 0.479704, 0.018009, -0.479594, 0.877305),
      ["LeftFoot"] = CFrame.new(0.000000, 0.000241, 0.000001, 0.634446, -0.288247, -0.717211, 0.312189, 0.944378, -0.103383, 0.707118, -0.158315, 0.689145),
      ["LeftHand"] = CFrame.new(0.000108, 0.000070, -0.000048, 0.967829, 0.006087, -0.251534, 0.096966, 0.913462, 0.395202, 0.232172, -0.406878, 0.883485),
      ["LeftLowerArm"] = CFrame.new(0.000000, -0.000000, 0.000001, 1.000000, -0.000000, 0.000000, 0.000000, -0.189971, -0.981790, 0.000000, 0.981790, -0.189971),
      ["LeftLowerLeg"] = CFrame.new(-0.000000, -0.000000, -0.000000, 1.000000, 0.000000, -0.000000, -0.000000, 0.817273, 0.576250, 0.000000, -0.576250, 0.817273),
      ["LeftUpperArm"] = CFrame.new(0.000041, -0.000140, -0.000141, 0.917241, -0.197360, -0.346002, 0.280326, 0.936942, 0.208703, 0.282994, -0.288424, 0.914727),
      ["LeftUpperLeg"] = CFrame.new(-0.000000, 0.000000, -0.000000, 0.639312, 0.661103, 0.392713, -0.218505, 0.645850, -0.731528, -0.737249, 0.381864, 0.557354),
      ["LowerTorso"] = CFrame.new(-0.016725, -0.454315, 0.198594, 0.999992, -0.002577, 0.003087, 0.002280, 0.995711, 0.092490, -0.003312, -0.092482, 0.995709),
      ["RightFoot"] = CFrame.new(-0.000000, 0.000298, -0.000099, 0.799556, 0.477857, 0.363817, -0.298776, 0.841960, -0.449261, -0.521002, 0.250510, 0.815967),
      ["RightHand"] = CFrame.new(-0.000026, -0.000059, -0.000018, 0.999323, 0.035531, -0.009493, -0.034989, 0.998025, 0.052163, 0.011328, -0.051796, 0.998593),
      ["RightLowerArm"] = CFrame.new(-0.000500, 0.000100, 0.000000, 1.000000, -0.000000, 0.000000, 0.000000, 0.471189, -0.882032, 0.000000, 0.882032, 0.471189),
      ["RightLowerLeg"] = CFrame.new(-0.000000, -0.000200, -0.000100, 1.000000, -0.000000, 0.000000, 0.000000, 0.645493, 0.763766, -0.000001, -0.763766, 0.645493),
      ["RightUpperArm"] = CFrame.new(0.053729, -0.331247, -0.345982, 0.682531, 0.010147, 0.730787, 0.516298, 0.701023, -0.491939, -0.517289, 0.713067, 0.473231),
      ["RightUpperLeg"] = CFrame.new(0.000000, -0.000000, 0.000100, 0.799264, -0.589721, -0.115785, 0.437783, 0.703307, -0.560094, 0.411732, 0.396974, 0.820298),
      ["UpperTorso"] = CFrame.new(0.010637, -0.000118, -0.000082, 0.999969, 0.005202, -0.005890, -0.000008, 0.750193, 0.661219, 0.007858, -0.661199, 0.750170)
    }},
    {Time = 0.917, Data = {
      ["Head"] = CFrame.new(-0.000000, 0.000000, -0.000000, 0.999836, 0.010463, -0.014805, -0.002079, 0.877428, 0.479704, 0.018009, -0.479594, 0.877305),
      ["LeftFoot"] = CFrame.new(0.000000, 0.000151, 0.000000, 0.637483, -0.288680, -0.714339, 0.318658, 0.942926, -0.096684, 0.701479, -0.165995, 0.693089),
      ["LeftHand"] = CFrame.new(0.000104, 0.000069, -0.000048, 0.967906, -0.000633, -0.251314, 0.098838, 0.920373, 0.378344, 0.231063, -0.391040, 0.890897),
      ["LeftLowerArm"] = CFrame.new(0.000000, 0.000000, 0.000001, 1.000000, -0.000000, 0.000000, 0.000000, -0.174128, -0.984723, 0.000000, 0.984723, -0.174128),
      ["LeftLowerLeg"] = CFrame.new(-0.000000, -0.000000, -0.000000, 1.000000, 0.000000, -0.000000, -0.000000, 0.830752, 0.556642, 0.000001, -0.556642, 0.830752),
      ["LeftUpperArm"] = CFrame.new(0.000041, -0.000139, -0.000140, 0.918675, -0.199931, -0.340683, 0.278543, 0.939408, 0.199815, 0.280091, -0.278460, 0.918700),
      ["LeftUpperLeg"] = CFrame.new(-0.000000, 0.000000, -0.000000, 0.642327, 0.653744, 0.400044, -0.219220, 0.656861, -0.721441, -0.734411, 0.375703, 0.565233),
      ["LowerTorso"] = CFrame.new(-0.016729, -0.446037, 0.198600, 0.999992, -0.002577, 0.003087, 0.002280, 0.995711, 0.092490, -0.003312, -0.092482, 0.995709),
      ["RightFoot"] = CFrame.new(-0.000000, 0.000297, -0.000100, 0.801451, 0.475842, 0.362284, -0.301445, 0.844598, -0.442475, -0.516533, 0.245413, 0.820345),
      ["RightHand"] = CFrame.new(-0.000026, -0.000060, -0.000017, 0.999625, 0.027117, -0.003844, -0.026905, 0.998520, 0.047266, 0.005120, -0.047145, 0.998875),
      ["RightLowerArm"] = CFrame.new(-0.000500, 0.000100, 0.000000, 1.000000, -0.000000, 0.000000, 0.000000, 0.475914, -0.879492, 0.000000, 0.879492, 0.475914),
      ["RightLowerLeg"] = CFrame.new(-0.000000, -0.000200, -0.000100, 1.000000, -0.000000, 0.000000, 0.000000, 0.657660, 0.753314, -0.000001, -0.753314, 0.657661),
      ["RightUpperArm"] = CFrame.new(0.053727, -0.331248, -0.345985, 0.678746, 0.016159, 0.734195, 0.515393, 0.701706, -0.491913, -0.523138, 0.712283, 0.467952),
      ["RightUpperLeg"] = CFrame.new(0.000000, 0.000001, 0.000100, 0.801161, -0.586236, -0.120288, 0.435911, 0.709371, -0.553872, 0.410029, 0.391306, 0.823867),
      ["UpperTorso"] = CFrame.new(0.010637, -0.000118, -0.000082, 0.999969, 0.005202, -0.005890, -0.000008, 0.750193, 0.661219, 0.007858, -0.661199, 0.750170)
    }},
    {Time = 0.958, Data = {
      ["Head"] = CFrame.new(0.000000, 0.000000, 0.000000, 0.999836, 0.010463, -0.014805, -0.002079, 0.877428, 0.479704, 0.018009, -0.479594, 0.877305),
      ["LeftFoot"] = CFrame.new(0.000000, 0.000213, 0.000000, 0.640650, -0.289128, -0.711317, 0.325822, 0.941221, -0.089124, 0.695275, -0.174665, 0.697198),
      ["LeftHand"] = CFrame.new(0.000099, 0.000068, -0.000047, 0.967956, -0.007594, -0.251004, 0.100771, 0.927278, 0.360555, 0.230012, -0.374295, 0.898330),
      ["LeftLowerArm"] = CFrame.new(-0.000000, 0.000000, 0.000000, 1.000000, -0.000000, 0.000000, 0.000000, -0.157455, -0.987526, 0.000000, 0.987526, -0.157455),
      ["LeftLowerLeg"] = CFrame.new(0.000000, -0.000000, -0.000000, 1.000000, 0.000000, -0.000000, -0.000000, 0.845129, 0.534563, 0.000000, -0.534563, 0.845129),
      ["LeftUpperArm"] = CFrame.new(0.000040, -0.000138, -0.000138, 0.920133, -0.202585, -0.335134, 0.276748, 0.941876, 0.190475, 0.277067, -0.268010, 0.922716),
      ["LeftUpperLeg"] = CFrame.new(-0.000000, 0.000000, -0.000000, 0.645472, 0.645647, 0.408052, -0.219964, 0.668754, -0.710200, -0.731424, 0.368657, 0.573681),
      ["LowerTorso"] = CFrame.new(-0.016734, -0.437393, 0.198607, 0.999992, -0.002577, 0.003087, 0.002280, 0.995711, 0.092490, -0.003312, -0.092482, 0.995709),
      ["RightFoot"] = CFrame.new(-0.000000, 0.000294, -0.000099, 0.803405, 0.473752, 0.360694, -0.304222, 0.847328, -0.435298, -0.511849, 0.239990, 0.824873),
      ["RightHand"] = CFrame.new(-0.000025, -0.000061, -0.000017, 0.999829, 0.018389, 0.002083, -0.018461, 0.998942, 0.042116, -0.001307, -0.042147, 0.999111),
      ["RightLowerArm"] = CFrame.new(-0.000500, 0.000100, 0.000000, 1.000000, -0.000000, 0.000000, 0.000000, 0.481058, -0.876689, 0.000000, 0.876689, 0.481058),
      ["RightLowerLeg"] = CFrame.new(-0.000000, -0.000200, -0.000100, 1.000000, -0.000000, 0.000000, 0.000000, 0.670273, 0.742114, -0.000001, -0.742114, 0.670274),
      ["RightUpperArm"] = CFrame.new(0.053725, -0.331248, -0.345988, 0.674778, 0.022518, 0.737677, 0.514440, 0.702334, -0.492014, -0.529175, 0.711491, 0.462335),
      ["RightUpperLeg"] = CFrame.new(0.000000, 0.000001, 0.000100, 0.803115, -0.582571, -0.124969, 0.433969, 0.715654, -0.547275, 0.408262, 0.385292, 0.827570),
      ["UpperTorso"] = CFrame.new(0.010637, -0.000118, -0.000082, 0.999969, 0.005202, -0.005890, -0.000008, 0.750193, 0.661219, 0.007858, -0.661199, 0.750170)
    }},
    {Time = 1.000, Data = {
      ["Head"] = CFrame.new(0.000000, 0.000000, 0.000000, 0.999836, 0.010463, -0.014805, -0.002079, 0.877428, 0.479704, 0.018009, -0.479594, 0.877305),
      ["LeftFoot"] = CFrame.new(0.000000, 0.000155, 0.000000, 0.643860, -0.289578, -0.708229, 0.333237, 0.939346, -0.081127, 0.688765, -0.183773, 0.701306),
      ["LeftHand"] = CFrame.new(0.000094, 0.000067, -0.000046, 0.967979, -0.014597, -0.250606, 0.102710, 0.933952, 0.342323, 0.229058, -0.357101, 0.905545),
      ["LeftLowerArm"] = CFrame.new(0.000000, 0.000000, 0.000000, 1.000000, -0.000000, 0.000000, 0.000000, -0.140410, -0.990093, 0.000000, 0.990093, -0.140410),
      ["LeftLowerLeg"] = CFrame.new(0.000000, -0.000000, 0.000000, 1.000000, 0.000000, -0.000000, -0.000000, 0.859456, 0.511209, 0.000000, -0.511209, 0.859456),
      ["LeftUpperArm"] = CFrame.new(0.000039, -0.000137, -0.000137, 0.921573, -0.205246, -0.329510, 0.274996, 0.944266, 0.180939, 0.274008, -0.257362, 0.926652),
      ["LeftUpperLeg"] = CFrame.new(-0.000000, 0.000000, -0.000000, 0.648659, 0.637198, 0.416197, -0.220718, 0.680846, -0.698378, -0.728372, 0.361147, 0.582278),
      ["LowerTorso"] = CFrame.new(-0.016738, -0.428629, 0.198614, 0.999992, -0.002577, 0.003087, 0.002280, 0.995711, 0.092490, -0.003312, -0.092482, 0.995709),
      ["RightFoot"] = CFrame.new(-0.000000, 0.000290, -0.000099, 0.805359, 0.471646, 0.359092, -0.307026, 0.850068, -0.427924, -0.507081, 0.234382, 0.829418),
      ["RightHand"] = CFrame.new(-0.000024, -0.000061, -0.000017, 0.999921, 0.009598, 0.008123, -0.009892, 0.999272, 0.036853, -0.007763, -0.036930, 0.999288),
      ["RightLowerArm"] = CFrame.new(-0.000500, 0.000100, 0.000000, 1.000000, -0.000000, 0.000000, 0.000000, 0.486494, -0.873684, 0.000000, 0.873684, 0.486494),
      ["RightLowerLeg"] = CFrame.new(0.000000, -0.000200, -0.000100, 1.000000, -0.000000, 0.000000, 0.000000, 0.682965, 0.730451, -0.000001, -0.730451, 0.682966),
      ["RightUpperArm"] = CFrame.new(0.053723, -0.331249, -0.345991, 0.670736, 0.029054, 0.741127, 0.513465, 0.702882, -0.492252, -0.535226, 0.710713, 0.456530),
      ["RightUpperLeg"] = CFrame.new(0.000000, 0.000000, 0.000100, 0.805070, -0.578826, -0.129698, 0.432012, 0.721976, -0.540477, 0.406482, 0.379091, 0.831302),
      ["UpperTorso"] = CFrame.new(0.010637, -0.000118, -0.000082, 0.999969, 0.005202, -0.005890, -0.000008, 0.750193, 0.661219, 0.007858, -0.661199, 0.750170)
    }},
    {Time = 1.042, Data = {
      ["Head"] = CFrame.new(0.000000, -0.000000, 0.000000, 0.999836, 0.010463, -0.014805, -0.002079, 0.877428, 0.479704, 0.018009, -0.479594, 0.877305),
      ["LeftFoot"] = CFrame.new(0.000000, 0.000237, 0.000001, 0.647023, -0.290017, -0.705160, 0.341027, 0.937249, -0.072559, 0.681954, -0.193531, 0.705326),
      ["LeftHand"] = CFrame.new(0.000089, 0.000066, -0.000045, 0.967974, -0.021447, -0.250134, 0.104597, 0.940203, 0.324158, 0.228224, -0.339940, 0.912335),
      ["LeftLowerArm"] = CFrame.new(-0.000000, -0.000000, 0.000000, 1.000000, -0.000000, 0.000000, 0.000000, -0.123467, -0.992349, 0.000000, 0.992349, -0.123467),
      ["LeftLowerLeg"] = CFrame.new(-0.000000, -0.000000, -0.000000, 1.000000, 0.000000, -0.000000, 0.000000, 0.873826, 0.486238, 0.000001, -0.486239, 0.873826),
      ["LeftUpperArm"] = CFrame.new(0.000039, -0.000136, -0.000135, 0.922956, -0.207840, -0.323967, 0.273333, 0.946513, 0.171471, 0.271000, -0.246811, 0.930400),
      ["LeftUpperLeg"] = CFrame.new(0.000000, 0.000000, 0.000000, 0.651799, 0.628364, 0.424638, -0.221458, 0.693214, -0.685865, -0.725337, 0.353007, 0.590992),
      ["LowerTorso"] = CFrame.new(-0.016742, -0.419986, 0.198621, 0.999992, -0.002577, 0.003087, 0.002280, 0.995711, 0.092490, -0.003312, -0.092482, 0.995709),
      ["RightFoot"] = CFrame.new(0.000000, 0.000289, -0.000100, 0.807261, 0.469582, 0.357523, -0.309818, 0.852759, -0.420494, -0.502337, 0.228681, 0.833884),
      ["RightHand"] = CFrame.new(-0.000023, -0.000062, -0.000017, 0.999900, 0.000990, 0.014105, -0.001436, 0.999499, 0.031622, -0.014066, -0.031639, 0.999400),
      ["RightLowerArm"] = CFrame.new(-0.000500, 0.000100, 0.000000, 1.000000, -0.000000, 0.000000, 0.000000, 0.492071, -0.870555, 0.000000, 0.870555, 0.492071),
      ["RightLowerLeg"] = CFrame.new(0.000000, -0.000200, -0.000100, 1.000000, -0.000000, 0.000000, 0.000000, 0.695514, 0.718512, -0.000001, -0.718512, 0.695514),
      ["RightUpperArm"] = CFrame.new(0.053722, -0.331250, -0.345994, 0.666735, 0.035589, 0.744445, 0.512494, 0.703332, -0.492621, -0.541123, 0.709971, 0.450696),
      ["RightUpperLeg"] = CFrame.new(0.000000, 0.000000, 0.000100, 0.806973, -0.575089, -0.134410, 0.430095, 0.728224, -0.533581, 0.404737, 0.372777, 0.835000),
      ["UpperTorso"] = CFrame.new(0.010637, -0.000118, -0.000082, 0.999969, 0.005202, -0.005890, -0.000008, 0.750193, 0.661219, 0.007858, -0.661199, 0.750170)
    }},
    {Time = 1.083, Data = {
      ["Head"] = CFrame.new(0.000000, 0.000000, 0.000000, 0.999836, 0.010463, -0.014805, -0.002079, 0.877428, 0.479704, 0.018009, -0.479594, 0.877305),
      ["LeftFoot"] = CFrame.new(0.000000, 0.000197, 0.000000, 0.650050, -0.290434, -0.702199, 0.348681, 0.935057, -0.063960, 0.675172, -0.203266, 0.709102),
      ["LeftHand"] = CFrame.new(0.000086, 0.000065, -0.000044, 0.967944, -0.027959, -0.249605, 0.106383, 0.945878, 0.306589, 0.227524, -0.323315, 0.918532),
      ["LeftLowerArm"] = CFrame.new(-0.000000, -0.000001, 0.000000, 1.000000, -0.000000, 0.000000, 0.000000, -0.107109, -0.994247, 0.000000, 0.994247, -0.107109),
      ["LeftLowerLeg"] = CFrame.new(0.000000, -0.000000, -0.000000, 1.000000, 0.000000, -0.000000, 0.000000, 0.887310, 0.461174, 0.000001, -0.461174, 0.887310),
      ["LeftUpperArm"] = CFrame.new(0.000038, -0.000136, -0.000134, 0.924248, -0.210296, -0.318655, 0.271799, 0.948563, 0.162340, 0.268125, -0.236653, 0.933865),
      ["LeftUpperLeg"] = CFrame.new(-0.000000, 0.000000, -0.000000, 0.654804, 0.619612, 0.432797, -0.222166, 0.705132, -0.673373, -0.722409, 0.344775, 0.599380),
      ["LowerTorso"] = CFrame.new(-0.016747, -0.411707, 0.198628, 0.999992, -0.002577, 0.003087, 0.002280, 0.995711, 0.092490, -0.003312, -0.092482, 0.995709),
      ["RightFoot"] = CFrame.new(-0.000000, 0.000292, -0.000100, 0.809059, 0.467618, 0.356029, -0.312514, 0.855322, -0.413230, -0.497753, 0.223064, 0.838143),
      ["RightHand"] = CFrame.new(-0.000023, -0.000063, -0.000016, 0.999777, -0.007198, 0.019859, 0.006669, 0.999625, 0.026572, -0.020043, -0.026434, 0.999450),
      ["RightLowerArm"] = CFrame.new(-0.000500, 0.000100, 0.000000, 1.000000, 0.000000, 0.000000, 0.000000, 0.497614, -0.867399, 0.000000, 0.867399, 0.497614),
      ["RightLowerLeg"] = CFrame.new(0.000000, -0.000200, -0.000100, 1.000000, -0.000000, 0.000000, 0.000000, 0.707546, 0.706667, -0.000001, -0.706667, 0.707546),
      ["RightUpperArm"] = CFrame.new(0.053720, -0.331250, -0.345997, 0.662890, 0.041934, 0.747542, 0.511556, 0.703678, -0.493100, -0.546706, 0.709280, 0.445010),
      ["RightUpperLeg"] = CFrame.new(0.000000, 0.000000, 0.000100, 0.808773, -0.571468, -0.138964, 0.428271, 0.734213, -0.526798, 0.403077, 0.366545, 0.838554),
      ["UpperTorso"] = CFrame.new(0.010637, -0.000118, -0.000082, 0.999969, 0.005202, -0.005890, -0.000008, 0.750193, 0.661219, 0.007858, -0.661199, 0.750170)
    }},
    {Time = 1.125, Data = {
      ["Head"] = CFrame.new(0.000000, 0.000000, 0.000000, 0.999836, 0.010463, -0.014805, -0.002079, 0.877428, 0.479704, 0.018009, -0.479594, 0.877305),
      ["LeftFoot"] = CFrame.new(0.000000, 0.000174, 0.000000, 0.652852, -0.290817, -0.699435, 0.356121, 0.932794, -0.055442, 0.668552, -0.212888, 0.712543),
      ["LeftHand"] = CFrame.new(0.000082, 0.000064, -0.000043, 0.967895, -0.033951, -0.249051, 0.108016, 0.950861, 0.290164, 0.226962, -0.307750, 0.924001),
      ["LeftLowerArm"] = CFrame.new(0.000000, 0.000000, 0.000001, 1.000000, -0.000000, 0.000000, 0.000000, -0.091841, -0.995774, 0.000000, 0.995774, -0.091841),
      ["LeftLowerLeg"] = CFrame.new(-0.000000, -0.000000, -0.000000, 1.000000, 0.000000, -0.000000, 0.000000, 0.899770, 0.436365, 0.000001, -0.436365, 0.899770),
      ["LeftUpperArm"] = CFrame.new(0.000037, -0.000135, -0.000133, 0.925417, -0.212547, -0.313732, 0.270429, 0.950372, 0.153826, 0.265467, -0.227195, 0.936968),
      ["LeftUpperLeg"] = CFrame.new(-0.000000, 0.000000, 0.000000, 0.657585, 0.611091, 0.440623, -0.222820, 0.716452, -0.661096, -0.719675, 0.336548, 0.607291),
      ["LowerTorso"] = CFrame.new(-0.016750, -0.404035, 0.198634, 0.999992, -0.002577, 0.003087, 0.002280, 0.995711, 0.092490, -0.003312, -0.092482, 0.995709),
      ["RightFoot"] = CFrame.new(-0.000000, 0.000294, -0.000100, 0.810705, 0.465809, 0.354653, -0.315010, 0.857675, -0.406402, -0.493483, 0.217753, 0.842056),
      ["RightHand"] = CFrame.new(-0.000023, -0.000064, -0.000016, 0.999574, -0.014734, 0.025213, 0.014184, 0.999661, 0.021854, -0.025526, -0.021487, 0.999443),
      ["RightLowerArm"] = CFrame.new(-0.000500, 0.000100, 0.000000, 1.000000, -0.000000, -0.000000, 0.000000, 0.502930, -0.864327, 0.000000, 0.864327, 0.502930),
      ["RightLowerLeg"] = CFrame.new(-0.000000, -0.000200, -0.000100, 1.000000, -0.000000, 0.000000, 0.000000, 0.718626, 0.695397, -0.000001, -0.695397, 0.718626),
      ["RightUpperArm"] = CFrame.new(0.053718, -0.331250, -0.345999, 0.659317, 0.047890, 0.750338, 0.510679, 0.703924, -0.493658, -0.551822, 0.708659, 0.439653),
      ["RightUpperLeg"] = CFrame.new(0.000000, 0.000000, 0.000100, 0.810420, -0.568083, -0.143184, 0.426590, 0.739734, -0.520399, 0.401548, 0.360661, 0.841833),
      ["UpperTorso"] = CFrame.new(0.010637, -0.000118, -0.000082, 0.999969, 0.005202, -0.005890, -0.000008, 0.750193, 0.661219, 0.007858, -0.661199, 0.750170)
    }},
    {Time = 1.167, Data = {
      ["Head"] = CFrame.new(0.000000, 0.000000, 0.000000, 0.999836, 0.010463, -0.014805, -0.002079, 0.877428, 0.479704, 0.018009, -0.479594, 0.877305),
      ["LeftFoot"] = CFrame.new(0.000000, 0.000160, 0.000000, 0.655342, -0.291154, -0.696962, 0.363048, 0.930565, -0.047373, 0.662362, -0.221985, 0.715541),
      ["LeftHand"] = CFrame.new(0.000080, 0.000063, -0.000043, 0.967835, -0.039243, -0.248506, 0.109450, 0.955066, 0.275443, 0.226530, -0.293783, 0.928642),
      ["LeftLowerArm"] = CFrame.new(-0.000000, -0.000000, 0.000000, 1.000000, -0.000000, 0.000000, 0.000000, -0.078175, -0.996940, 0.000000, 0.996940, -0.078175),
      ["LeftLowerLeg"] = CFrame.new(-0.000000, -0.000000, -0.000000, 1.000000, 0.000000, -0.000000, 0.000000, 0.910785, 0.412880, 0.000001, -0.412880, 0.910785),
      ["LeftUpperArm"] = CFrame.new(0.000037, -0.000134, -0.000131, 0.926433, -0.214528, -0.309353, 0.269250, 0.951907, 0.146212, 0.263108, -0.218749, 0.939640),
      ["LeftUpperLeg"] = CFrame.new(-0.000000, 0.000000, 0.000000, 0.660056, 0.603142, 0.447823, -0.223400, 0.726760, -0.649548, -0.717229, 0.328694, 0.614444),
      ["LowerTorso"] = CFrame.new(-0.016754, -0.397214, 0.198639, 0.999992, -0.002577, 0.003087, 0.002280, 0.995711, 0.092490, -0.003312, -0.092482, 0.995709),
      ["RightFoot"] = CFrame.new(-0.000000, 0.000296, -0.000100, 0.812153, 0.464209, 0.353437, -0.317248, 0.859755, -0.400218, -0.489654, 0.212911, 0.845522),
      ["RightHand"] = CFrame.new(-0.000022, -0.000065, -0.000015, 0.999321, -0.021391, 0.029988, 0.020869, 0.999627, 0.017632, -0.030354, -0.016995, 0.999395),
      ["RightLowerArm"] = CFrame.new(-0.000500, 0.000100, 0.000000, 1.000000, -0.000000, 0.000000, 0.000000, 0.507796, -0.861478, 0.000000, 0.861478, 0.507796),
      ["RightLowerLeg"] = CFrame.new(0.000000, -0.000200, -0.000100, 1.000000, -0.000000, 0.000000, 0.000000, 0.728484, 0.685062, -0.000001, -0.685063, 0.728485),
      ["RightUpperArm"] = CFrame.new(0.053716, -0.331251, -0.346001, 0.656133, 0.053248, 0.752764, 0.509894, 0.704082, -0.494244, -0.556325, 0.708120, 0.434820),
      ["RightUpperLeg"] = CFrame.new(0.000000, 0.000000, 0.000100, 0.811868, -0.565039, -0.146971, 0.425104, 0.744649, -0.514573, 0.400195, 0.355288, 0.844757),
      ["UpperTorso"] = CFrame.new(0.010637, -0.000118, -0.000082, 0.999969, 0.005202, -0.005890, -0.000008, 0.750193, 0.661219, 0.007858, -0.661199, 0.750170)
    }},
    {Time = 1.208, Data = {
      ["Head"] = CFrame.new(0.000000, 0.000000, -0.000000, 0.999836, 0.010463, -0.014805, -0.002079, 0.877428, 0.479704, 0.018009, -0.479594, 0.877305),
      ["LeftFoot"] = CFrame.new(0.000000, 0.000147, 0.000000, 0.657431, -0.291435, -0.694874, 0.369116, 0.928514, -0.040199, 0.656916, -0.230061, 0.718007),
      ["LeftHand"] = CFrame.new(0.000077, 0.000063, -0.000042, 0.967773, -0.043663, -0.248010, 0.110640, 0.958431, 0.263001, 0.226217, -0.281965, 0.932374),
      ["LeftLowerArm"] = CFrame.new(0.000000, 0.000000, 0.000001, 1.000000, -0.000000, 0.000000, 0.000000, -0.066635, -0.997777, 0.000000, 0.997777, -0.066634),
      ["LeftLowerLeg"] = CFrame.new(0.000000, -0.000000, -0.000000, 1.000000, 0.000000, -0.000000, -0.000000, 0.919963, 0.392006, 0.000001, -0.392006, 0.919963),
      ["LeftUpperArm"] = CFrame.new(0.000036, -0.000134, -0.000131, 0.927271, -0.216178, -0.305673, 0.268289, 0.953143, 0.139785, 0.261131, -0.211628, 0.941820),
      ["LeftUpperLeg"] = CFrame.new(-0.000000, 0.000000, -0.000000, 0.662130, 0.596161, 0.454067, -0.223886, 0.735612, -0.639336, -0.715164, 0.321664, 0.620542),
      ["LowerTorso"] = CFrame.new(-0.016757, -0.391485, 0.198644, 0.999992, -0.002577, 0.003087, 0.002280, 0.995711, 0.092490, -0.003312, -0.092482, 0.995709),
      ["RightFoot"] = CFrame.new(-0.000000, 0.000305, -0.000100, 0.813357, 0.462872, 0.352419, -0.319471, 0.861635, -0.394365, -0.486197, 0.208172, 0.848691),
      ["RightHand"] = CFrame.new(-0.000021, -0.000065, -0.000014, 0.999058, -0.026951, 0.034009, 0.026486, 0.999550, 0.014064, -0.034373, -0.013150, 0.999323),
      ["RightLowerArm"] = CFrame.new(-0.000500, 0.000100, 0.000000, 1.000000, -0.000000, 0.000000, 0.000000, 0.511986, -0.858994, -0.000000, 0.858994, 0.511986),
      ["RightLowerLeg"] = CFrame.new(-0.000000, -0.000200, -0.000100, 1.000000, -0.000000, 0.000000, 0.000000, 0.737888, 0.674923, -0.000001, -0.674923, 0.737888),
      ["RightUpperArm"] = CFrame.new(0.053715, -0.331251, -0.346004, 0.653455, 0.057795, 0.754756, 0.509230, 0.704169, -0.494803, -0.560073, 0.707676, 0.430712),
      ["RightUpperLeg"] = CFrame.new(0.000000, 0.000000, 0.000100, 0.813073, -0.562310, -0.150730, 0.423862, 0.749282, -0.508840, 0.399065, 0.349835, 0.847563),
      ["UpperTorso"] = CFrame.new(0.010637, -0.000118, -0.000082, 0.999969, 0.005202, -0.005890, -0.000008, 0.750193, 0.661219, 0.007858, -0.661199, 0.750170)
    }},
    {Time = 1.250, Data = {
      ["Head"] = CFrame.new(0.000000, 0.000000, 0.000000, 0.999836, 0.010463, -0.014805, -0.002079, 0.877428, 0.479704, 0.018009, -0.479594, 0.877305),
      ["LeftFoot"] = CFrame.new(0.000000, 0.000210, 0.000000, 0.659031, -0.291649, -0.693267, 0.374051, 0.926774, -0.034303, 0.652506, -0.236710, 0.719864),
      ["LeftHand"] = CFrame.new(0.000076, 0.000062, -0.000042, 0.967718, -0.047036, -0.247607, 0.111544, 0.960907, 0.253409, 0.226008, -0.272848, 0.935134),
      ["LeftLowerArm"] = CFrame.new(-0.000000, 0.000000, 0.000000, 1.000000, -0.000000, 0.000000, 0.000000, -0.057745, -0.998331, 0.000000, 0.998331, -0.057745),
      ["LeftLowerLeg"] = CFrame.new(-0.000000, -0.000000, 0.000000, 1.000000, 0.000000, -0.000000, -0.000000, 0.927078, 0.374869, 0.000001, -0.374869, 0.927078),
      ["LeftUpperArm"] = CFrame.new(0.000036, -0.000134, -0.000130, 0.927904, -0.217433, -0.302849, 0.267570, 0.954057, 0.134838, 0.259618, -0.206150, 0.943452),
      ["LeftUpperLeg"] = CFrame.new(-0.000000, 0.000000, -0.000000, 0.663718, 0.590505, 0.459110, -0.224257, 0.742659, -0.631004, -0.713573, 0.315850, 0.625342),
      ["LowerTorso"] = CFrame.new(-0.016759, -0.387093, 0.198647, 0.999992, -0.002577, 0.003087, 0.002280, 0.995711, 0.092490, -0.003312, -0.092482, 0.995709),
      ["RightFoot"] = CFrame.new(-0.000000, 0.000312, -0.000100, 0.814274, 0.461851, 0.351643, -0.321177, 0.863064, -0.389828, -0.483532, 0.204488, 0.851106),
      ["RightHand"] = CFrame.new(-0.000021, -0.000066, -0.000014, 0.998825, -0.031194, 0.037100, 0.030794, 0.999462, 0.011313, -0.037433, -0.010157, 0.999248),
      ["RightLowerArm"] = CFrame.new(-0.000500, 0.000100, 0.000000, 1.000000, 0.000000, 0.000000, 0.000000, 0.515265, -0.857031, -0.000000, 0.857031, 0.515264),
      ["RightLowerLeg"] = CFrame.new(-0.000000, -0.000200, -0.000100, 1.000000, -0.000000, 0.000000, 0.000000, 0.745051, 0.667007, -0.000001, -0.667007, 0.745052),
      ["RightUpperArm"] = CFrame.new(0.053714, -0.331251, -0.346005, 0.651399, 0.061311, 0.756254, 0.508719, 0.704207, -0.495275, -0.562925, 0.707342, 0.427530),
      ["RightUpperLeg"] = CFrame.new(0.000000, 0.000000, 0.000100, 0.813990, -0.560200, -0.153609, 0.422913, 0.752815, -0.504394, 0.398201, 0.345609, 0.849700),
      ["UpperTorso"] = CFrame.new(0.010637, -0.000118, -0.000082, 0.999969, 0.005202, -0.005890, -0.000008, 0.750193, 0.661219, 0.007858, -0.661199, 0.750170)
    }},
    {Time = 1.292, Data = {
      ["Head"] = CFrame.new(0.000000, 0.000000, 0.000000, 0.999836, 0.010463, -0.014805, -0.002079, 0.877428, 0.479704, 0.018009, -0.479594, 0.877305),
      ["LeftFoot"] = CFrame.new(0.000000, 0.000167, 0.000000, 0.660056, -0.291785, -0.692234, 0.377175, 0.925639, -0.030527, 0.649666, -0.240944, 0.721027),
      ["LeftHand"] = CFrame.new(0.000074, 0.000062, -0.000041, 0.967680, -0.049190, -0.247338, 0.112119, 0.962445, 0.247244, 0.225887, -0.266985, 0.936854),
      ["LeftLowerArm"] = CFrame.new(0.000000, -0.000000, 0.000000, 1.000000, -0.000000, 0.000000, 0.000000, -0.052033, -0.998645, 0.000000, 0.998645, -0.052033),
      ["LeftLowerLeg"] = CFrame.new(-0.000000, -0.000000, 0.000000, 1.000000, 0.000000, -0.000000, 0.000000, 0.931446, 0.363879, 0.000001, -0.363879, 0.931446),
      ["LeftUpperArm"] = CFrame.new(0.000036, -0.000133, -0.000129, 0.928305, -0.218232, -0.301041, 0.267116, 0.954628, 0.131659, 0.258649, -0.202633, 0.944479),
      ["LeftUpperLeg"] = CFrame.new(0.000000, 0.000000, -0.000000, 0.664735, 0.586879, 0.462277, -0.224495, 0.747098, -0.625656, -0.712551, 0.312117, 0.628374),
      ["LowerTorso"] = CFrame.new(-0.016760, -0.384279, 0.198649, 0.999992, -0.002577, 0.003087, 0.002280, 0.995711, 0.092490, -0.003312, -0.092482, 0.995709),
      ["RightFoot"] = CFrame.new(0.000000, 0.000317, -0.000100, 0.814858, 0.461198, 0.351146, -0.322270, 0.863973, -0.386901, -0.481819, 0.202105, 0.852645),
      ["RightHand"] = CFrame.new(-0.000021, -0.000066, -0.000014, 0.998661, -0.033904, 0.039082, 0.033555, 0.999391, 0.009544, -0.039382, -0.008220, 0.999190),
      ["RightLowerArm"] = CFrame.new(-0.000500, 0.000100, 0.000000, 1.000000, -0.000000, 0.000000, 0.000000, 0.517392, -0.855748, 0.000000, 0.855748, 0.517392),
      ["RightLowerLeg"] = CFrame.new(-0.000000, -0.000200, -0.000100, 1.000000, -0.000000, 0.000000, 0.000000, 0.749616, 0.661873, -0.000001, -0.661873, 0.749616),
      ["RightUpperArm"] = CFrame.new(0.053713, -0.331251, -0.346005, 0.650081, 0.063576, 0.757201, 0.508390, 0.704219, -0.495596, -0.564743, 0.707130, 0.425478),
      ["RightUpperLeg"] = CFrame.new(0.000000, 0.000000, 0.000100, 0.814574, -0.558841, -0.155452, 0.422307, 0.755070, -0.501524, 0.397650, 0.342880, 0.851063),
      ["UpperTorso"] = CFrame.new(0.010637, -0.000118, -0.000082, 0.999969, 0.005202, -0.005890, -0.000008, 0.750193, 0.661219, 0.007858, -0.661199, 0.750170)
    }},
    {Time = 1.333, Data = {
      ["Head"] = CFrame.new(0.000000, 0.000000, 0.000000, 0.999836, 0.010463, -0.014805, -0.002079, 0.877428, 0.479704, 0.018009, -0.479594, 0.877305),
      ["LeftFoot"] = CFrame.new(0.000000, 0.000182, 0.000000, 0.660417, -0.291834, -0.691869, 0.378339, 0.925209, -0.029117, 0.648620, -0.242532, 0.721436),
      ["LeftHand"] = CFrame.new(0.000074, 0.000062, -0.000041, 0.967666, -0.049948, -0.247241, 0.112321, 0.962978, 0.245066, 0.225847, -0.264912, 0.937451),
      ["LeftLowerArm"] = CFrame.new(0.000000, -0.000000, 0.000000, 1.000000, -0.000000, 0.000000, 0.000000, -0.050016, -0.998748, 0.000000, 0.998748, -0.050016),
      ["LeftLowerLeg"] = CFrame.new(0.000000, -0.000000, -0.000000, 1.000000, 0.000000, -0.000000, -0.000000, 0.933036, 0.359783, 0.000001, -0.359783, 0.933036),
      ["LeftUpperArm"] = CFrame.new(0.000036, -0.000133, -0.000129, 0.928445, -0.218514, -0.300402, 0.266959, 0.954826, 0.130537, 0.258308, -0.201392, 0.944838),
      ["LeftUpperLeg"] = CFrame.new(-0.000000, 0.000000, -0.000000, 0.665094, 0.585541, 0.463456, -0.224579, 0.748729, -0.623674, -0.712190, 0.310719, 0.629476),
      ["LowerTorso"] = CFrame.new(-0.016761, -0.383288, 0.198650, 0.999992, -0.002577, 0.003087, 0.002280, 0.995711, 0.092490, -0.003312, -0.092482, 0.995709),
      ["RightFoot"] = CFrame.new(0.000000, 0.000318, -0.000100, 0.815063, 0.460969, 0.350972, -0.322655, 0.864293, -0.385864, -0.481214, 0.201261, 0.853187),
      ["RightHand"] = CFrame.new(-0.000021, -0.000066, -0.000014, 0.998600, -0.034856, 0.039782, 0.034528, 0.999364, 0.008920, -0.040067, -0.007534, 0.999169),
      ["RightLowerArm"] = CFrame.new(-0.000500, 0.000100, 0.000000, 1.000000, -0.000000, 0.000000, 0.000000, 0.518148, -0.855291, 0.000000, 0.855291, 0.518148),
      ["RightLowerLeg"] = CFrame.new(-0.000000, -0.000200, -0.000100, 1.000000, -0.000000, 0.000000, 0.000000, 0.751221, 0.660050, -0.000001, -0.660051, 0.751221),
      ["RightUpperArm"] = CFrame.new(0.053713, -0.331251, -0.346006, 0.649616, 0.064377, 0.757532, 0.508274, 0.704221, -0.495713, -0.565382, 0.707056, 0.424752),
      ["RightUpperLeg"] = CFrame.new(0.000000, -0.000000, 0.000100, 0.814780, -0.558360, -0.156102, 0.422094, 0.755863, -0.500508, 0.397456, 0.341914, 0.851542),
      ["UpperTorso"] = CFrame.new(0.010637, -0.000118, -0.000082, 0.999969, 0.005202, -0.005890, -0.000008, 0.750193, 0.661219, 0.007858, -0.661199, 0.750170)
    }}
  }
}