return {
  ["KeyframeSequence_9"] = {
    {Time = 0.000, Data = {
      ["Head"] = CFrame.new(0.494276, -4.588435, 0.093660, 0.982145, -0.169076, 0.082487, 0.165524, 0.985027, 0.048200, -0.089402, -0.033686, 0.995426),
      ["LeftFoot"] = CFrame.new(0.000000, 0.031986, -0.000001, 0.999766, 0.019888, -0.008477, -0.021437, 0.962756, -0.269532, 0.002801, 0.269639, 0.962954),
      ["LeftHand"] = CFrame.new(0.000490, 0.014534, -0.000000, 0.884869, -0.061325, -0.461787, 0.292968, 0.843979, 0.449302, 0.362183, -0.532858, 0.764775),
      ["LeftLowerArm"] = CFrame.new(-0.000500, 0.058335, 0.010415, 1.000000, -0.000000, -0.000000, 0.000000, 0.892825, -0.450404, 0.000000, 0.450404, 0.892825),
      ["LeftLowerLeg"] = CFrame.new(0.000000, 0.125574, -0.089171, 1.000000, -0.000000, -0.000000, 0.000000, 0.076234, 0.997091, -0.000000, -0.997090, 0.076220),
      ["LeftUpperArm"] = CFrame.new(-0.045694, -0.154289, -0.118165, 0.439253, 0.833499, 0.335165, -0.808977, 0.529225, -0.255884, -0.390657, -0.158742, 0.906746),
      ["LeftUpperLeg"] = CFrame.new(-0.010342, 0.096806, -0.060993, 0.995455, 0.095205, -0.002125, -0.034333, 0.337970, -0.940523, -0.088825, 0.936329, 0.339723),
      ["LowerTorso"] = CFrame.new(0.044439, 0.733259, 0.046428, 0.996728, -0.075996, 0.027514, 0.076536, 0.996884, -0.019110, -0.025976, 0.021153, 0.999439),
      ["RightFoot"] = CFrame.new(0.000000, 0.008308, -0.000103, 0.921841, 0.387049, 0.020178, -0.318458, 0.786101, -0.529767, -0.220894, 0.481910, 0.847903),
      ["RightHand"] = CFrame.new(-0.000497, 0.003483, 0.000000, 0.941706, 0.009810, -0.336297, 0.174663, 0.840064, 0.513603, 0.287547, -0.542398, 0.789377),
      ["RightLowerArm"] = CFrame.new(-0.000001, 0.018436, 0.001108, 1.000000, 0.000000, 0.000000, -0.000000, 0.988584, -0.150668, -0.000000, 0.150668, 0.988584),
      ["RightLowerLeg"] = CFrame.new(-0.000000, 0.038145, -0.004611, 1.000000, 0.000000, -0.000000, -0.000000, 0.953091, 0.302670, 0.000000, -0.302684, 0.953095),
      ["RightUpperArm"] = CFrame.new(-0.071740, -0.124486, 0.094820, 0.602046, -0.798297, 0.016180, 0.795653, 0.601503, 0.071627, -0.066912, -0.030248, 0.997300),
      ["RightUpperLeg"] = CFrame.new(0.002462, 0.084940, -0.050236, 0.982109, 0.169570, -0.081898, -0.167521, 0.985371, 0.031333, 0.086013, -0.017038, 0.996148),
      ["UpperTorso"] = CFrame.new(-0.039498, 0.006536, -0.027142, 0.968894, 0.246349, -0.023605, -0.245989, 0.969121, 0.017132, 0.027096, -0.010793, 0.999575)
    }},
    {Time = 0.033, Data = {
      ["Head"] = CFrame.new(0.460933, -4.569024, 0.093457, 0.985618, -0.153873, 0.069859, 0.145128, 0.982522, 0.116565, -0.086574, -0.104750, 0.990723),
      ["LeftFoot"] = CFrame.new(-0.000000, 0.031352, -0.000001, 0.999600, -0.023660, -0.015503, 0.020100, 0.979749, -0.199224, 0.019901, 0.198825, 0.979831),
      ["LeftHand"] = CFrame.new(0.000490, 0.014799, -0.000000, 0.885098, -0.052823, -0.462400, 0.287335, 0.843600, 0.453631, 0.366115, -0.534368, 0.761843),
      ["LeftLowerArm"] = CFrame.new(-0.000501, 0.059427, 0.010842, 1.000000, -0.000000, -0.000000, 0.000000, 0.888416, -0.459039, 0.000000, 0.459039, 0.888416),
      ["LeftLowerLeg"] = CFrame.new(0.000000, 0.124439, -0.081870, 1.000000, -0.000000, -0.000000, 0.000000, 0.152222, 0.988348, -0.000000, -0.988346, 0.152208),
      ["LeftUpperArm"] = CFrame.new(-0.045670, -0.153679, -0.119399, 0.439302, 0.831327, 0.340454, -0.807754, 0.531386, -0.255270, -0.393125, -0.162861, 0.904947),
      ["LeftUpperLeg"] = CFrame.new(-0.010342, 0.096806, -0.060993, 0.995394, 0.092532, 0.025076, -0.013681, 0.395969, -0.918153, -0.094888, 0.913590, 0.395431),
      ["LowerTorso"] = CFrame.new(0.036197, 0.726624, 0.046403, 0.997662, -0.062702, 0.027184, 0.063243, 0.997807, -0.019540, -0.025899, 0.021214, 0.999439),
      ["RightFoot"] = CFrame.new(0.000000, 0.010253, -0.000103, 0.924280, 0.381230, 0.019372, -0.305026, 0.768143, -0.562976, -0.229489, 0.514413, 0.826246),
      ["RightHand"] = CFrame.new(-0.000497, 0.003792, -0.000000, 0.942020, 0.017139, -0.335122, 0.170775, 0.835201, 0.522761, 0.288851, -0.549678, 0.783846),
      ["RightLowerArm"] = CFrame.new(-0.000000, 0.020316, 0.001359, 1.000000, 0.000000, 0.000000, 0.000000, 0.986032, -0.166559, -0.000000, 0.166559, 0.986031),
      ["RightLowerLeg"] = CFrame.new(-0.000000, 0.048930, -0.007938, 1.000000, 0.000000, 0.000000, -0.000000, 0.919344, 0.393444, 0.000000, -0.393454, 0.919348),
      ["RightUpperArm"] = CFrame.new(-0.069966, -0.125686, 0.096417, 0.598498, -0.801044, 0.011303, 0.798051, 0.597377, 0.079090, -0.070107, -0.038315, 0.996803),
      ["RightUpperLeg"] = CFrame.new(0.002462, 0.084939, -0.050236, 0.985010, 0.149374, -0.086267, -0.151521, 0.988274, -0.018847, 0.082439, 0.031653, 0.996094),
      ["UpperTorso"] = CFrame.new(-0.039342, 0.009929, -0.027207, 0.973961, 0.225499, -0.023441, -0.225133, 0.974175, 0.017245, 0.026724, -0.011518, 0.999576)
    }},
    {Time = 0.067, Data = {
      ["Head"] = CFrame.new(0.375345, -4.515086, 0.092932, 0.992847, -0.111710, 0.042144, 0.094045, 0.949170, 0.300386, -0.073558, -0.294274, 0.952886),
      ["LeftFoot"] = CFrame.new(0.000000, 0.029215, -0.000002, 0.990215, -0.135485, -0.033440, 0.135013, 0.990714, -0.016022, 0.035298, 0.011353, 0.999312),
      ["LeftHand"] = CFrame.new(0.000489, 0.015469, -0.000000, 0.885393, -0.029919, -0.463881, 0.271830, 0.842839, 0.464473, 0.377078, -0.537334, 0.754373),
      ["LeftLowerArm"] = CFrame.new(-0.000500, 0.062143, 0.011946, 1.000000, -0.000000, -0.000000, 0.000000, 0.877011, -0.480470, 0.000000, 0.480470, 0.877011),
      ["LeftLowerLeg"] = CFrame.new(0.000000, 0.118382, -0.063256, 1.000000, -0.000000, -0.000000, 0.000000, 0.345853, 0.938294, -0.000000, -0.938289, 0.345840),
      ["LeftUpperArm"] = CFrame.new(-0.045737, -0.152115, -0.122650, 0.439169, 0.825836, 0.353731, -0.804629, 0.536698, -0.254023, -0.399628, -0.173062, 0.900193),
      ["LeftUpperLeg"] = CFrame.new(-0.010342, 0.096806, -0.060993, 0.995653, 0.060811, 0.070556, 0.027583, 0.531004, -0.846908, -0.088967, 0.845184, 0.527037),
      ["LowerTorso"] = CFrame.new(0.014865, 0.709784, 0.046345, 0.999220, -0.029422, 0.026338, 0.029968, 0.999339, -0.020586, -0.025715, 0.021359, 0.999441),
      ["RightFoot"] = CFrame.new(-0.000000, 0.014310, -0.000103, 0.930474, 0.365961, 0.017263, -0.274384, 0.727324, -0.629080, -0.242758, 0.580579, 0.777149),
      ["RightHand"] = CFrame.new(-0.000497, 0.004455, 0.000000, 0.942629, 0.038000, -0.331674, 0.158364, 0.823709, 0.544452, 0.293889, -0.565738, 0.770431),
      ["RightLowerArm"] = CFrame.new(-0.000001, 0.024459, 0.002010, 1.000000, -0.000000, 0.000000, -0.000000, 0.979418, -0.201843, -0.000000, 0.201842, 0.979418),
      ["RightLowerLeg"] = CFrame.new(0.000000, 0.070813, -0.018096, 1.000000, 0.000000, 0.000000, -0.000000, 0.815851, 0.578261, 0.000000, -0.578262, 0.815852),
      ["RightUpperArm"] = CFrame.new(-0.064766, -0.129111, 0.100959, 0.588097, -0.808789, 0.001084, 0.804904, 0.585402, 0.097128, -0.079191, -0.056248, 0.995271),
      ["RightUpperLeg"] = CFrame.new(0.002462, 0.084939, -0.050236, 0.991208, 0.099296, -0.087447, -0.110110, 0.985507, -0.129023, 0.073368, 0.137538, 0.987778),
      ["UpperTorso"] = CFrame.new(-0.039380, 0.018428, -0.027384, 0.985006, 0.170973, -0.023040, -0.170594, 0.985185, 0.017533, 0.025696, -0.013340, 0.999581)
    }},
    {Time = 0.100, Data = {
      ["Head"] = CFrame.new(0.259177, -4.433070, 0.092214, 0.998646, -0.048833, 0.017929, 0.030773, 0.832437, 0.553265, -0.041943, -0.551964, 0.832812),
      ["LeftFoot"] = CFrame.new(-0.000000, 0.024227, -0.000002, 0.956632, -0.285613, -0.057276, 0.291139, 0.930928, 0.220494, -0.009657, -0.227594, 0.973705),
      ["LeftHand"] = CFrame.new(0.000490, 0.016321, 0.000000, 0.884998, 0.003110, -0.465587, 0.248585, 0.842371, 0.478143, 0.393681, -0.538890, 0.744720),
      ["LeftLowerArm"] = CFrame.new(-0.000500, 0.065523, 0.013403, 1.000000, -0.000000, -0.000000, 0.000000, 0.861930, -0.507028, 0.000000, 0.507028, 0.861930),
      ["LeftLowerLeg"] = CFrame.new(-0.000000, 0.101746, -0.039333, 1.000000, -0.000000, -0.000000, 0.000000, 0.594532, 0.804078, -0.000000, -0.804072, 0.594524),
      ["LeftUpperArm"] = CFrame.new(-0.046220, -0.150115, -0.127148, 0.438202, 0.818971, 0.370494, -0.800628, 0.542982, -0.253309, -0.408624, -0.185627, 0.893627),
      ["LeftUpperLeg"] = CFrame.new(-0.010342, 0.096806, -0.060993, 0.997080, -0.016734, 0.074511, 0.065800, 0.683465, -0.726997, -0.038760, 0.729792, 0.682586),
      ["LowerTorso"] = CFrame.new(-0.014441, 0.687317, 0.046275, 0.999586, 0.013886, 0.025201, -0.013336, 0.999672, -0.021879, -0.025496, 0.021534, 0.999443),
      ["RightFoot"] = CFrame.new(0.000000, 0.021952, -0.000103, 0.938401, 0.345258, 0.014418, -0.241068, 0.683987, -0.688533, -0.247567, 0.642619, 0.725062),
      ["RightHand"] = CFrame.new(-0.000498, 0.005079, 0.000000, 0.942732, 0.071095, -0.325889, 0.135690, 0.810785, 0.569403, 0.304705, -0.581010, 0.754703),
      ["RightLowerArm"] = CFrame.new(-0.000000, 0.028494, 0.002775, 1.000000, 0.000000, 0.000000, -0.000000, 0.971639, -0.236469, -0.000000, 0.236468, 0.971639),
      ["RightLowerLeg"] = CFrame.new(0.000000, 0.094104, -0.032825, 1.000000, 0.000000, 0.000000, -0.000000, 0.663266, 0.748389, 0.000000, -0.748383, 0.663260),
      ["RightUpperArm"] = CFrame.new(-0.056106, -0.134536, 0.108160, 0.570778, -0.821072, -0.007266, 0.815753, 0.566027, 0.118996, -0.093592, -0.073847, 0.992868),
      ["RightUpperLeg"] = CFrame.new(0.002463, 0.084940, -0.050236, 0.996700, 0.035656, -0.072928, -0.052655, 0.967714, -0.246468, 0.061785, 0.249518, 0.966403),
      ["UpperTorso"] = CFrame.new(-0.040342, 0.029471, -0.027641, 0.995228, 0.094942, -0.022536, -0.094549, 0.995359, 0.017924, 0.024133, -0.015708, 0.999585)
    }},
    {Time = 0.133, Data = {
      ["Head"] = CFrame.new(0.134090, -4.329417, 0.091429, 0.999741, 0.018814, 0.012839, -0.021576, 0.601586, 0.798516, 0.007299, -0.798586, 0.601836),
      ["LeftFoot"] = CFrame.new(-0.000000, 0.014422, -0.000003, 0.902145, -0.424143, -0.078995, 0.415246, 0.803936, 0.425762, -0.117072, -0.416880, 0.901380),
      ["LeftHand"] = CFrame.new(0.000488, 0.017152, -0.000000, 0.883301, 0.041818, -0.466940, 0.219884, 0.842708, 0.491424, 0.414042, -0.536744, 0.735167),
      ["LeftLowerArm"] = CFrame.new(-0.000500, 0.068736, 0.014878, 1.000000, -0.000000, -0.000000, 0.000000, 0.846652, -0.532148, 0.000000, 0.532147, 0.846652),
      ["LeftLowerLeg"] = CFrame.new(-0.000000, 0.072154, -0.018608, 1.000000, -0.000000, -0.000000, 0.000000, 0.809560, 0.587036, -0.000000, -0.587037, 0.809561),
      ["LeftUpperArm"] = CFrame.new(-0.047494, -0.148229, -0.132135, 0.435655, 0.812828, 0.386672, -0.796857, 0.548055, -0.254272, -0.418597, -0.197347, 0.886471),
      ["LeftUpperLeg"] = CFrame.new(-0.010342, 0.096806, -0.060993, 0.994332, -0.104213, 0.021076, 0.096796, 0.805240, -0.584980, 0.043991, 0.583719, 0.810774),
      ["LowerTorso"] = CFrame.new(-0.046566, 0.663349, 0.046212, 0.998075, 0.057169, 0.024025, -0.056616, 0.998129, -0.023096, -0.025301, 0.021691, 0.999445),
      ["RightFoot"] = CFrame.new(0.000000, 0.027361, -0.000103, 0.946356, 0.322935, 0.011369, -0.210211, 0.641995, -0.737350, -0.245400, 0.695381, 0.675415),
      ["RightHand"] = CFrame.new(-0.000497, 0.005324, -0.000000, 0.941238, 0.114689, -0.317677, 0.100858, 0.802220, 0.588451, 0.322333, -0.585909, 0.743510),
      ["RightLowerArm"] = CFrame.new(0.000000, 0.030109, 0.003120, 1.000000, 0.000000, 0.000000, -0.000000, 0.968144, -0.250393, -0.000000, 0.250393, 0.968144),
      ["RightLowerLeg"] = CFrame.new(-0.000000, 0.111254, -0.051148, 1.000000, 0.000000, 0.000000, -0.000000, 0.472774, 0.881190, 0.000000, -0.881184, 0.472761),
      ["RightUpperArm"] = CFrame.new(-0.044038, -0.141542, 0.117661, 0.546642, -0.837344, -0.006111, 0.829762, 0.540682, 0.138412, -0.112595, -0.080732, 0.990356),
      ["RightUpperLeg"] = CFrame.new(0.002463, 0.084939, -0.050236, 0.998669, -0.028424, -0.043029, 0.010910, 0.931953, -0.362392, 0.050402, 0.361464, 0.931032),
      ["UpperTorso"] = CFrame.new(-0.042335, 0.040442, -0.027927, 0.999703, 0.010371, -0.022045, -0.009967, 0.999782, 0.018346, 0.022231, -0.018120, 0.999589)
    }},
    {Time = 0.167, Data = {
      ["Head"] = CFrame.new(0.021747, -4.210576, 0.090707, 0.997324, 0.067685, 0.027624, -0.045827, 0.284427, 0.957602, 0.056958, -0.956306, 0.286768),
      ["LeftFoot"] = CFrame.new(-0.000000, 0.009268, -0.000003, 0.874135, -0.477775, -0.087322, 0.441927, 0.707845, 0.551071, -0.201465, -0.520275, 0.829877),
      ["LeftHand"] = CFrame.new(0.000488, 0.017868, 0.000000, 0.880126, 0.082013, -0.467604, 0.188099, 0.844113, 0.502092, 0.435885, -0.529856, 0.727496),
      ["LeftLowerArm"] = CFrame.new(-0.000500, 0.071271, 0.016075, 1.000000, -0.000000, -0.000000, -0.000000, 0.834210, -0.551447, 0.000000, 0.551447, 0.834210),
      ["LeftLowerLeg"] = CFrame.new(0.000000, 0.044767, -0.006371, 1.000000, -0.000000, -0.000000, 0.000000, 0.934241, 0.356632, -0.000000, -0.356643, 0.934245),
      ["LeftUpperArm"] = CFrame.new(-0.049853, -0.146932, -0.136986, 0.430936, 0.809229, 0.399303, -0.794262, 0.550172, -0.257794, -0.428300, -0.206058, 0.879829),
      ["LeftUpperLeg"] = CFrame.new(-0.010342, 0.096807, -0.060993, 0.987603, -0.155952, -0.017876, 0.130659, 0.879808, -0.457006, 0.086999, 0.449018, 0.889284),
      ["LowerTorso"] = CFrame.new(-0.076368, 0.641353, 0.046169, 0.995638, 0.090394, 0.023098, -0.089841, 0.995667, -0.023980, -0.025165, 0.021800, 0.999446),
      ["RightFoot"] = CFrame.new(0.000000, 0.030402, -0.000102, 0.953517, 0.301232, 0.008422, -0.186287, 0.611194, -0.769267, -0.236861, 0.731916, 0.638872),
      ["RightHand"] = CFrame.new(-0.000497, 0.004924, 0.000000, 0.937100, 0.165770, -0.307190, 0.052772, 0.802647, 0.594119, 0.345049, -0.572956, 0.743409),
      ["RightLowerArm"] = CFrame.new(-0.000000, 0.027474, 0.002569, 1.000000, 0.000000, 0.000000, -0.000000, 0.973732, -0.227697, -0.000000, 0.227697, 0.973732),
      ["RightLowerLeg"] = CFrame.new(0.000000, 0.121005, -0.070041, 1.000000, 0.000000, 0.000000, -0.000000, 0.276246, 0.961091, 0.000000, -0.961087, 0.276231),
      ["RightUpperArm"] = CFrame.new(-0.029076, -0.149385, 0.128855, 0.516717, -0.856085, 0.011051, 0.845449, 0.512247, 0.151061, -0.134982, -0.068712, 0.988463),
      ["RightUpperLeg"] = CFrame.new(0.002463, 0.084940, -0.050236, 0.996779, -0.080087, -0.004153, 0.068983, 0.882668, -0.464884, 0.040897, 0.463123, 0.885362),
      ["UpperTorso"] = CFrame.new(-0.044567, 0.048790, -0.028163, 0.997374, -0.069113, -0.021654, 0.069522, 0.997405, 0.018724, 0.020304, -0.020180, 0.999590)
    }},
    {Time = 0.200, Data = {
      ["Head"] = CFrame.new(-0.056187, -4.082990, 0.090173, 0.995741, 0.079931, 0.045950, -0.041834, -0.052429, 0.997748, 0.082161, -0.995421, -0.048862),
      ["LeftFoot"] = CFrame.new(-0.000000, 0.006685, -0.000003, 0.888626, -0.451036, -0.083175, 0.413216, 0.708668, 0.571900, -0.198989, -0.542547, 0.816096),
      ["LeftHand"] = CFrame.new(0.000488, 0.018391, 0.000000, 0.875774, 0.120152, -0.467531, 0.155696, 0.846460, 0.509183, 0.456923, -0.518718, 0.722597),
      ["LeftLowerArm"] = CFrame.new(-0.000501, 0.072896, 0.016833, 1.000000, -0.000000, -0.000000, 0.000000, 0.826295, -0.563237, 0.000000, 0.563237, 0.826295),
      ["LeftLowerLeg"] = CFrame.new(0.000000, 0.030703, -0.002743, 1.000000, -0.000000, -0.000000, 0.000000, 0.970992, 0.239098, -0.000000, -0.239114, 0.970995),
      ["LeftUpperArm"] = CFrame.new(-0.053402, -0.146503, -0.141280, 0.423838, 0.809159, 0.406968, -0.793404, 0.548416, -0.264102, -0.436889, -0.210953, 0.874430),
      ["LeftUpperLeg"] = CFrame.new(-0.010342, 0.096806, -0.060993, 0.983749, -0.179518, 0.003189, 0.167207, 0.909520, -0.380534, 0.065413, 0.374895, 0.924761),
      ["LowerTorso"] = CFrame.new(-0.098751, 0.624350, 0.046153, 0.994353, 0.103659, 0.022721, -0.103105, 0.994373, -0.024321, -0.025115, 0.021841, 0.999446),
      ["RightFoot"] = CFrame.new(-0.000000, 0.032027, -0.000102, 0.960095, 0.279627, 0.005506, -0.170437, 0.600592, -0.781201, -0.221739, 0.749065, 0.624255),
      ["RightHand"] = CFrame.new(-0.000498, 0.003539, -0.000000, 0.929835, 0.219927, -0.295027, -0.008987, 0.815083, 0.579277, 0.367867, -0.535977, 0.759866),
      ["RightLowerArm"] = CFrame.new(0.000000, 0.018778, 0.001152, 1.000000, 0.000000, 0.000000, -0.000000, 0.988141, -0.153549, -0.000000, 0.153548, 0.988141),
      ["RightLowerLeg"] = CFrame.new(0.000000, 0.125075, -0.086667, 1.000000, 0.000000, 0.000000, -0.000000, 0.103299, 0.994652, 0.000000, -0.994650, 0.103285),
      ["RightUpperArm"] = CFrame.new(-0.012366, -0.157113, 0.140835, 0.483298, -0.873991, 0.050624, 0.860907, 0.484969, 0.153768, -0.158943, -0.030733, 0.986809),
      ["RightUpperLeg"] = CFrame.new(0.002463, 0.084939, -0.050236, 0.993625, -0.108347, 0.031156, 0.107531, 0.827785, -0.550624, 0.033869, 0.550485, 0.834171),
      ["UpperTorso"] = CFrame.new(-0.045628, 0.052098, -0.028262, 0.991288, -0.129961, -0.021422, 0.130371, 0.991284, 0.018985, 0.018768, -0.021612, 0.999590)
    }},
    {Time = 0.233, Data = {
      ["Head"] = CFrame.new(-0.099708, -3.953915, 0.089906, 0.996168, 0.053623, 0.069100, -0.045343, -0.358973, 0.932246, 0.074795, -0.931806, -0.355165),
      ["LeftFoot"] = CFrame.new(-0.000000, 0.006078, -0.000003, 0.910699, -0.405994, -0.076165, 0.383830, 0.763585, 0.519267, -0.152649, -0.502102, 0.851212),
      ["LeftHand"] = CFrame.new(0.000488, 0.018611, -0.000000, 0.870868, 0.153618, -0.466897, 0.125139, 0.849309, 0.512853, 0.475320, -0.505051, 0.720408),
      ["LeftLowerArm"] = CFrame.new(-0.000500, 0.073572, 0.017155, 1.000000, -0.000000, -0.000000, 0.000000, 0.822930, -0.568143, 0.000000, 0.568143, 0.822930),
      ["LeftLowerLeg"] = CFrame.new(-0.000000, 0.027549, -0.002148, 1.000000, -0.000000, 0.000000, 0.000000, 0.977019, 0.213138, -0.000000, -0.213154, 0.977022),
      ["LeftUpperArm"] = CFrame.new(-0.057964, -0.146961, -0.144798, 0.414715, 0.812476, 0.409748, -0.794319, 0.542915, -0.272581, -0.443925, -0.212427, 0.870520),
      ["LeftUpperLeg"] = CFrame.new(-0.010342, 0.096806, -0.060993, 0.980739, -0.190725, 0.042121, 0.193754, 0.922714, -0.333242, 0.024693, 0.334996, 0.941900),
      ["LowerTorso"] = CFrame.new(-0.112740, 0.611494, 0.046171, 0.994985, 0.097355, 0.022946, -0.096801, 0.995011, -0.024135, -0.025181, 0.021793, 0.999445),
      ["RightFoot"] = CFrame.new(0.000000, 0.032898, -0.000101, 0.966088, 0.258207, 0.002631, -0.161320, 0.611494, -0.774652, -0.201617, 0.747933, 0.632382),
      ["RightHand"] = CFrame.new(-0.000500, 0.000277, -0.000000, 0.919954, 0.272049, -0.282271, -0.084504, 0.840708, 0.534857, 0.382811, -0.468187, 0.796399),
      ["RightLowerArm"] = CFrame.new(-0.000001, 0.001281, 0.000003, 1.000000, 0.000000, 0.000000, -0.000000, 0.999949, -0.010063, -0.000000, 0.010063, 0.999949),
      ["RightLowerLeg"] = CFrame.new(0.000000, 0.125848, -0.100283, 1.000000, 0.000000, 0.000000, -0.000000, -0.038337, 0.999264, 0.000000, -0.999265, -0.038349),
      ["RightUpperArm"] = CFrame.new(0.004443, -0.163853, 0.152519, 0.449680, -0.885026, 0.120482, 0.874386, 0.463723, 0.142868, -0.182312, 0.041104, 0.982381),
      ["RightUpperLeg"] = CFrame.new(0.002462, 0.084939, -0.050236, 0.991842, -0.114972, 0.055050, 0.123993, 0.769917, -0.625964, 0.029585, 0.627701, 0.777906),
      ["UpperTorso"] = CFrame.new(-0.045240, 0.051864, -0.028248, 0.985316, -0.169397, -0.021378, 0.169807, 0.985292, 0.019087, 0.017830, -0.022437, 0.999589)
    }},
    {Time = 0.267, Data = {
      ["Head"] = CFrame.new(-0.126106, -3.833845, 0.089776, 0.995226, -0.002426, 0.097571, -0.078225, -0.617674, 0.782534, 0.058368, -0.786430, -0.614915),
      ["LeftFoot"] = CFrame.new(0.000000, 0.007073, -0.000003, 0.933315, -0.352601, -0.067813, 0.348511, 0.844155, 0.407384, -0.086393, -0.403826, 0.910736),
      ["LeftHand"] = CFrame.new(0.000487, 0.018584, 0.000000, 0.866130, 0.180768, -0.465987, 0.098489, 0.852304, 0.513694, 0.490018, -0.490817, 0.720399),
      ["LeftLowerArm"] = CFrame.new(-0.000500, 0.073490, 0.017116, 1.000000, -0.000000, -0.000000, 0.000000, 0.823343, -0.567545, 0.000000, 0.567545, 0.823342),
      ["LeftLowerLeg"] = CFrame.new(-0.000000, 0.032757, -0.003173, 1.000000, -0.000000, 0.000000, 0.000000, 0.966644, 0.256108, 0.000000, -0.256122, 0.966648),
      ["LeftUpperArm"] = CFrame.new(-0.063042, -0.148071, -0.147479, 0.404558, 0.818201, 0.408510, -0.796539, 0.534715, -0.282142, -0.449286, -0.211251, 0.868053),
      ["LeftUpperLeg"] = CFrame.new(-0.010343, 0.096806, -0.060993, 0.977211, -0.194447, 0.085139, 0.211400, 0.927779, -0.307455, -0.019206, 0.318459, 0.947746),
      ["LowerTorso"] = CFrame.new(-0.121534, 0.600674, 0.046217, 0.996330, 0.082307, 0.023478, -0.081752, 0.996371, -0.023685, -0.025342, 0.021679, 0.999444),
      ["RightFoot"] = CFrame.new(-0.000000, 0.033643, -0.000100, 0.970775, 0.239999, 0.000200, -0.158113, 0.640193, -0.751790, -0.180547, 0.729763, 0.659402),
      ["RightHand"] = CFrame.new(-0.000510, -0.014804, -0.000000, 0.908931, 0.317459, -0.270307, -0.130714, 0.832574, 0.538273, 0.395927, -0.453916, 0.798246),
      ["RightLowerArm"] = CFrame.new(0.000000, -0.014786, 0.000081, 1.000000, 0.000000, 0.000000, 0.000000, 1.000000, -0.000001, -0.000000, -0.000000, 1.000000),
      ["RightLowerLeg"] = CFrame.new(0.000000, 0.124960, -0.111325, 1.000000, 0.000000, 0.000000, -0.000000, -0.153330, 0.988174, 0.000000, -0.988175, -0.153339),
      ["RightUpperArm"] = CFrame.new(0.019600, -0.169073, 0.162878, 0.419366, -0.898665, 0.128578, 0.884823, 0.436299, 0.163498, -0.203029, 0.045203, 0.978129),
      ["RightUpperLeg"] = CFrame.new(0.002463, 0.084939, -0.050236, 0.991181, -0.111777, 0.071179, 0.129581, 0.705091, -0.697162, 0.027739, 0.700252, 0.713371),
      ["UpperTorso"] = CFrame.new(-0.044315, 0.051056, -0.028208, 0.980518, -0.195253, -0.021468, 0.195665, 0.980485, 0.019074, 0.017325, -0.022903, 0.999588)
    }},
    {Time = 0.300, Data = {
      ["Head"] = CFrame.new(-0.139662, -3.734084, 0.089603, 0.990823, -0.073878, 0.113193, -0.125441, -0.814508, 0.566429, 0.050351, -0.575430, -0.816300),
      ["LeftFoot"] = CFrame.new(-0.000000, 0.008549, -0.000003, 0.953061, -0.296963, -0.059066, 0.301834, 0.916442, 0.262753, -0.023896, -0.268230, 0.963054),
      ["LeftHand"] = CFrame.new(0.000488, 0.018414, -0.000000, 0.862204, 0.200754, -0.465086, 0.077510, 0.855025, 0.512764, 0.500596, -0.478152, 0.721643),
      ["LeftLowerArm"] = CFrame.new(-0.000500, 0.072966, 0.016867, 1.000000, -0.000000, -0.000000, -0.000000, 0.825942, -0.563755, 0.000000, 0.563755, 0.825942),
      ["LeftLowerLeg"] = CFrame.new(0.000000, 0.040771, -0.005172, 1.000000, -0.000000, -0.000000, 0.000000, 0.946393, 0.323006, -0.000000, -0.323019, 0.946397),
      ["LeftUpperArm"] = CFrame.new(-0.067853, -0.149423, -0.149352, 0.394936, 0.824642, 0.404959, -0.799242, 0.525763, -0.291181, -0.453032, -0.208661, 0.866731),
      ["LeftUpperLeg"] = CFrame.new(-0.010342, 0.096806, -0.060993, 0.974239, -0.192273, 0.117850, 0.218647, 0.933327, -0.284757, -0.055241, 0.303203, 0.951328),
      ["LowerTorso"] = CFrame.new(-0.126323, 0.592963, 0.046273, 0.997638, 0.064323, 0.024105, -0.063767, 0.997697, -0.023131, -0.025537, 0.021539, 0.999442),
      ["RightFoot"] = CFrame.new(0.000000, 0.034109, -0.000100, 0.974158, 0.225865, -0.001680, -0.160204, 0.685699, -0.710061, -0.159217, 0.691955, 0.704138),
      ["RightHand"] = CFrame.new(-0.000520, -0.030700, -0.000000, 0.898787, 0.352621, -0.260466, -0.165784, 0.823416, 0.542683, 0.405830, -0.444572, 0.798532),
      ["RightLowerArm"] = CFrame.new(-0.000001, -0.030663, 0.000167, 1.000000, 0.000000, 0.000000, -0.000000, 1.000000, -0.000001, -0.000000, -0.000000, 1.000000),
      ["RightLowerLeg"] = CFrame.new(0.000000, 0.123405, -0.119449, 1.000000, 0.000000, 0.000000, -0.000000, -0.237974, 0.971270, 0.000000, -0.971272, -0.237982),
      ["RightUpperArm"] = CFrame.new(0.031623, -0.172644, 0.171043, 0.395319, -0.909257, 0.130289, 0.891967, 0.413873, 0.181946, -0.219358, 0.044287, 0.974639),
      ["RightUpperLeg"] = CFrame.new(0.002463, 0.084940, -0.050236, 0.991358, -0.102900, 0.081372, 0.128331, 0.631917, -0.764326, 0.027229, 0.768175, 0.639676),
      ["UpperTorso"] = CFrame.new(-0.043221, 0.049520, -0.028149, 0.977392, -0.210327, -0.021624, 0.210740, 0.977358, 0.018994, 0.017139, -0.023122, 0.999586)
    }},
    {Time = 0.333, Data = {
      ["Head"] = CFrame.new(-0.144656, -3.665938, 0.089209, 0.984383, -0.139495, 0.107380, -0.166159, -0.937730, 0.305047, 0.058141, -0.318125, -0.946264),
      ["LeftFoot"] = CFrame.new(0.000000, 0.009716, -0.000003, 0.969472, -0.240036, -0.050071, 0.244447, 0.962142, 0.120546, 0.019238, -0.129098, 0.991444),
      ["LeftHand"] = CFrame.new(0.000488, 0.018228, 0.000000, 0.859579, 0.213152, -0.464428, 0.063770, 0.857002, 0.511355, 0.507009, -0.469162, 0.723065),
      ["LeftLowerArm"] = CFrame.new(-0.000500, 0.072392, 0.016596, 1.000000, -0.000000, -0.000000, -0.000000, 0.828774, -0.559584, 0.000000, 0.559584, 0.828774),
      ["LeftLowerLeg"] = CFrame.new(0.000000, 0.047247, -0.007184, 1.000000, -0.000000, 0.000000, 0.000000, 0.925988, 0.377542, -0.000000, -0.377552, 0.925993),
      ["LeftUpperArm"] = CFrame.new(-0.071431, -0.150536, -0.150471, 0.387781, 0.829810, 0.401299, -0.801470, 0.518582, -0.297856, -0.455271, -0.206126, 0.866164),
      ["LeftUpperLeg"] = CFrame.new(-0.010342, 0.096807, -0.060993, 0.973002, -0.188860, 0.132662, 0.217160, 0.943813, -0.249099, -0.078163, 0.271198, 0.959349),
      ["LowerTorso"] = CFrame.new(-0.128309, 0.589305, 0.046321, 0.998483, 0.049238, 0.024624, -0.048683, 0.998557, -0.022653, -0.025704, 0.021420, 0.999440),
      ["RightFoot"] = CFrame.new(0.000000, 0.034389, -0.000100, 0.976329, 0.216277, -0.002951, -0.166834, 0.744324, -0.646668, -0.137655, 0.631827, 0.762766),
      ["RightHand"] = CFrame.new(-0.000528, -0.042874, 0.000000, 0.891515, 0.375164, -0.253880, -0.188647, 0.817019, 0.544882, 0.411841, -0.437873, 0.799155),
      ["RightLowerArm"] = CFrame.new(-0.000001, -0.042821, 0.000233, 1.000000, 0.000000, 0.000000, -0.000000, 1.000000, -0.000001, -0.000000, 0.000000, 1.000000),
      ["RightLowerLeg"] = CFrame.new(-0.000000, 0.122107, -0.124282, 1.000000, 0.000000, 0.000000, -0.000000, -0.288350, 0.957523, 0.000000, -0.957525, -0.288358),
      ["RightUpperArm"] = CFrame.new(0.039445, -0.174698, 0.176360, 0.379677, -0.915812, 0.130896, 0.896074, 0.399232, 0.194073, -0.229992, 0.043607, 0.972215),
      ["RightUpperLeg"] = CFrame.new(0.002462, 0.084940, -0.050236, 0.991936, -0.091208, 0.088000, 0.123892, 0.551412, -0.824973, 0.026721, 0.829232, 0.558280),
      ["UpperTorso"] = CFrame.new(-0.042305, 0.047122, -0.028075, 0.975844, -0.217379, -0.021772, 0.217794, 0.975812, 0.018903, 0.017136, -0.023188, 0.999584)
    }},
    {Time = 0.367, Data = {
      ["Head"] = CFrame.new(-0.145370, -3.640711, 0.088415, 0.981056, -0.174870, 0.083364, -0.177480, -0.983808, 0.024944, 0.077652, -0.039267, -0.996207),
      ["LeftFoot"] = CFrame.new(0.000000, 0.010132, -0.000003, 0.982889, -0.179696, -0.040490, 0.180514, 0.983417, 0.017496, 0.036671, -0.024505, 0.999027),
      ["LeftHand"] = CFrame.new(0.000488, 0.018146, -0.000000, 0.858627, 0.217482, -0.464181, 0.058818, 0.857756, 0.510684, 0.509215, -0.465786, 0.723698),
      ["LeftLowerArm"] = CFrame.new(-0.000501, 0.072136, 0.016476, 1.000000, -0.000000, -0.000000, 0.000000, 0.830020, -0.557734, 0.000000, 0.557733, 0.830020),
      ["LeftLowerLeg"] = CFrame.new(-0.000000, 0.049575, -0.007998, 1.000000, -0.000000, -0.000000, 0.000000, 0.917721, 0.397217, -0.000000, -0.397226, 0.917725),
      ["LeftUpperArm"] = CFrame.new(-0.072808, -0.150982, -0.150855, 0.385027, 0.831859, 0.399706, -0.802362, 0.515721, -0.300412, -0.456037, -0.205041, 0.866018),
      ["LeftUpperLeg"] = CFrame.new(-0.010342, 0.096806, -0.060993, 0.973672, -0.188433, 0.128277, 0.210537, 0.959108, -0.189153, -0.087389, 0.211197, 0.973533),
      ["LowerTorso"] = CFrame.new(-0.128702, 0.590510, 0.046341, 0.998770, 0.042909, 0.024840, -0.042354, 0.998850, -0.022449, -0.025774, 0.021369, 0.999439),
      ["RightFoot"] = CFrame.new(-0.000000, 0.034449, -0.000100, 0.977230, 0.212157, -0.003496, -0.177547, 0.808578, -0.560986, -0.116184, 0.548808, 0.827818),
      ["RightHand"] = CFrame.new(-0.000531, -0.047614, 0.000000, 0.888786, 0.383165, -0.251489, -0.196839, 0.814645, 0.545537, 0.413902, -0.435360, 0.799464),
      ["RightLowerArm"] = CFrame.new(-0.000002, -0.047556, 0.000259, 1.000000, -0.000000, 0.000000, -0.000000, 1.000000, -0.000001, -0.000000, -0.000000, 1.000000),
      ["RightLowerLeg"] = CFrame.new(-0.000000, 0.121785, -0.125317, 1.000000, 0.000000, 0.000000, -0.000000, -0.299130, 0.954210, 0.000000, -0.954212, -0.299138),
      ["RightUpperArm"] = CFrame.new(0.042239, -0.175380, 0.178265, 0.374087, -0.918092, 0.131017, 0.897438, 0.393989, 0.198436, -0.233802, 0.043347, 0.971317),
      ["RightUpperLeg"] = CFrame.new(0.002463, 0.084939, -0.050236, 0.992420, -0.079019, 0.094113, 0.120344, 0.469909, -0.874465, 0.024876, 0.879171, 0.475872),
      ["UpperTorso"] = CFrame.new(-0.041846, 0.043750, -0.027992, 0.975451, -0.219133, -0.021838, 0.219548, 0.975419, 0.018859, 0.017169, -0.023191, 0.999584)
    }},
    {Time = 0.400, Data = {
      ["Head"] = CFrame.new(-0.137859, -3.657892, 0.047199, 0.983277, -0.175819, 0.047481, -0.159075, -0.956098, -0.246112, 0.088668, 0.234443, -0.968078),
      ["LeftFoot"] = CFrame.new(-0.000000, 0.011154, -0.000003, 0.993282, -0.111856, -0.029663, 0.110569, 0.992982, -0.041978, 0.034147, 0.038411, 0.998678),
      ["LeftHand"] = CFrame.new(0.000488, 0.018216, -0.000000, 0.859430, 0.213832, -0.464390, 0.062999, 0.857118, 0.511257, 0.507356, -0.468642, 0.723159),
      ["LeftLowerArm"] = CFrame.new(-0.000500, 0.072355, 0.016578, 1.000000, -0.000000, -0.000000, 0.000000, 0.828959, -0.559309, 0.000000, 0.559309, 0.828959),
      ["LeftLowerLeg"] = CFrame.new(0.000000, 0.055277, -0.010206, 1.000000, -0.000000, -0.000000, 0.000000, 0.895280, 0.445496, -0.000000, -0.445504, 0.895284),
      ["LeftUpperArm"] = CFrame.new(-0.071642, -0.150604, -0.150532, 0.387359, 0.830122, 0.401062, -0.801606, 0.518147, -0.298249, -0.455392, -0.205964, 0.866139),
      ["LeftUpperLeg"] = CFrame.new(-0.010342, 0.096806, -0.060993, 0.975088, -0.189281, 0.115654, 0.204796, 0.968512, -0.141555, -0.085218, 0.161732, 0.983151),
      ["LowerTorso"] = CFrame.new(-0.128691, 0.596691, 0.046348, 0.998490, 0.049058, 0.024712, -0.048503, 0.998568, -0.022585, -0.025784, 0.021353, 0.999439),
      ["RightFoot"] = CFrame.new(0.000000, 0.033997, -0.000100, 0.978125, 0.207982, -0.004048, -0.188246, 0.876700, -0.442695, -0.088519, 0.433753, 0.896663),
      ["RightHand"] = CFrame.new(-0.000529, -0.043596, 0.000000, 0.891094, 0.376414, -0.253508, -0.189924, 0.816651, 0.544989, 0.412166, -0.437485, 0.799200),
      ["RightLowerArm"] = CFrame.new(-0.000001, -0.043544, 0.000237, 1.000000, 0.000000, 0.000000, -0.000000, 1.000000, -0.000001, -0.000000, -0.000000, 1.000000),
      ["RightLowerLeg"] = CFrame.new(-0.000000, 0.123842, -0.117518, 1.000000, 0.000000, 0.000000, -0.000000, -0.217847, 0.975981, 0.000000, -0.975983, -0.217856),
      ["RightUpperArm"] = CFrame.new(0.039881, -0.174805, 0.176656, 0.378805, -0.916170, 0.130918, 0.896291, 0.398415, 0.194752, -0.230586, 0.043567, 0.972076),
      ["RightUpperLeg"] = CFrame.new(0.002463, 0.084940, -0.050236, 0.992579, -0.062772, 0.104147, 0.121125, 0.434500, -0.892482, 0.010771, 0.898482, 0.438895),
      ["UpperTorso"] = CFrame.new(-0.041919, 0.039391, -0.027900, 0.975607, -0.218435, -0.021850, 0.218851, 0.975576, 0.018840, 0.017201, -0.023163, 0.999584)
    }},
    {Time = 0.433, Data = {
      ["Head"] = CFrame.new(-0.115830, -3.706163, -0.054212, 0.987790, -0.155653, 0.006632, -0.132778, -0.863364, -0.486798, 0.081497, 0.479974, -0.873489),
      ["LeftFoot"] = CFrame.new(0.000000, 0.013521, -0.000003, 0.999029, -0.040143, -0.018157, 0.038634, 0.996285, -0.076979, 0.021177, 0.076194, 0.996867),
      ["LeftHand"] = CFrame.new(0.000488, 0.018381, -0.000000, 0.861665, 0.203356, -0.464954, 0.074676, 0.855420, 0.512526, 0.501953, -0.476343, 0.721896),
      ["LeftLowerArm"] = CFrame.new(-0.000500, 0.072864, 0.016818, 1.000000, -0.000000, -0.000000, 0.000000, 0.826453, -0.563006, 0.000000, 0.563006, 0.826453),
      ["LeftLowerLeg"] = CFrame.new(-0.000000, 0.068168, -0.016410, 1.000000, -0.000000, -0.000000, 0.000000, 0.832060, 0.554684, -0.000000, -0.554686, 0.832061),
      ["LeftUpperArm"] = CFrame.new(-0.068562, -0.149637, -0.149590, 0.393518, 0.825646, 0.404293, -0.799671, 0.524370, -0.292508, -0.453508, -0.208194, 0.866595),
      ["LeftUpperLeg"] = CFrame.new(-0.010342, 0.096806, -0.060993, 0.975917, -0.187209, 0.111973, 0.200929, 0.971299, -0.127281, -0.084931, 0.146734, 0.985526),
      ["LowerTorso"] = CFrame.new(-0.128005, 0.606901, 0.046365, 0.997625, 0.064423, 0.024391, -0.063867, 0.997695, -0.022922, -0.025812, 0.021310, 0.999440),
      ["RightFoot"] = CFrame.new(0.000000, 0.032748, -0.000101, 0.978913, 0.204226, -0.004544, -0.196363, 0.934629, -0.296508, -0.056306, 0.291135, 0.955020),
      ["RightHand"] = CFrame.new(-0.000522, -0.033096, 0.000000, 0.897326, 0.357307, -0.259115, -0.170511, 0.822121, 0.543181, 0.407103, -0.443225, 0.798632),
      ["RightLowerArm"] = CFrame.new(-0.000001, -0.033055, 0.000180, 1.000000, 0.000000, 0.000000, -0.000000, 1.000000, -0.000001, -0.000000, -0.000000, 1.000000),
      ["RightLowerLeg"] = CFrame.new(0.000000, 0.125848, -0.098452, 1.000000, 0.000000, 0.000000, -0.000000, -0.019248, 0.999815, 0.000000, -0.999815, -0.019260),
      ["RightUpperArm"] = CFrame.new(0.033242, -0.173087, 0.172142, 0.392081, -0.910635, 0.130447, 0.892852, 0.410846, 0.184447, -0.221557, 0.044152, 0.974147),
      ["RightUpperLeg"] = CFrame.new(0.002462, 0.084939, -0.050236, 0.991355, -0.044828, 0.123314, 0.129615, 0.480675, -0.867256, -0.020397, 0.875752, 0.482349),
      ["UpperTorso"] = CFrame.new(-0.042245, 0.034314, -0.027800, 0.976392, -0.214895, -0.021887, 0.215310, 0.976365, 0.018784, 0.017333, -0.023053, 0.999584)
    }},
    {Time = 0.467, Data = {
      ["Head"] = CFrame.new(-0.080041, -3.780607, -0.185634, 0.992335, -0.120181, -0.028777, -0.106979, -0.718855, -0.686879, 0.061863, 0.684693, -0.726202),
      ["LeftFoot"] = CFrame.new(-0.000000, 0.017755, -0.000003, 0.999653, 0.025207, -0.007617, -0.025786, 0.995681, -0.089199, 0.005336, 0.089354, 0.995985),
      ["LeftHand"] = CFrame.new(0.000487, 0.018550, -0.000000, 0.865051, 0.186457, -0.465750, 0.092649, 0.853028, 0.513579, 0.493055, -0.487419, 0.720634),
      ["LeftLowerArm"] = CFrame.new(-0.000500, 0.073385, 0.017066, 1.000000, -0.000000, -0.000000, 0.000000, 0.823862, -0.566791, 0.000000, 0.566791, 0.823861),
      ["LeftLowerLeg"] = CFrame.new(-0.000000, 0.082879, -0.024803, 1.000000, -0.000000, -0.000000, 0.000000, 0.745585, 0.666412, -0.000000, -0.666410, 0.745583),
      ["LeftUpperArm"] = CFrame.new(-0.064306, -0.148406, -0.148021, 0.402031, 0.819820, 0.407758, -0.797207, 0.532456, -0.284521, -0.450369, -0.210681, 0.867629),
      ["LeftUpperLeg"] = CFrame.new(-0.010342, 0.096806, -0.060993, 0.976381, -0.178816, 0.121264, 0.193076, 0.974027, -0.118265, -0.096966, 0.138908, 0.985550),
      ["LowerTorso"] = CFrame.new(-0.125666, 0.620325, 0.046388, 0.996146, 0.084374, 0.023972, -0.083817, 0.996208, -0.023351, -0.025852, 0.021252, 0.999440),
      ["RightFoot"] = CFrame.new(-0.000000, 0.030537, -0.000102, 0.978381, 0.206768, -0.004208, -0.205407, 0.969171, -0.136075, -0.024057, 0.133994, 0.990690),
      ["RightHand"] = CFrame.new(-0.000513, -0.018913, -0.000000, 0.906231, 0.327319, -0.267600, -0.140478, 0.830105, 0.539625, 0.398762, -0.451430, 0.798245),
      ["RightLowerArm"] = CFrame.new(-0.000001, -0.018889, 0.000102, 1.000000, -0.000000, 0.000000, -0.000000, 1.000000, -0.000001, -0.000000, -0.000000, 1.000000),
      ["RightLowerLeg"] = CFrame.new(0.000000, 0.121601, -0.071928, 1.000000, 0.000000, 0.000000, -0.000000, 0.256669, 0.966503, 0.000000, -0.966499, 0.256654),
      ["RightUpperArm"] = CFrame.new(0.022948, -0.170116, 0.165153, 0.412670, -0.901678, 0.129151, 0.886913, 0.430064, 0.168615, -0.207580, 0.044963, 0.977184),
      ["RightUpperLeg"] = CFrame.new(0.002463, 0.084939, -0.050236, 0.987509, -0.036150, 0.153360, 0.145527, 0.582373, -0.799776, -0.060400, 0.812118, 0.580378),
      ["UpperTorso"] = CFrame.new(-0.042546, 0.028844, -0.027691, 0.978238, -0.206322, -0.021949, 0.206738, 0.978218, 0.018691, 0.017615, -0.022822, 0.999584)
    }},
    {Time = 0.500, Data = {
      ["Head"] = CFrame.new(-0.031247, -3.876313, -0.316880, 0.995619, -0.077292, -0.052627, -0.085791, -0.531173, -0.842908, 0.037195, 0.843730, -0.535477),
      ["LeftFoot"] = CFrame.new(-0.000000, 0.022390, -0.000003, 0.997166, 0.075227, 0.000484, -0.074832, 0.992548, -0.096177, -0.007715, 0.095859, 0.995364),
      ["LeftHand"] = CFrame.new(0.000488, 0.018625, -0.000000, 0.869235, 0.163426, -0.466610, 0.115729, 0.850310, 0.513403, 0.480663, -0.500264, 0.720203),
      ["LeftLowerArm"] = CFrame.new(-0.000500, 0.073615, 0.017176, 1.000000, -0.000000, -0.000000, 0.000000, 0.822714, -0.568456, 0.000000, 0.568456, 0.822714),
      ["LeftLowerLeg"] = CFrame.new(-0.000000, 0.096242, -0.034336, 1.000000, -0.000000, -0.000000, 0.000000, 0.646529, 0.762895, -0.000000, -0.762890, 0.646522),
      ["LeftUpperArm"] = CFrame.new(-0.059633, -0.147275, -0.145785, 0.411378, 0.814189, 0.409712, -0.794949, 0.540403, -0.275719, -0.445897, -0.212276, 0.869549),
      ["LeftUpperLeg"] = CFrame.new(-0.010342, 0.096806, -0.060993, 0.977054, -0.161125, 0.139293, 0.177221, 0.977768, -0.112057, -0.118141, 0.134195, 0.983891),
      ["LowerTorso"] = CFrame.new(-0.120697, 0.636055, 0.046413, 0.994268, 0.104291, 0.023551, -0.103734, 0.994321, -0.023768, -0.025896, 0.021189, 0.999440),
      ["RightFoot"] = CFrame.new(0.000000, 0.025712, -0.000102, 0.976466, 0.215651, -0.003034, -0.215493, 0.976132, 0.027008, 0.008785, -0.025718, 0.999631),
      ["RightHand"] = CFrame.new(-0.000503, -0.004040, 0.000000, 0.916312, 0.288133, -0.278126, -0.101972, 0.839484, 0.533734, 0.387266, -0.460702, 0.798607),
      ["RightLowerArm"] = CFrame.new(-0.000001, -0.004035, 0.000022, 1.000000, 0.000000, 0.000000, -0.000000, 1.000000, -0.000001, -0.000000, -0.000000, 1.000000),
      ["RightLowerLeg"] = CFrame.new(-0.000000, 0.105913, -0.044253, 1.000000, 0.000000, 0.000000, -0.000000, 0.544481, 0.838780, 0.000000, -0.838773, 0.544471),
      ["RightUpperArm"] = CFrame.new(0.009760, -0.165775, 0.156167, 0.439046, -0.889521, 0.126453, 0.878230, 0.454588, 0.148533, -0.189607, 0.045843, 0.980789),
      ["RightUpperLeg"] = CFrame.new(0.002463, 0.084939, -0.050236, 0.981559, -0.043352, 0.186176, 0.162673, 0.700930, -0.694414, -0.100392, 0.711911, 0.695073),
      ["UpperTorso"] = CFrame.new(-0.042639, 0.023314, -0.027576, 0.981438, -0.190510, -0.022036, 0.190925, 0.981429, 0.018565, 0.018090, -0.022428, 0.999585)
    }},
    {Time = 0.533, Data = {
      ["Head"] = CFrame.new(0.029795, -3.988367, -0.417763, 0.997452, -0.035325, -0.061974, -0.069760, -0.301519, -0.950905, 0.014904, 0.952805, -0.303215),
      ["LeftFoot"] = CFrame.new(-0.000000, 0.025639, -0.000003, 0.994627, 0.103396, 0.005060, -0.102087, 0.987799, -0.117612, -0.017158, 0.116456, 0.993047),
      ["LeftHand"] = CFrame.new(0.000487, 0.018518, -0.000001, 0.873755, 0.134781, -0.467320, 0.142614, 0.847605, 0.511106, 0.464987, -0.513224, 0.721375),
      ["LeftLowerArm"] = CFrame.new(-0.000500, 0.073286, 0.017018, 1.000000, -0.000000, -0.000000, 0.000000, 0.824362, -0.566062, 0.000000, 0.566062, 0.824362),
      ["LeftLowerLeg"] = CFrame.new(-0.000000, 0.106472, -0.044556, 1.000000, -0.000000, -0.000000, 0.000000, 0.540282, 0.841491, -0.000000, -0.841484, 0.540271),
      ["LeftUpperArm"] = CFrame.new(-0.055200, -0.146593, -0.142847, 0.420241, 0.810166, 0.408692, -0.793586, 0.546542, -0.267420, -0.440022, -0.211950, 0.872615),
      ["LeftUpperLeg"] = CFrame.new(-0.010343, 0.096806, -0.060993, 0.978203, -0.137487, 0.155615, 0.156629, 0.980552, -0.118229, -0.136334, 0.140051, 0.980717),
      ["LowerTorso"] = CFrame.new(-0.112134, 0.653041, 0.046434, 0.992552, 0.119584, 0.023226, -0.119026, 0.992599, -0.024082, -0.025934, 0.021138, 0.999440),
      ["RightFoot"] = CFrame.new(-0.000000, 0.017225, -0.000103, 0.973536, 0.228529, -0.001326, -0.225157, 0.960132, 0.165690, 0.039136, -0.161001, 0.986177),
      ["RightHand"] = CFrame.new(-0.000498, 0.002501, -0.000000, 0.925969, 0.242182, -0.289709, -0.038879, 0.824304, 0.564814, 0.375593, -0.511732, 0.772693),
      ["RightLowerArm"] = CFrame.new(-0.000001, 0.012725, 0.000508, 1.000000, -0.000000, 0.000000, -0.000000, 0.994697, -0.102849, -0.000000, 0.102848, 0.994697),
      ["RightLowerLeg"] = CFrame.new(-0.000000, 0.080507, -0.023579, 1.000000, 0.000000, 0.000000, -0.000000, 0.759306, 0.650735, 0.000000, -0.650733, 0.759305),
      ["RightUpperArm"] = CFrame.new(-0.005271, -0.160082, 0.145803, 0.469108, -0.879885, 0.075756, 0.866844, 0.475158, 0.151022, -0.168878, -0.005177, 0.985623),
      ["RightUpperLeg"] = CFrame.new(0.002462, 0.084939, -0.050236, 0.976174, -0.060248, 0.208458, 0.172757, 0.797095, -0.578598, -0.131301, 0.600841, 0.788523),
      ["UpperTorso"] = CFrame.new(-0.042450, 0.018057, -0.027461, 0.986006, -0.165231, -0.022142, 0.165646, 0.986013, 0.018416, 0.018789, -0.021826, 0.999585)
    }},
    {Time = 0.567, Data = {
      ["Head"] = CFrame.new(0.102329, -4.111856, -0.458099, 0.998416, -0.003304, -0.056171, -0.056237, -0.025195, -0.998100, 0.001883, 0.999677, -0.025341),
      ["LeftFoot"] = CFrame.new(0.000000, 0.027847, -0.000003, 0.994350, 0.106007, 0.005485, -0.103568, 0.980212, -0.168702, -0.023258, 0.167173, 0.985652),
      ["LeftHand"] = CFrame.new(0.000489, 0.018169, -0.000000, 0.878063, 0.101527, -0.467653, 0.171807, 0.845204, 0.506079, 0.446639, -0.524712, 0.724697),
      ["LeftLowerArm"] = CFrame.new(-0.000500, 0.072207, 0.016509, 1.000000, -0.000000, -0.000000, 0.000000, 0.829677, -0.558244, 0.000000, 0.558244, 0.829677),
      ["LeftLowerLeg"] = CFrame.new(-0.000000, 0.113870, -0.054808, 1.000000, -0.000000, -0.000000, 0.000000, 0.433706, 0.901061, -0.000000, -0.901054, 0.433693),
      ["LeftUpperArm"] = CFrame.new(-0.051482, -0.146602, -0.139221, 0.427677, 0.808745, 0.403762, -0.793601, 0.549789, -0.260634, -0.432770, -0.208958, 0.876953),
      ["LeftUpperLeg"] = CFrame.new(-0.010342, 0.096806, -0.060993, 0.980033, -0.117475, 0.160420, 0.141489, 0.978882, -0.147522, -0.139702, 0.167300, 0.975962),
      ["LowerTorso"] = CFrame.new(-0.099026, 0.670140, 0.046442, 0.991800, 0.125694, 0.023095, -0.125136, 0.991844, -0.024206, -0.025950, 0.021117, 0.999440),
      ["RightFoot"] = CFrame.new(-0.000000, 0.012949, -0.000103, 0.970166, 0.242444, 0.000526, -0.235493, 0.941834, 0.239786, 0.057636, -0.232744, 0.970826),
      ["RightHand"] = CFrame.new(-0.000497, 0.004382, 0.000000, 0.933852, 0.192780, -0.301260, 0.023576, 0.807295, 0.589680, 0.356881, -0.557773, 0.749346),
      ["RightLowerArm"] = CFrame.new(-0.000000, 0.023996, 0.001930, 1.000000, 0.000000, 0.000000, 0.000000, 0.980228, -0.197870, -0.000000, 0.197870, 0.980228),
      ["RightLowerLeg"] = CFrame.new(0.000000, 0.063848, -0.014334, 1.000000, 0.000000, 0.000000, -0.000000, 0.854269, 0.519828, 0.000000, -0.519832, 0.854271),
      ["RightUpperArm"] = CFrame.new(-0.020844, -0.153323, 0.134812, 0.500254, -0.865436, 0.027683, 0.853327, 0.498174, 0.153803, -0.146897, -0.053318, 0.987714),
      ["RightUpperLeg"] = CFrame.new(0.002463, 0.084939, -0.050236, 0.975335, -0.066641, 0.210428, 0.167180, 0.845509, -0.507099, -0.144125, 0.529786, 0.835805),
      ["UpperTorso"] = CFrame.new(-0.042009, 0.013400, -0.027351, 0.991494, -0.128237, -0.022262, 0.128650, 0.991522, 0.018255, 0.019732, -0.020964, 0.999586)
    }},
    {Time = 0.600, Data = {
      ["Head"] = CFrame.new(0.184406, -4.241141, -0.426670, 0.999443, 0.003901, -0.033151, -0.032830, 0.294274, -0.955157, 0.006029, 0.955713, 0.294238),
      ["LeftFoot"] = CFrame.new(0.000000, 0.030004, -0.000002, 0.995625, 0.093373, 0.003431, -0.089332, 0.962022, -0.257953, -0.027385, 0.256507, 0.966151),
      ["LeftHand"] = CFrame.new(0.000488, 0.017567, 0.000000, 0.881619, 0.065330, -0.467420, 0.201589, 0.843363, 0.498101, 0.426743, -0.533359, 0.730351),
      ["LeftLowerArm"] = CFrame.new(-0.000500, 0.070311, 0.015631, 1.000000, -0.000000, -0.000000, 0.000000, 0.838831, -0.544392, 0.000000, 0.544392, 0.838831),
      ["LeftLowerLeg"] = CFrame.new(0.000000, 0.120661, -0.068531, 1.000000, -0.000000, -0.000000, 0.000000, 0.290932, 0.956748, -0.000000, -0.956744, 0.290917),
      ["LeftUpperArm"] = CFrame.new(-0.048726, -0.147379, -0.135013, 0.433191, 0.810306, 0.394653, -0.795154, 0.549747, -0.255946, -0.424354, -0.202936, 0.882463),
      ["LeftUpperLeg"] = CFrame.new(-0.010342, 0.096807, -0.060993, 0.983564, -0.085558, 0.159002, 0.126268, 0.955392, -0.266961, -0.129068, 0.282675, 0.950500),
      ["LowerTorso"] = CFrame.new(-0.077528, 0.685902, 0.046436, 0.993563, 0.110828, 0.023439, -0.110271, 0.993615, -0.023871, -0.025935, 0.021133, 0.999440),
      ["RightFoot"] = CFrame.new(0.000000, 0.012732, -0.000103, 0.967397, 0.253259, 0.001970, -0.249587, 0.951994, 0.177247, 0.043012, -0.171952, 0.984164),
      ["RightHand"] = CFrame.new(-0.000497, 0.005187, 0.000000, 0.939196, 0.143832, -0.311809, 0.074462, 0.801134, 0.593838, 0.335211, -0.580945, 0.741708),
      ["RightLowerArm"] = CFrame.new(0.000001, 0.029202, 0.002924, 1.000000, 0.000000, 0.000000, -0.000000, 0.970135, -0.242564, -0.000000, 0.242564, 0.970135),
      ["RightLowerLeg"] = CFrame.new(-0.000000, 0.062665, -0.013743, 1.000000, 0.000000, 0.000000, -0.000000, 0.860285, 0.509810, 0.000000, -0.509814, 0.860287),
      ["RightUpperArm"] = CFrame.new(-0.035602, -0.146075, 0.124037, 0.529770, -0.848140, 0.001544, 0.838828, 0.524221, 0.146836, -0.125346, -0.076494, 0.989160),
      ["RightUpperLeg"] = CFrame.new(0.002463, 0.084939, -0.050236, 0.983467, -0.043544, 0.175776, 0.124349, 0.868019, -0.480692, -0.131645, 0.494618, 0.859091),
      ["UpperTorso"] = CFrame.new(-0.041343, 0.009961, -0.027261, 0.997294, -0.070007, -0.022421, 0.070417, 0.997354, 0.018060, 0.021098, -0.019590, 0.999585)
    }},
    {Time = 0.633, Data = {
      ["Head"] = CFrame.new(0.269305, -4.367685, -0.348095, 0.999767, -0.021377, -0.003108, 0.010474, 0.605548, -0.795740, 0.018892, 0.795522, 0.605630),
      ["LeftFoot"] = CFrame.new(-0.000000, 0.031723, -0.000001, 0.996998, 0.077428, 0.000841, -0.072512, 0.937402, -0.340629, -0.027162, 0.339531, 0.940197),
      ["LeftHand"] = CFrame.new(0.000489, 0.016888, 0.000000, 0.884032, 0.028554, -0.466555, 0.229909, 0.842488, 0.487195, 0.406976, -0.537957, 0.738219),
      ["LeftLowerArm"] = CFrame.new(-0.000500, 0.067724, 0.014403, 1.000000, -0.000000, -0.000000, 0.000000, 0.851569, -0.524242, 0.000000, 0.524242, 0.851569),
      ["LeftLowerLeg"] = CFrame.new(0.000000, 0.125045, -0.084896, 1.000000, -0.000000, -0.000000, 0.000000, 0.120658, 0.992696, -0.000000, -0.992694, 0.120644),
      ["LeftUpperArm"] = CFrame.new(-0.046960, -0.148812, -0.130461, 0.436722, 0.814674, 0.381549, -0.798024, 0.546618, -0.253706, -0.415249, -0.193685, 0.888850),
      ["LeftUpperLeg"] = CFrame.new(-0.010342, 0.096806, -0.060993, 0.988680, -0.029127, 0.147183, 0.097961, 0.868341, -0.486176, -0.113644, 0.495112, 0.861377),
      ["LowerTorso"] = CFrame.new(-0.047942, 0.699846, 0.046423, 0.996995, 0.073564, 0.024289, -0.073008, 0.997066, -0.023006, -0.025910, 0.021163, 0.999440),
      ["RightFoot"] = CFrame.new(-0.000000, 0.013008, -0.000103, 0.964136, 0.265383, 0.003593, -0.265384, 0.964143, -0.000237, -0.003526, -0.000728, 0.999994),
      ["RightHand"] = CFrame.new(-0.000497, 0.005301, -0.000000, 0.941984, 0.099145, -0.320682, 0.113902, 0.804278, 0.583238, 0.315741, -0.585924, 0.746321),
      ["RightLowerArm"] = CFrame.new(0.000000, 0.029957, 0.003087, 1.000000, -0.000000, 0.000000, -0.000000, 0.968482, -0.249083, -0.000000, 0.249082, 0.968482),
      ["RightLowerLeg"] = CFrame.new(0.000000, 0.064158, -0.014490, 1.000000, 0.000000, 0.000000, -0.000000, 0.852668, 0.522449, 0.000000, -0.522453, 0.852671),
      ["RightUpperArm"] = CFrame.new(-0.048421, -0.139071, 0.114269, 0.555407, -0.831541, -0.007963, 0.824820, 0.549649, 0.132511, -0.105812, -0.080165, 0.991150),
      ["RightUpperLeg"] = CFrame.new(0.002463, 0.084939, -0.050236, 0.994124, 0.000074, 0.108252, 0.046177, 0.904162, -0.424670, -0.097909, 0.427189, 0.898853),
      ["UpperTorso"] = CFrame.new(-0.040654, 0.007888, -0.027198, 0.999708, 0.008435, -0.022648, -0.008032, 0.999809, 0.017824, 0.022794, -0.017637, 0.999585)
    }},
    {Time = 0.667, Data = {
      ["Head"] = CFrame.new(0.349112, -4.482230, -0.245949, 0.997459, -0.069470, 0.015787, 0.066808, 0.835178, -0.545906, 0.024739, 0.545574, 0.837697),
      ["LeftFoot"] = CFrame.new(-0.000000, 0.032401, -0.000001, 0.998288, 0.058439, -0.002238, -0.055211, 0.929157, -0.365555, -0.019282, 0.365037, 0.930787),
      ["LeftHand"] = CFrame.new(0.000490, 0.016103, 0.000000, 0.885201, -0.005852, -0.465175, 0.255000, 0.842427, 0.474653, 0.389095, -0.538778, 0.747206),
      ["LeftLowerArm"] = CFrame.new(-0.000500, 0.064665, 0.013025, 1.000000, -0.000000, -0.000000, 0.000000, 0.865850, -0.500304, 0.000000, 0.500304, 0.865850),
      ["LeftLowerLeg"] = CFrame.new(-0.000000, 0.126011, -0.095933, 1.000000, -0.000000, -0.000000, 0.000000, 0.005921, 0.999983, -0.000000, -0.999982, 0.005908),
      ["LeftUpperArm"] = CFrame.new(-0.046039, -0.150625, -0.125950, 0.438564, 0.820699, 0.366217, -0.801649, 0.541444, -0.253371, -0.406227, -0.182457, 0.895371),
      ["LeftUpperLeg"] = CFrame.new(-0.010342, 0.096806, -0.060993, 0.993400, 0.030355, 0.110612, 0.057803, 0.700451, -0.711340, -0.099070, 0.713055, 0.694090),
      ["LowerTorso"] = CFrame.new(-0.015571, 0.712237, 0.046416, 0.999366, 0.024974, 0.025370, -0.024423, 0.999464, -0.021816, -0.025901, 0.021182, 0.999440),
      ["RightFoot"] = CFrame.new(0.000000, 0.012705, -0.000103, 0.957505, 0.288339, 0.006681, -0.280308, 0.935793, -0.213835, -0.067903, 0.202860, 0.976847),
      ["RightHand"] = CFrame.new(-0.000496, 0.004948, -0.000000, 0.942811, 0.061752, -0.327561, 0.142439, 0.813815, 0.563401, 0.301363, -0.577834, 0.758474),
      ["RightLowerArm"] = CFrame.new(0.000000, 0.027634, 0.002601, 1.000000, 0.000000, 0.000000, 0.000000, 0.973410, -0.229069, -0.000000, 0.229068, 0.973410),
      ["RightLowerLeg"] = CFrame.new(-0.000000, 0.062518, -0.013671, 1.000000, 0.000000, 0.000000, -0.000000, 0.861022, 0.508562, 0.000000, -0.508567, 0.861025),
      ["RightUpperArm"] = CFrame.new(-0.058598, -0.133010, 0.106127, 0.575761, -0.817597, -0.005802, 0.812702, 0.571508, 0.113554, -0.089526, -0.070095, 0.993515),
      ["RightUpperLeg"] = CFrame.new(0.002463, 0.084940, -0.050236, 0.997963, 0.053878, 0.034169, -0.040150, 0.946581, -0.319939, -0.049581, 0.317933, 0.946822),
      ["UpperTorso"] = CFrame.new(-0.040119, 0.006827, -0.027162, 0.995394, 0.093086, -0.022934, -0.092695, 0.995539, 0.017579, 0.024469, -0.015372, 0.999582)
    }},
    {Time = 0.700, Data = {
      ["Head"] = CFrame.new(0.415915, -4.575513, -0.143802, 0.992500, -0.121059, 0.016977, 0.120841, 0.950626, -0.285847, 0.018466, 0.285754, 0.958125),
      ["LeftFoot"] = CFrame.new(-0.000000, 0.032494, -0.000001, 0.999217, 0.039202, -0.005354, -0.038734, 0.941647, -0.334381, -0.008067, 0.334312, 0.942423),
      ["LeftHand"] = CFrame.new(0.000490, 0.015338, -0.000000, 0.885371, -0.034559, -0.463601, 0.275010, 0.842963, 0.462370, 0.374817, -0.536860, 0.755836),
      ["LeftLowerArm"] = CFrame.new(-0.000500, 0.061618, 0.011728, 1.000000, -0.000000, -0.000000, 0.000000, 0.879264, -0.476336, 0.000000, 0.476336, 0.879263),
      ["LeftLowerLeg"] = CFrame.new(-0.000000, 0.126042, -0.097454, 1.000000, -0.000000, -0.000000, 0.000000, -0.009914, 0.999951, -0.000000, -0.999951, -0.009926),
      ["LeftUpperArm"] = CFrame.new(-0.045706, -0.152422, -0.122000, 0.439230, 0.826904, 0.351152, -0.805240, 0.535683, -0.254227, -0.398328, -0.171097, 0.901144),
      ["LeftUpperLeg"] = CFrame.new(-0.010342, 0.096807, -0.060993, 0.995795, 0.071005, 0.057883, 0.013644, 0.509826, -0.860158, -0.090585, 0.857342, 0.506732),
      ["LowerTorso"] = CFrame.new(0.014208, 0.722781, 0.046417, 0.999371, -0.023673, 0.026421, 0.024220, 0.999495, -0.020552, -0.025921, 0.021179, 0.999440),
      ["RightFoot"] = CFrame.new(-0.000000, 0.011376, -0.000103, 0.945576, 0.325196, 0.011678, -0.294928, 0.871632, -0.391526, -0.137491, 0.366751, 0.920093),
      ["RightHand"] = CFrame.new(-0.000497, 0.004336, -0.000000, 0.942537, 0.033639, -0.332407, 0.161080, 0.825899, 0.540322, 0.292708, -0.562814, 0.773018),
      ["RightLowerArm"] = CFrame.new(-0.000000, 0.023702, 0.001880, 1.000000, 0.000000, 0.000000, -0.000000, 0.980731, -0.195365, -0.000000, 0.195364, 0.980731),
      ["RightLowerLeg"] = CFrame.new(0.000000, 0.055202, -0.010358, 1.000000, 0.000000, 0.000000, -0.000000, 0.894754, 0.446552, 0.000000, -0.446559, 0.894758),
      ["RightUpperArm"] = CFrame.new(-0.065871, -0.128395, 0.100010, 0.590307, -0.807173, 0.002897, 0.803470, 0.587934, 0.093647, -0.077293, -0.052952, 0.995601),
      ["RightUpperLeg"] = CFrame.new(0.002463, 0.084940, -0.050236, 0.993742, 0.108366, -0.027078, -0.111446, 0.978220, -0.175097, 0.007514, 0.177036, 0.984179),
      ["UpperTorso"] = CFrame.new(-0.039767, 0.006455, -0.027145, 0.985202, 0.169815, -0.023242, -0.169437, 0.985388, 0.017356, 0.025850, -0.013162, 0.999579)
    }},
    {Time = 0.733, Data = {
      ["Head"] = CFrame.new(0.461800, -4.638276, -0.065228, 0.987259, -0.158900, 0.008367, 0.158963, 0.982580, -0.096262, 0.007075, 0.096366, 0.995321),
      ["LeftFoot"] = CFrame.new(0.000000, 0.032194, -0.000001, 0.999656, 0.025093, -0.007636, -0.026229, 0.956739, -0.289775, 0.000034, 0.289864, 0.957064),
      ["LeftHand"] = CFrame.new(0.000490, 0.014759, -0.000000, 0.885067, -0.054137, -0.462307, 0.288210, 0.843655, 0.452973, 0.365502, -0.534149, 0.762291),
      ["LeftLowerArm"] = CFrame.new(-0.000499, 0.059261, 0.010777, 1.000000, -0.000000, -0.000000, 0.000000, 0.889092, -0.457729, 0.000000, 0.457729, 0.889092),
      ["LeftLowerLeg"] = CFrame.new(0.000000, 0.125853, -0.092558, 1.000000, -0.000000, -0.000000, 0.000000, 0.041025, 0.999159, -0.000000, -0.999158, 0.041012),
      ["LeftUpperArm"] = CFrame.new(-0.045672, -0.153771, -0.119209, 0.439298, 0.831658, 0.339649, -0.807940, 0.531059, -0.255360, -0.392746, -0.162236, 0.905224),
      ["LeftUpperLeg"] = CFrame.new(-0.010342, 0.096806, -0.060993, 0.995848, 0.089869, 0.014476, -0.020891, 0.380397, -0.924579, -0.088597, 0.920446, 0.380715),
      ["LowerTorso"] = CFrame.new(0.035995, 0.730353, 0.046424, 0.997763, -0.061062, 0.027207, 0.061603, 0.997910, -0.019530, -0.025957, 0.021163, 0.999439),
      ["RightFoot"] = CFrame.new(0.000000, 0.009428, -0.000103, 0.930252, 0.366516, 0.017340, -0.310112, 0.810602, -0.496768, -0.196116, 0.456718, 0.867710),
      ["RightHand"] = CFrame.new(-0.000497, 0.003746, -0.000000, 0.941974, 0.015991, -0.335307, 0.171401, 0.835934, 0.521383, 0.288630, -0.548597, 0.784684),
      ["RightLowerArm"] = CFrame.new(-0.000001, 0.020036, 0.001320, 1.000000, 0.000000, 0.000000, 0.000000, 0.986428, -0.164196, -0.000000, 0.164195, 0.986428),
      ["RightLowerLeg"] = CFrame.new(-0.000000, 0.044333, -0.006396, 1.000000, 0.000000, 0.000000, -0.000000, 0.934993, 0.354654, 0.000000, -0.354665, 0.934998),
      ["RightUpperArm"] = CFrame.new(-0.070247, -0.125497, 0.096167, 0.599058, -0.800615, 0.012022, 0.797674, 0.598028, 0.077962, -0.069607, -0.037114, 0.996884),
      ["RightUpperLeg"] = CFrame.new(0.002462, 0.084939, -0.050236, 0.986150, 0.151645, -0.067175, -0.154152, 0.987467, -0.033824, 0.061204, 0.043727, 0.997168),
      ["UpperTorso"] = CFrame.new(-0.039568, 0.006462, -0.027142, 0.974046, 0.225128, -0.023498, -0.224763, 0.974262, 0.017195, 0.026764, -0.011467, 0.999576)
    }},
    {Time = 0.767, Data = {
      ["Head"] = CFrame.new(0.478853, -4.661254, -0.033799, 0.984881, -0.173204, 0.003084, 0.173226, 0.984547, -0.025685, 0.001412, 0.025831, 0.999665),
      ["LeftFoot"] = CFrame.new(0.000000, 0.031986, -0.000001, 0.999766, 0.019888, -0.008477, -0.021437, 0.962756, -0.269532, 0.002801, 0.269639, 0.962954),
      ["LeftHand"] = CFrame.new(0.000490, 0.014534, -0.000000, 0.884869, -0.061325, -0.461787, 0.292968, 0.843979, 0.449302, 0.362183, -0.532858, 0.764775),
      ["LeftLowerArm"] = CFrame.new(-0.000500, 0.058335, 0.010415, 1.000000, -0.000000, -0.000000, 0.000000, 0.892825, -0.450404, 0.000000, 0.450404, 0.892825),
      ["LeftLowerLeg"] = CFrame.new(0.000000, 0.125574, -0.089171, 1.000000, -0.000000, -0.000000, 0.000000, 0.076234, 0.997091, -0.000000, -0.997090, 0.076220),
      ["LeftUpperArm"] = CFrame.new(-0.045694, -0.154289, -0.118165, 0.439253, 0.833499, 0.335165, -0.808977, 0.529225, -0.255884, -0.390657, -0.158742, 0.906746),
      ["LeftUpperLeg"] = CFrame.new(-0.010342, 0.096806, -0.060993, 0.995455, 0.095205, -0.002125, -0.034333, 0.337970, -0.940523, -0.088825, 0.936329, 0.339723),
      ["LowerTorso"] = CFrame.new(0.044439, 0.733259, 0.046428, 0.996728, -0.075996, 0.027514, 0.076536, 0.996884, -0.019110, -0.025976, 0.021153, 0.999439),
      ["RightFoot"] = CFrame.new(0.000000, 0.008308, -0.000103, 0.921841, 0.387049, 0.020178, -0.318458, 0.786101, -0.529767, -0.220894, 0.481910, 0.847903),
      ["RightHand"] = CFrame.new(-0.000497, 0.003483, 0.000000, 0.941706, 0.009810, -0.336297, 0.174663, 0.840064, 0.513603, 0.287547, -0.542398, 0.789377),
      ["RightLowerArm"] = CFrame.new(-0.000001, 0.018436, 0.001108, 1.000000, 0.000000, 0.000000, -0.000000, 0.988584, -0.150668, -0.000000, 0.150668, 0.988584),
      ["RightLowerLeg"] = CFrame.new(-0.000000, 0.038145, -0.004611, 1.000000, 0.000000, -0.000000, -0.000000, 0.953091, 0.302670, 0.000000, -0.302684, 0.953095),
      ["RightUpperArm"] = CFrame.new(-0.071740, -0.124486, 0.094820, 0.602046, -0.798297, 0.016180, 0.795653, 0.601503, 0.071627, -0.066912, -0.030248, 0.997300),
      ["RightUpperLeg"] = CFrame.new(0.002462, 0.084940, -0.050236, 0.982109, 0.169570, -0.081898, -0.167521, 0.985371, 0.031333, 0.086013, -0.017038, 0.996148),
      ["UpperTorso"] = CFrame.new(-0.039498, 0.006536, -0.027142, 0.968894, 0.246349, -0.023605, -0.245989, 0.969121, 0.017132, 0.027096, -0.010793, 0.999575)
    }}
  }
}