return {
  ["KeyframeSequence_6"] = {
    {Time = 0.000, Data = {
      ["Head"] = CFrame.new(-0.000000, -0.000000, -0.000000, 0.991650, -0.125800, -0.028354, 0.127573, 0.989123, 0.073213, 0.018836, -0.076219, 0.996913),
      ["LeftFoot"] = CFrame.new(-0.000000, 0.028984, -0.000002, 0.987067, -0.159504, -0.016067, 0.155850, 0.978248, -0.136902, 0.037553, 0.132622, 0.990454),
      ["LeftHand"] = CFrame.new(0.000502, -0.002175, -0.000000, 0.998563, -0.053480, -0.003354, 0.053362, 0.998161, -0.028759, 0.004886, 0.028538, 0.999581),
      ["LeftLowerArm"] = CFrame.new(-0.000500, -0.002370, 0.000012, 1.000000, -0.000000, -0.000000, 0.000000, 1.000000, -0.000001, 0.000000, -0.000000, 1.000000),
      ["LeftLowerLeg"] = CFrame.new(0.000000, 0.117644, -0.061705, 1.000000, -0.000000, -0.000000, 0.000000, 0.361984, 0.932190, -0.000000, -0.932184, 0.361970),
      ["LeftUpperArm"] = CFrame.new(0.096582, 0.001174, -0.085377, 0.997535, 0.068909, -0.013231, -0.068346, 0.996894, 0.039124, 0.015886, -0.038122, 0.999147),
      ["LeftUpperLeg"] = CFrame.new(0.002292, 0.096949, -0.060910, 0.936597, 0.212168, -0.278870, -0.333029, 0.786496, -0.520091, 0.108982, 0.580008, 0.807302),
      ["LowerTorso"] = CFrame.new(0.194840, -0.087928, -0.053059, 0.993345, -0.114877, -0.008305, 0.114309, 0.992127, -0.051156, 0.014116, 0.049867, 0.998656),
      ["RightFoot"] = CFrame.new(-0.000000, -0.089030, -0.000103, 0.937090, -0.345796, -0.047816, 0.341379, 0.936386, -0.081493, 0.072954, 0.060048, 0.995526),
      ["RightHand"] = CFrame.new(-0.000504, -0.005579, -0.000000, 0.999827, -0.018346, -0.002960, 0.018051, 0.996639, -0.079903, 0.004416, 0.079835, 0.996798),
      ["RightLowerArm"] = CFrame.new(-0.000000, -0.005572, 0.000030, 1.000000, 0.000000, 0.000000, -0.000000, 1.000000, -0.000001, -0.000000, -0.000000, 1.000000),
      ["RightLowerLeg"] = CFrame.new(0.000000, -0.088722, -0.001172, 1.000000, 0.000000, -0.000000, -0.000000, 1.000000, -0.000007, -0.000000, -0.000011, 1.000000),
      ["RightUpperArm"] = CFrame.new(-0.013790, 0.072228, 0.000162, 0.999415, -0.020180, -0.027611, 0.022281, 0.996704, 0.078001, 0.025946, -0.078570, 0.996571),
      ["RightUpperLeg"] = CFrame.new(0.002462, 0.084939, -0.050236, 0.892081, 0.446306, 0.070737, -0.451377, 0.887466, 0.093080, -0.021236, -0.114956, 0.993143),
      ["UpperTorso"] = CFrame.new(-0.098056, 0.025853, -0.025902, 0.990931, 0.131632, 0.027006, -0.132388, 0.990790, 0.028429, -0.023016, -0.031746, 0.999231)
    }},
    {Time = 0.033, Data = {
      ["Head"] = CFrame.new(-0.000000, -0.000000, 0.000000, 0.992169, -0.121827, -0.027529, 0.123549, 0.989629, 0.073285, 0.018316, -0.076113, 0.996931),
      ["LeftFoot"] = CFrame.new(0.000000, 0.027469, -0.000002, 0.992336, -0.122925, -0.012605, 0.121348, 0.988670, -0.088359, 0.023323, 0.086148, 0.996009),
      ["LeftHand"] = CFrame.new(0.000510, -0.014952, -0.000000, 0.999059, -0.043003, -0.005615, 0.042859, 0.998804, -0.023542, 0.006620, 0.023279, 0.999707),
      ["LeftLowerArm"] = CFrame.new(-0.000500, -0.015132, 0.000082, 1.000000, -0.000000, -0.000000, 0.000000, 1.000000, -0.000001, 0.000000, -0.000000, 1.000000),
      ["LeftLowerLeg"] = CFrame.new(0.000000, 0.112567, -0.052738, 1.000000, -0.000000, -0.000000, 0.000000, 0.455225, 0.890383, -0.000000, -0.890377, 0.455212),
      ["LeftUpperArm"] = CFrame.new(0.095220, -0.000294, -0.083319, 0.997445, 0.069844, -0.015032, -0.068684, 0.995366, 0.067305, 0.019664, -0.066100, 0.997619),
      ["LeftUpperLeg"] = CFrame.new(0.002292, 0.096949, -0.060910, 0.964770, 0.169036, -0.201603, -0.250629, 0.823563, -0.508830, 0.080021, 0.541452, 0.836928),
      ["LowerTorso"] = CFrame.new(0.174916, -0.060487, -0.053024, 0.997907, -0.063725, -0.010973, 0.063091, 0.996718, -0.050715, 0.014169, 0.049917, 0.998653),
      ["RightFoot"] = CFrame.new(0.000000, -0.091552, -0.000104, 0.939032, -0.340529, -0.047516, 0.332542, 0.934611, -0.126170, 0.087372, 0.102680, 0.990870),
      ["RightHand"] = CFrame.new(-0.000509, -0.014425, -0.000000, 0.999840, -0.017620, -0.003085, 0.017360, 0.997387, -0.070129, 0.004313, 0.070064, 0.997533),
      ["RightLowerArm"] = CFrame.new(-0.000000, -0.014407, 0.000078, 1.000000, -0.000000, 0.000000, -0.000000, 1.000000, -0.000001, -0.000000, -0.000000, 1.000000),
      ["RightLowerLeg"] = CFrame.new(-0.000000, -0.091235, -0.001205, 1.000000, 0.000000, 0.000000, -0.000000, 1.000000, -0.000008, -0.000000, -0.000011, 1.000000),
      ["RightUpperArm"] = CFrame.new(-0.013274, 0.058691, -0.000972, 0.998383, -0.047101, -0.031835, 0.049355, 0.996024, 0.074160, 0.028215, -0.075611, 0.996738),
      ["RightUpperLeg"] = CFrame.new(0.002462, 0.084939, -0.050236, 0.916274, 0.391263, 0.085770, -0.399846, 0.906158, 0.137853, -0.023785, -0.160598, 0.986732),
      ["UpperTorso"] = CFrame.new(-0.093588, 0.022325, -0.025820, 0.996292, 0.079846, 0.032050, -0.080771, 0.996320, 0.028664, -0.029643, -0.031146, 0.999075)
    }},
    {Time = 0.067, Data = {
      ["Head"] = CFrame.new(-0.000000, -0.000000, -0.000000, 0.993460, -0.111043, -0.026590, 0.112723, 0.990910, 0.073426, 0.018195, -0.075943, 0.996946),
      ["LeftFoot"] = CFrame.new(0.000000, 0.024691, -0.000003, 0.998377, -0.056595, -0.006323, 0.056284, 0.997546, -0.041642, 0.008664, 0.041214, 0.999113),
      ["LeftHand"] = CFrame.new(0.000513, -0.020159, -0.000000, 0.999655, -0.024455, -0.009611, 0.024227, 0.999437, -0.023230, 0.010174, 0.022989, 0.999684),
      ["LeftLowerArm"] = CFrame.new(-0.000499, -0.020333, 0.000110, 1.000000, -0.000000, -0.000000, 0.000000, 1.000000, -0.000001, 0.000000, -0.000000, 1.000000),
      ["LeftLowerLeg"] = CFrame.new(0.000000, 0.103570, -0.041349, 1.000000, -0.000000, -0.000000, 0.000000, 0.573654, 0.819104, -0.000000, -0.819098, 0.573645),
      ["LeftUpperArm"] = CFrame.new(0.091686, -0.001945, -0.079349, 0.997521, 0.067144, -0.021055, -0.065143, 0.994290, 0.084522, 0.026610, -0.082940, 0.996199),
      ["LeftUpperLeg"] = CFrame.new(0.002292, 0.096949, -0.060910, 0.991011, 0.106864, -0.080481, -0.132426, 0.868997, -0.476747, 0.018990, 0.483140, 0.875349),
      ["LowerTorso"] = CFrame.new(0.142062, -0.035379, -0.052997, 0.999867, -0.008684, -0.013800, 0.007983, 0.998713, -0.050083, 0.014217, 0.049966, 0.998650),
      ["RightFoot"] = CFrame.new(0.000000, -0.091900, -0.000104, 0.942993, -0.329492, -0.046883, 0.317334, 0.932632, -0.171749, 0.100312, 0.147080, 0.984025),
      ["RightHand"] = CFrame.new(-0.000509, -0.012965, -0.000000, 0.999952, -0.008660, -0.004662, 0.008364, 0.998157, -0.060100, 0.005173, 0.060058, 0.998181),
      ["RightLowerArm"] = CFrame.new(-0.000000, -0.012949, 0.000070, 1.000000, 0.000000, 0.000000, -0.000000, 1.000000, -0.000001, -0.000000, -0.000000, 1.000000),
      ["RightLowerLeg"] = CFrame.new(0.000000, -0.091583, -0.001210, 1.000000, 0.000000, 0.000000, -0.000000, 1.000000, -0.000008, -0.000000, -0.000011, 1.000000),
      ["RightUpperArm"] = CFrame.new(-0.012445, 0.046589, -0.003660, 0.996725, -0.070634, -0.039369, 0.073557, 0.994192, 0.078556, 0.033592, -0.081194, 0.996132),
      ["RightUpperLeg"] = CFrame.new(0.002462, 0.084939, -0.050236, 0.940862, 0.325403, 0.094299, -0.337802, 0.922293, 0.187798, -0.025862, -0.208539, 0.977670),
      ["UpperTorso"] = CFrame.new(-0.079474, 0.018640, -0.025853, 0.998772, 0.022943, 0.043911, -0.024249, 0.999273, 0.029430, -0.043204, -0.030459, 0.998602)
    }},
    {Time = 0.100, Data = {
      ["Head"] = CFrame.new(-0.000000, 0.000000, -0.000000, 0.995137, -0.095124, -0.025582, 0.096772, 0.992581, 0.073607, 0.018390, -0.075725, 0.996959),
      ["LeftFoot"] = CFrame.new(-0.000000, 0.019381, -0.000003, 0.999739, 0.022808, 0.001203, -0.022812, 0.999735, 0.003167, -0.001130, -0.003198, 0.999994),
      ["LeftHand"] = CFrame.new(0.000513, -0.019642, -0.000000, 0.999886, 0.001004, -0.015089, -0.001390, 0.999671, -0.025602, 0.015058, 0.025620, 0.999558),
      ["LeftLowerArm"] = CFrame.new(-0.000499, -0.019818, 0.000107, 1.000000, -0.000000, -0.000000, 0.000000, 1.000000, -0.000001, 0.000000, -0.000000, 1.000000),
      ["LeftLowerLeg"] = CFrame.new(0.000000, 0.087711, -0.027971, 1.000000, -0.000000, -0.000000, 0.000000, 0.712728, 0.701445, -0.000000, -0.701441, 0.712724),
      ["LeftUpperArm"] = CFrame.new(0.086554, -0.002298, -0.073846, 0.997791, 0.059118, -0.030290, -0.055848, 0.993487, 0.099316, 0.035964, -0.097404, 0.994595),
      ["LeftUpperLeg"] = CFrame.new(0.002292, 0.096949, -0.060910, 0.998278, 0.018684, 0.055613, 0.005019, 0.917258, -0.398242, -0.058452, 0.397855, 0.915593),
      ["LowerTorso"] = CFrame.new(0.100775, -0.014298, -0.052988, 0.998711, 0.047952, -0.016652, -0.048720, 0.997597, -0.049256, 0.014250, 0.050003, 0.998647),
      ["RightFoot"] = CFrame.new(0.000000, -0.090440, -0.000104, 0.948238, -0.314209, -0.046000, 0.297688, 0.929962, -0.215765, 0.110570, 0.190900, 0.975361),
      ["RightHand"] = CFrame.new(-0.000504, -0.006317, 0.000000, 0.999967, 0.004260, -0.006934, -0.004580, 0.998895, -0.046775, 0.006727, 0.046805, 0.998881),
      ["RightLowerArm"] = CFrame.new(-0.000000, -0.006309, 0.000034, 1.000000, 0.000000, 0.000000, -0.000000, 1.000000, -0.000001, -0.000000, 0.000000, 1.000000),
      ["RightLowerLeg"] = CFrame.new(0.000000, -0.090128, -0.001191, 1.000000, 0.000000, -0.000000, 0.000000, 1.000000, -0.000008, 0.000000, -0.000011, 1.000000),
      ["RightUpperArm"] = CFrame.new(-0.011472, 0.036863, -0.007839, 0.994781, -0.089108, -0.049704, 0.093012, 0.992224, 0.082707, 0.041948, -0.086898, 0.995334),
      ["RightUpperLeg"] = CFrame.new(0.002462, 0.084939, -0.050236, 0.962897, 0.252843, 0.094336, -0.268503, 0.932694, 0.240814, -0.027100, -0.257201, 0.965976),
      ["UpperTorso"] = CFrame.new(-0.058081, 0.016567, -0.026061, 0.997483, -0.036543, 0.060769, 0.034658, 0.998893, 0.031793, -0.061864, -0.029607, 0.997645)
    }},
    {Time = 0.133, Data = {
      ["Head"] = CFrame.new(-0.000000, 0.000000, 0.000000, 0.996824, -0.075755, -0.024549, 0.077378, 0.994267, 0.073802, 0.018817, -0.075468, 0.996971),
      ["LeftFoot"] = CFrame.new(0.000000, 0.012410, -0.000003, 0.994880, 0.100695, 0.008590, -0.101023, 0.993224, 0.057449, -0.002747, -0.058023, 0.998311),
      ["LeftHand"] = CFrame.new(0.000511, -0.015846, -0.000000, 0.999236, 0.032415, -0.021833, -0.033020, 0.999064, -0.027942, 0.020906, 0.028641, 0.999371),
      ["LeftLowerArm"] = CFrame.new(-0.000499, -0.016025, 0.000086, 1.000000, -0.000000, -0.000000, 0.000000, 1.000000, -0.000001, 0.000000, 0.000000, 1.000000),
      ["LeftLowerLeg"] = CFrame.new(0.000000, 0.062198, -0.013317, 1.000000, -0.000000, -0.000000, 0.000000, 0.863609, 0.504157, -0.000000, -0.504162, 0.863612),
      ["LeftUpperArm"] = CFrame.new(0.080344, 0.000182, -0.067449, 0.998167, 0.044068, -0.041489, -0.038817, 0.992036, 0.119825, 0.046439, -0.117994, 0.991928),
      ["LeftUpperLeg"] = CFrame.new(0.002292, 0.096949, -0.060910, 0.980075, -0.101115, 0.170961, 0.143023, 0.956525, -0.254157, -0.137829, 0.273562, 0.951933),
      ["LowerTorso"] = CFrame.new(0.055566, 0.000869, -0.053007, 0.994403, 0.103858, -0.019403, -0.104688, 0.993333, -0.048260, 0.014261, 0.050021, 0.998646),
      ["RightFoot"] = CFrame.new(0.000000, -0.087152, -0.000104, 0.954025, -0.296335, -0.044958, 0.275751, 0.926562, -0.255828, 0.117463, 0.231663, 0.965676),
      ["RightHand"] = CFrame.new(-0.000500, 0.000138, -0.000000, 0.999830, 0.016095, -0.009014, -0.016310, 0.999570, -0.024369, 0.008617, 0.024512, 0.999662),
      ["RightLowerArm"] = CFrame.new(0.000000, 0.000633, 0.000000, 1.000000, 0.000000, 0.000000, -0.000000, 0.999988, -0.004962, -0.000000, 0.004961, 0.999988),
      ["RightLowerLeg"] = CFrame.new(0.000000, -0.086851, -0.001147, 1.000000, 0.000000, -0.000000, -0.000000, 1.000000, -0.000008, -0.000000, -0.000011, 1.000000),
      ["RightUpperArm"] = CFrame.new(-0.010576, 0.030759, -0.013817, 0.992987, -0.100351, -0.062502, 0.105219, 0.991209, 0.080204, 0.053904, -0.086218, 0.994817),
      ["RightUpperLeg"] = CFrame.new(0.002462, 0.084939, -0.050236, 0.980268, 0.178366, 0.085206, -0.195788, 0.935462, 0.294249, -0.027223, -0.305118, 0.951923),
      ["UpperTorso"] = CFrame.new(-0.031955, 0.017259, -0.026467, 0.992103, -0.096018, 0.080701, 0.093337, 0.994970, 0.036369, -0.083787, -0.028549, 0.996075)
    }},
    {Time = 0.167, Data = {
      ["Head"] = CFrame.new(-0.000000, 0.000000, 0.000000, 0.998229, -0.054637, -0.023539, 0.056242, 0.995672, 0.073992, 0.019395, -0.075185, 0.996981),
      ["LeftFoot"] = CFrame.new(0.000000, 0.004088, -0.000003, 0.985701, 0.167839, 0.014964, -0.168007, 0.972099, 0.163718, 0.012929, -0.163874, 0.986394),
      ["LeftHand"] = CFrame.new(0.000508, -0.012036, -0.000000, 0.997184, 0.068889, -0.029646, -0.069702, 0.997193, -0.027343, 0.027679, 0.029332, 0.999186),
      ["LeftLowerArm"] = CFrame.new(-0.000499, -0.012220, 0.000066, 1.000000, -0.000000, -0.000000, 0.000000, 1.000000, -0.000001, 0.000000, 0.000000, 1.000000),
      ["LeftLowerLeg"] = CFrame.new(-0.000000, 0.017768, -0.000769, 1.000000, 0.000000, 0.000000, 0.000000, 0.990984, 0.133963, -0.000000, -0.133980, 0.990986),
      ["LeftUpperArm"] = CFrame.new(0.073487, 0.006900, -0.061436, 0.998384, 0.020712, -0.052922, -0.012327, 0.987975, 0.154121, 0.055478, -0.153218, 0.986634),
      ["LeftUpperLeg"] = CFrame.new(0.002292, 0.096949, -0.060910, 0.940814, -0.257139, 0.220790, 0.266565, 0.963722, -0.013478, -0.209314, 0.071545, 0.975228),
      ["LowerTorso"] = CFrame.new(0.010930, 0.008041, -0.053066, 0.987396, 0.156744, -0.021941, -0.157629, 0.986372, -0.047152, 0.014251, 0.050016, 0.998647),
      ["RightFoot"] = CFrame.new(-0.000000, -0.081607, -0.000103, 0.959634, -0.277808, -0.043868, 0.253907, 0.922818, -0.289732, 0.120967, 0.266890, 0.956102),
      ["RightHand"] = CFrame.new(-0.000499, 0.000778, -0.000000, 0.999728, 0.021111, -0.009894, -0.020934, 0.999624, 0.017686, 0.010263, -0.017473, 0.999795),
      ["RightLowerArm"] = CFrame.new(0.000000, 0.003670, 0.000036, 1.000000, -0.000000, 0.000000, -0.000000, 0.999579, -0.029031, -0.000000, 0.029031, 0.999578),
      ["RightLowerLeg"] = CFrame.new(0.000000, -0.081324, -0.001074, 1.000000, 0.000000, 0.000000, -0.000000, 1.000000, -0.000008, -0.000000, -0.000011, 1.000000),
      ["RightUpperArm"] = CFrame.new(-0.009939, 0.029765, -0.022250, 0.991715, -0.101752, -0.078413, 0.107208, 0.991852, 0.068824, 0.070770, -0.076660, 0.994542),
      ["RightUpperLeg"] = CFrame.new(0.002462, 0.084940, -0.050236, 0.991927, 0.107168, 0.067793, -0.124107, 0.930208, 0.345421, -0.026044, -0.351040, 0.935996),
      ["UpperTorso"] = CFrame.new(-0.003701, 0.021101, -0.027055, 0.982986, -0.152902, 0.101777, 0.149187, 0.987864, 0.043208, -0.107149, -0.027289, 0.993868)
    }},
    {Time = 0.200, Data = {
      ["Head"] = CFrame.new(-0.000000, -0.000000, 0.000000, 0.999183, -0.033490, -0.022601, 0.035081, 0.996629, 0.074161, 0.020041, -0.074893, 0.996990),
      ["LeftFoot"] = CFrame.new(0.000000, -0.031505, -0.000003, 0.974669, 0.222742, 0.020179, -0.223318, 0.964295, 0.142370, 0.012249, -0.143250, 0.989608),
      ["LeftHand"] = CFrame.new(0.000502, -0.002857, -0.000000, 0.996648, 0.075665, -0.031096, -0.076406, 0.996803, -0.023363, 0.029229, 0.025661, 0.999243),
      ["LeftLowerArm"] = CFrame.new(-0.000500, -0.003052, 0.000016, 1.000000, -0.000000, -0.000000, 0.000000, 1.000000, -0.000001, 0.000000, -0.000000, 1.000000),
      ["LeftLowerLeg"] = CFrame.new(-0.000000, -0.030995, -0.000310, 1.000000, 0.000000, 0.000000, 0.000000, 1.000000, -0.000008, 0.000000, -0.000011, 1.000000),
      ["LeftUpperArm"] = CFrame.new(0.065629, 0.025924, -0.051023, 0.996608, -0.022535, -0.079146, 0.038672, 0.977208, 0.208732, 0.072639, -0.211084, 0.974765),
      ["LeftUpperLeg"] = CFrame.new(0.002292, 0.096949, -0.060910, 0.889630, -0.382191, 0.249974, 0.369401, 0.924070, 0.098176, -0.268515, 0.005008, 0.963262),
      ["LowerTorso"] = CFrame.new(-0.029123, -0.011371, -0.053119, 0.978587, 0.204410, -0.024170, -0.205342, 0.977608, -0.046013, 0.014224, 0.049991, 0.998648),
      ["RightFoot"] = CFrame.new(-0.000000, -0.065347, -0.000103, 0.963818, -0.263070, -0.042993, 0.236380, 0.918047, -0.318310, 0.123202, 0.296620, 0.947011),
      ["RightHand"] = CFrame.new(-0.000499, 0.001452, -0.000000, 0.999715, 0.021693, -0.010000, -0.021354, 0.999230, 0.032904, 0.010706, -0.032680, 0.999408),
      ["RightLowerArm"] = CFrame.new(-0.000000, 0.007058, 0.000147, 1.000000, 0.000000, 0.000000, -0.000000, 0.998413, -0.056317, -0.000000, 0.056316, 0.998413),
      ["RightLowerLeg"] = CFrame.new(0.000000, -0.065120, -0.000859, 1.000000, 0.000000, -0.000000, 0.000000, 1.000000, -0.000008, -0.000000, -0.000011, 1.000000),
      ["RightUpperArm"] = CFrame.new(-0.009354, 0.033232, -0.033680, 0.990545, -0.097120, -0.096896, 0.100272, 0.994560, 0.028199, 0.093631, -0.037648, 0.994895),
      ["RightUpperLeg"] = CFrame.new(0.002462, 0.084940, -0.050236, 0.997889, 0.046413, 0.045426, -0.060610, 0.916794, 0.394741, -0.023326, -0.396655, 0.917669),
      ["UpperTorso"] = CFrame.new(0.024152, 0.027676, -0.027768, 0.971168, -0.204712, 0.122175, 0.199739, 0.978480, 0.051776, -0.130145, -0.025880, 0.991157)
    }},
    {Time = 0.233, Data = {
      ["Head"] = CFrame.new(-0.000000, -0.000000, 0.000000, 0.999664, -0.014043, -0.021784, 0.015626, 0.997114, 0.074300, 0.020677, -0.074615, 0.996998),
      ["LeftFoot"] = CFrame.new(0.000000, -0.059015, -0.000003, 0.963102, 0.268020, 0.024482, -0.269031, 0.961271, 0.059848, -0.007497, -0.064211, 0.997907),
      ["LeftHand"] = CFrame.new(0.000497, 0.004582, 0.000000, 0.998990, 0.038516, -0.023126, -0.037836, 0.998858, 0.029158, 0.024223, -0.028254, 0.999307),
      ["LeftLowerArm"] = CFrame.new(-0.000500, 0.014142, 0.000452, 1.000000, -0.000000, -0.000000, 0.000000, 0.995141, -0.098461, 0.000000, 0.098460, 0.995141),
      ["LeftLowerLeg"] = CFrame.new(-0.000000, -0.058411, -0.000673, 1.000000, -0.000000, -0.000000, -0.000000, 1.000000, -0.000008, 0.000000, -0.000011, 1.000000),
      ["LeftUpperArm"] = CFrame.new(0.054773, 0.060373, -0.034754, 0.987722, -0.079544, -0.134456, 0.119329, 0.939631, 0.320709, 0.100829, -0.332815, 0.937586),
      ["LeftUpperLeg"] = CFrame.new(0.002292, 0.096949, -0.060910, 0.835251, -0.473029, 0.280353, 0.451459, 0.881006, 0.141470, -0.313912, 0.008412, 0.949415),
      ["LowerTorso"] = CFrame.new(-0.062626, -0.061160, -0.053124, 0.969228, 0.244788, -0.026014, -0.245757, 0.968289, -0.044942, 0.014188, 0.049952, 0.998651),
      ["RightFoot"] = CFrame.new(0.000000, -0.036511, -0.000103, 0.966357, -0.253681, -0.042433, 0.224590, 0.912656, -0.341507, 0.125355, 0.320476, 0.938921),
      ["RightHand"] = CFrame.new(-0.000498, 0.002889, 0.000000, 0.999667, 0.023634, -0.010364, -0.023455, 0.999579, 0.017096, 0.010763, -0.016847, 0.999800),
      ["RightLowerArm"] = CFrame.new(0.000000, 0.014935, 0.000711, 1.000000, 0.000000, 0.000000, -0.000000, 0.992622, -0.121250, -0.000000, 0.121250, 0.992622),
      ["RightLowerLeg"] = CFrame.new(0.000000, -0.036383, -0.000478, 1.000000, -0.000000, -0.000000, -0.000000, 1.000000, -0.000008, -0.000000, -0.000011, 1.000000),
      ["RightUpperArm"] = CFrame.new(-0.008527, 0.038864, -0.046390, 0.988891, -0.090506, -0.117916, 0.089009, 0.995870, -0.017912, 0.119050, 0.007217, 0.992862),
      ["RightUpperLeg"] = CFrame.new(0.002463, 0.084939, -0.050236, 0.999783, 0.000114, 0.020849, -0.009333, 0.896656, 0.442636, -0.018644, -0.442728, 0.896459),
      ["UpperTorso"] = CFrame.new(0.049267, 0.035854, -0.028518, 0.958262, -0.249112, 0.140274, 0.242755, 0.968167, 0.061020, -0.151010, -0.024421, 0.988231)
    }},
    {Time = 0.267, Data = {
      ["Head"] = CFrame.new(-0.000000, 0.000000, 0.000000, 0.999775, 0.001975, -0.021137, -0.000396, 0.997228, 0.074402, 0.021226, -0.074377, 0.997004),
      ["LeftFoot"] = CFrame.new(0.000000, -0.073896, -0.000003, 0.952356, 0.303711, 0.027876, -0.303490, 0.952760, -0.011944, -0.030188, 0.002925, 0.999540),
      ["LeftHand"] = CFrame.new(0.000496, 0.006806, 0.000000, 0.999827, -0.014431, -0.011741, 0.015232, 0.997336, 0.071331, 0.010680, -0.071496, 0.997384),
      ["LeftLowerArm"] = CFrame.new(-0.000500, 0.024102, 0.001518, 1.000000, -0.000000, -0.000000, 0.000000, 0.984203, -0.177044, 0.000000, 0.177044, 0.984203),
      ["LeftLowerLeg"] = CFrame.new(0.000000, -0.073241, -0.000870, 1.000000, 0.000000, 0.000000, 0.000000, 1.000000, -0.000007, 0.000000, -0.000011, 1.000000),
      ["LeftUpperArm"] = CFrame.new(0.040258, 0.101178, -0.018956, 0.969277, -0.134674, -0.205830, 0.210417, 0.887348, 0.410291, 0.127387, -0.440995, 0.888423),
      ["LeftUpperLeg"] = CFrame.new(0.002292, 0.096949, -0.060910, 0.786432, -0.542129, 0.296007, 0.512186, 0.840216, 0.178059, -0.345240, 0.011587, 0.938443),
      ["LowerTorso"] = CFrame.new(-0.088212, -0.121409, -0.053102, 0.960786, 0.275934, -0.027406, -0.276931, 0.959880, -0.044049, 0.014152, 0.049911, 0.998653),
      ["RightFoot"] = CFrame.new(0.000000, -0.003506, -0.000103, 0.967838, -0.248028, -0.042094, 0.217629, 0.909377, -0.354515, 0.126203, 0.333940, 0.934102),
      ["RightHand"] = CFrame.new(-0.000497, 0.003573, 0.000000, 0.999600, 0.026128, -0.010827, -0.026479, 0.999084, -0.033627, 0.009938, 0.033900, 0.999376),
      ["RightLowerArm"] = CFrame.new(0.000000, 0.018984, 0.001178, 1.000000, 0.000000, 0.000000, -0.000000, 0.987868, -0.155294, -0.000000, 0.155294, 0.987868),
      ["RightLowerLeg"] = CFrame.new(0.000000, -0.003493, -0.000043, 1.000000, -0.000000, 0.000000, -0.000000, 1.000000, -0.000008, -0.000000, -0.000011, 1.000000),
      ["RightUpperArm"] = CFrame.new(-0.007581, 0.045524, -0.057762, 0.986998, -0.086626, -0.135390, 0.075689, 0.993591, -0.083950, 0.141795, 0.072611, 0.987229),
      ["RightUpperLeg"] = CFrame.new(0.002463, 0.084939, -0.050236, 0.999506, -0.031158, -0.004106, 0.029231, 0.873684, 0.485621, -0.011543, -0.485496, 0.874160),
      ["UpperTorso"] = CFrame.new(0.069550, 0.043978, -0.029195, 0.946284, -0.283933, 0.154690, 0.276255, 0.958567, 0.069515, -0.168019, -0.023047, 0.985514)
    }},
    {Time = 0.300, Data = {
      ["Head"] = CFrame.new(-0.000000, -0.000000, 0.000000, 0.999703, 0.012842, -0.020713, -0.011266, 0.997160, 0.074467, 0.021610, -0.074211, 0.997008),
      ["LeftFoot"] = CFrame.new(-0.000000, -0.080069, -0.000004, 0.944216, 0.327939, 0.030180, -0.325666, 0.943419, -0.062465, -0.048959, 0.049159, 0.997591),
      ["LeftHand"] = CFrame.new(0.000496, 0.006954, -0.000000, 0.998216, -0.059680, -0.001988, 0.059655, 0.995234, 0.077143, -0.002625, -0.077123, 0.997018),
      ["LeftLowerArm"] = CFrame.new(-0.000500, 0.024771, 0.001613, 1.000000, -0.000000, -0.000000, 0.000000, 0.983229, -0.182378, 0.000000, 0.182377, 0.983229),
      ["LeftLowerLeg"] = CFrame.new(-0.000000, -0.079393, -0.000951, 1.000000, 0.000000, 0.000000, 0.000000, 1.000000, -0.000008, 0.000000, -0.000011, 1.000000),
      ["LeftUpperArm"] = CFrame.new(0.025815, 0.135325, -0.007479, 0.947609, -0.180089, -0.263829, 0.284825, 0.850263, 0.442637, 0.144610, -0.494591, 0.857010),
      ["LeftUpperLeg"] = CFrame.new(0.002292, 0.096949, -0.060910, 0.751548, -0.586533, 0.301915, 0.550587, 0.809805, 0.202660, -0.363358, 0.013929, 0.931545),
      ["LowerTorso"] = CFrame.new(-0.104546, -0.172215, -0.053073, 0.954771, 0.295993, -0.028289, -0.297006, 0.953887, -0.043442, 0.014126, 0.049879, 0.998655),
      ["RightFoot"] = CFrame.new(0.000000, 0.007000, -0.000103, 0.968670, -0.244793, -0.041900, 0.199468, 0.867362, -0.455977, 0.147953, 0.433312, 0.889004),
      ["RightHand"] = CFrame.new(-0.000498, 0.003453, -0.000000, 0.999526, 0.028628, -0.011284, -0.029576, 0.994993, -0.095464, 0.008495, 0.095752, 0.995369),
      ["RightLowerArm"] = CFrame.new(0.000000, 0.018261, 0.001086, 1.000000, 0.000000, 0.000000, -0.000000, 0.988810, -0.149181, -0.000000, 0.149180, 0.988810),
      ["RightLowerLeg"] = CFrame.new(-0.000000, 0.031101, -0.002964, 1.000000, 0.000000, 0.000000, 0.000000, 0.969765, 0.244025, 0.000000, -0.244041, 0.969769),
      ["RightUpperArm"] = CFrame.new(-0.006788, 0.051316, -0.065689, 0.985413, -0.086702, -0.146441, 0.064104, 0.986216, -0.152537, 0.157648, 0.140925, 0.977388),
      ["RightUpperLeg"] = CFrame.new(0.002463, 0.084939, -0.050236, 0.998512, -0.050508, -0.020541, 0.054502, 0.913560, 0.403047, -0.001591, -0.403555, 0.914949),
      ["UpperTorso"] = CFrame.new(0.083095, 0.050137, -0.029681, 0.937393, -0.307124, 0.164222, 0.298463, 0.951417, 0.075665, -0.179483, -0.021914, 0.983517)
    }},
    {Time = 0.333, Data = {
      ["Head"] = CFrame.new(-0.000000, -0.000000, -0.000000, 0.999647, 0.016845, -0.020560, -0.015270, 0.997105, 0.074490, 0.021755, -0.074149, 0.997010),
      ["LeftFoot"] = CFrame.new(0.000000, -0.081225, -0.000004, 0.940969, 0.337065, 0.031049, -0.333725, 0.939145, -0.081451, -0.056614, 0.066287, 0.996194),
      ["LeftHand"] = CFrame.new(0.000496, 0.006105, -0.000000, 0.996870, -0.079029, 0.002185, 0.078712, 0.994698, 0.066187, -0.007404, -0.065807, 0.997805),
      ["LeftLowerArm"] = CFrame.new(-0.000500, 0.020914, 0.001106, 1.000000, -0.000000, -0.000000, 0.000000, 0.988421, -0.151739, 0.000000, 0.151739, 0.988421),
      ["LeftLowerLeg"] = CFrame.new(-0.000000, -0.080544, -0.000966, 1.000000, 0.000000, -0.000000, -0.000000, 1.000000, -0.000008, 0.000000, -0.000011, 1.000000),
      ["LeftUpperArm"] = CFrame.new(0.019356, 0.149017, -0.001165, 0.937414, -0.202166, -0.283519, 0.313866, 0.843173, 0.436519, 0.150806, -0.498185, 0.853855),
      ["LeftUpperLeg"] = CFrame.new(0.002292, 0.096949, -0.060910, 0.738348, -0.602462, 0.303118, 0.564289, 0.798010, 0.211567, -0.369351, 0.014842, 0.929171),
      ["LowerTorso"] = CFrame.new(-0.110292, -0.193612, -0.053059, 0.952528, 0.303106, -0.028599, -0.304125, 0.951651, -0.043221, 0.014116, 0.049867, 0.998656),
      ["RightFoot"] = CFrame.new(0.000000, 0.009950, -0.000103, 0.969189, -0.242754, -0.041777, 0.192700, 0.852871, -0.485283, 0.153425, 0.462256, 0.873358),
      ["RightHand"] = CFrame.new(-0.000498, 0.003035, 0.000000, 0.999457, 0.030806, -0.011673, -0.032069, 0.990912, -0.130635, 0.007542, 0.130937, 0.991362),
      ["RightLowerArm"] = CFrame.new(0.000000, 0.015785, 0.000799, 1.000000, 0.000000, 0.000000, -0.000000, 0.991726, -0.128371, -0.000000, 0.128370, 0.991726),
      ["RightLowerLeg"] = CFrame.new(0.000000, 0.047237, -0.007347, 1.000000, 0.000000, 0.000000, -0.000000, 0.925341, 0.379124, 0.000000, -0.379135, 0.925346),
      ["RightUpperArm"] = CFrame.new(-0.006442, 0.053862, -0.068786, 0.984720, -0.088237, -0.150137, 0.059013, 0.980199, -0.189019, 0.163843, 0.177271, 0.970428),
      ["RightUpperLeg"] = CFrame.new(0.002462, 0.084939, -0.050236, 0.997755, -0.057655, -0.034065, 0.065963, 0.933876, 0.351476, 0.011548, -0.352919, 0.935577),
      ["UpperTorso"] = CFrame.new(0.088045, 0.052521, -0.029865, 0.933596, -0.316659, 0.167706, 0.307645, 0.948303, 0.077947, -0.183719, -0.021178, 0.982751)
    }},
    {Time = 0.367, Data = {
      ["Head"] = CFrame.new(-0.000000, -0.000000, 0.000000, 0.999672, 0.015182, -0.020623, -0.013607, 0.997130, 0.074480, 0.021694, -0.074175, 0.997009),
      ["LeftFoot"] = CFrame.new(-0.000000, -0.079798, -0.000003, 0.941548, 0.335458, 0.030895, -0.332419, 0.940043, -0.076261, -0.054626, 0.061539, 0.996609),
      ["LeftHand"] = CFrame.new(0.000496, 0.006245, 0.000000, 0.997064, -0.076558, 0.001650, 0.076192, 0.993989, 0.078616, -0.007659, -0.078259, 0.996904),
      ["LeftLowerArm"] = CFrame.new(-0.000500, 0.021547, 0.001183, 1.000000, -0.000000, -0.000000, 0.000000, 0.987638, -0.156753, 0.000000, 0.156753, 0.987638),
      ["LeftLowerLeg"] = CFrame.new(-0.000000, -0.079122, -0.000948, 1.000000, 0.000000, 0.000000, 0.000000, 1.000000, -0.000007, 0.000000, -0.000011, 1.000000),
      ["LeftUpperArm"] = CFrame.new(0.022633, 0.142877, 0.003687, 0.944197, -0.192097, -0.267563, 0.295561, 0.852660, 0.430831, 0.145379, -0.485871, 0.861855),
      ["LeftUpperLeg"] = CFrame.new(0.002292, 0.096949, -0.060910, 0.748948, -0.594552, 0.292546, 0.559683, 0.803949, 0.201053, -0.354728, 0.013161, 0.934877),
      ["LowerTorso"] = CFrame.new(-0.106841, -0.191262, -0.053059, 0.954711, 0.296188, -0.028285, -0.297200, 0.953827, -0.043431, 0.014115, 0.049870, 0.998656),
      ["RightFoot"] = CFrame.new(0.000000, 0.012161, -0.000103, 0.972776, -0.228118, -0.040893, 0.180614, 0.856795, -0.483015, 0.145212, 0.462454, 0.874657),
      ["RightHand"] = CFrame.new(-0.000498, 0.002800, 0.000000, 0.999409, 0.032248, -0.011923, -0.033536, 0.990762, -0.131399, 0.007575, 0.131720, 0.991258),
      ["RightLowerArm"] = CFrame.new(-0.000000, 0.014418, 0.000661, 1.000000, 0.000000, 0.000000, -0.000000, 0.993139, -0.116940, -0.000000, 0.116939, 0.993139),
      ["RightLowerLeg"] = CFrame.new(0.000000, 0.059537, -0.012254, 1.000000, 0.000000, 0.000000, -0.000000, 0.875460, 0.483285, 0.000000, -0.483290, 0.875463),
      ["RightUpperArm"] = CFrame.new(-0.007114, 0.054019, -0.064701, 0.986063, -0.087721, -0.141366, 0.058698, 0.978496, -0.197738, 0.155672, 0.186685, 0.970008),
      ["RightUpperLeg"] = CFrame.new(0.002462, 0.084939, -0.050236, 0.996534, -0.066655, -0.049765, 0.078576, 0.950636, 0.300212, 0.027298, -0.303064, 0.952574),
      ["UpperTorso"] = CFrame.new(0.087035, 0.049556, -0.029706, 0.936628, -0.311461, 0.160374, 0.303480, 0.950061, 0.072697, -0.175007, -0.019420, 0.984376)
    }},
    {Time = 0.400, Data = {
      ["Head"] = CFrame.new(-0.000000, -0.000000, -0.000000, 0.999727, 0.010622, -0.020796, -0.009047, 0.997183, 0.074454, 0.021528, -0.074246, 0.997008),
      ["LeftFoot"] = CFrame.new(-0.000000, -0.075875, -0.000003, 0.943386, 0.330299, 0.030405, -0.327970, 0.942563, -0.063324, -0.049575, 0.049774, 0.997530),
      ["LeftHand"] = CFrame.new(0.000495, 0.007867, -0.000000, 0.997604, -0.069182, 0.000063, 0.068628, 0.989732, 0.125383, -0.008736, -0.125077, 0.992108),
      ["LeftLowerArm"] = CFrame.new(-0.000500, 0.028926, 0.002270, 1.000000, -0.000000, -0.000000, 0.000000, 0.976508, -0.215480, 0.000000, 0.215479, 0.976508),
      ["LeftLowerLeg"] = CFrame.new(0.000000, -0.075212, -0.000896, 1.000000, -0.000000, 0.000000, -0.000000, 1.000000, -0.000008, 0.000000, -0.000011, 1.000000),
      ["LeftUpperArm"] = CFrame.new(0.029980, 0.127620, 0.010219, 0.959321, -0.160448, -0.232292, 0.250704, 0.862480, 0.439632, 0.129809, -0.479984, 0.867620),
      ["LeftUpperLeg"] = CFrame.new(0.002292, 0.096949, -0.060910, 0.776854, -0.571974, 0.263330, 0.544780, 0.820233, 0.174453, -0.315774, 0.007940, 0.948801),
      ["LowerTorso"] = CFrame.new(-0.096771, -0.184480, -0.053060, 0.960603, 0.276571, -0.027391, -0.277565, 0.959698, -0.044012, 0.014115, 0.049881, 0.998655),
      ["RightFoot"] = CFrame.new(-0.000000, 0.015473, -0.000103, 0.980554, -0.192400, -0.038712, 0.149618, 0.860515, -0.486984, 0.126998, 0.471696, 0.872552),
      ["RightHand"] = CFrame.new(-0.000498, 0.002756, -0.000000, 0.999379, 0.033100, -0.012067, -0.034309, 0.992191, -0.119918, 0.008004, 0.120257, 0.992710),
      ["RightLowerArm"] = CFrame.new(0.000000, 0.014169, 0.000637, 1.000000, 0.000000, 0.000000, -0.000000, 0.993382, -0.114861, -0.000000, 0.114861, 0.993382),
      ["RightLowerLeg"] = CFrame.new(-0.000000, 0.075024, -0.020419, 1.000000, 0.000000, 0.000000, -0.000000, 0.791952, 0.610584, 0.000000, -0.610584, 0.791952),
      ["RightUpperArm"] = CFrame.new(-0.008752, 0.053975, -0.053485, 0.989339, -0.084660, -0.118498, 0.058787, 0.976592, -0.206910, 0.133241, 0.197738, 0.971157),
      ["RightUpperLeg"] = CFrame.new(0.002462, 0.084940, -0.050236, 0.993879, -0.090338, -0.063583, 0.102531, 0.968595, 0.226539, 0.041121, -0.231651, 0.971924),
      ["UpperTorso"] = CFrame.new(0.083843, 0.041593, -0.029271, 0.945679, -0.293121, 0.140610, 0.287489, 0.955947, 0.059289, -0.151794, -0.015645, 0.988288)
    }},
    {Time = 0.433, Data = {
      ["Head"] = CFrame.new(-0.000000, 0.000000, 0.000000, 0.999771, 0.003810, -0.021058, -0.002233, 0.997225, 0.074414, 0.021283, -0.074350, 0.997005),
      ["LeftFoot"] = CFrame.new(-0.000000, -0.070037, -0.000004, 0.946604, 0.321042, 0.029524, -0.319516, 0.946418, -0.046921, -0.043007, 0.034990, 0.998462),
      ["LeftHand"] = CFrame.new(0.000494, 0.009573, 0.000000, 0.998247, -0.059149, -0.002097, 0.058569, 0.982103, 0.179009, -0.008529, -0.178816, 0.983845),
      ["LeftLowerArm"] = CFrame.new(-0.000500, 0.036730, 0.003825, 1.000000, -0.000000, -0.000000, 0.000000, 0.960585, -0.277987, 0.000000, 0.277987, 0.960585),
      ["LeftLowerLeg"] = CFrame.new(0.000000, -0.069395, -0.000819, 1.000000, 0.000000, -0.000000, -0.000000, 1.000000, -0.000008, 0.000000, -0.000011, 1.000000),
      ["LeftUpperArm"] = CFrame.new(0.038401, 0.105455, 0.017027, 0.976707, -0.117518, -0.179535, 0.186527, 0.878587, 0.439651, 0.106070, -0.462898, 0.880042),
      ["LeftUpperLeg"] = CFrame.new(0.002292, 0.096949, -0.060910, 0.815371, -0.536072, 0.218622, 0.517441, 0.844171, 0.140109, -0.259662, -0.001109, 0.965699),
      ["LowerTorso"] = CFrame.new(-0.080484, -0.173561, -0.053060, 0.968947, 0.245899, -0.025981, -0.246864, 0.968011, -0.044874, 0.014116, 0.049894, 0.998655),
      ["RightFoot"] = CFrame.new(-0.000000, 0.020719, -0.000103, 0.989279, -0.141649, -0.035550, 0.107144, 0.869380, -0.482413, 0.099233, 0.473406, 0.875222),
      ["RightHand"] = CFrame.new(-0.000498, 0.002757, -0.000000, 0.999343, 0.034106, -0.012239, -0.035189, 0.994022, -0.103355, 0.008640, 0.103718, 0.994569),
      ["RightLowerArm"] = CFrame.new(0.000000, 0.014177, 0.000637, 1.000000, 0.000000, 0.000000, -0.000000, 0.993375, -0.114923, -0.000000, 0.114922, 0.993374),
      ["RightLowerLeg"] = CFrame.new(-0.000000, 0.090756, -0.030343, 1.000000, 0.000000, 0.000000, -0.000000, 0.689115, 0.724657, 0.000000, -0.724652, 0.689110),
      ["RightUpperArm"] = CFrame.new(-0.010598, 0.053239, -0.037505, 0.993031, -0.080605, -0.085976, 0.060260, 0.974231, -0.217356, 0.101281, 0.210660, 0.972299),
      ["RightUpperLeg"] = CFrame.new(0.002462, 0.084939, -0.050236, 0.990251, -0.121908, -0.067393, 0.130606, 0.980784, 0.144954, 0.048427, -0.152319, 0.987141),
      ["UpperTorso"] = CFrame.new(0.078080, 0.030164, -0.028629, 0.958176, -0.263495, 0.111665, 0.260437, 0.964603, 0.041404, -0.118622, -0.010591, 0.992883)
    }},
    {Time = 0.467, Data = {
      ["Head"] = CFrame.new(-0.000000, -0.000001, -0.000000, 0.999761, -0.004613, -0.021387, 0.006192, 0.997212, 0.074362, 0.020984, -0.074477, 0.997002),
      ["LeftFoot"] = CFrame.new(-0.000000, -0.062950, -0.000003, 0.951082, 0.307644, 0.028250, -0.306768, 0.951264, -0.031473, -0.036557, 0.021276, 0.999105),
      ["LeftHand"] = CFrame.new(0.000493, 0.010426, 0.000000, 0.998830, -0.048144, -0.004470, 0.047960, 0.974774, 0.217984, -0.006137, -0.217941, 0.975942),
      ["LeftLowerArm"] = CFrame.new(-0.000500, 0.040567, 0.004744, 1.000000, -0.000000, -0.000000, 0.000000, 0.951164, -0.308686, 0.000000, 0.308686, 0.951164),
      ["LeftLowerLeg"] = CFrame.new(0.000000, -0.062332, -0.000725, 1.000000, 0.000000, -0.000000, 0.000000, 1.000000, -0.000008, -0.000000, -0.000011, 1.000000),
      ["LeftUpperArm"] = CFrame.new(0.045190, 0.079178, 0.022635, 0.990862, -0.069281, -0.115729, 0.111433, 0.903908, 0.412957, 0.075998, -0.422079, 0.903368),
      ["LeftUpperLeg"] = CFrame.new(0.002292, 0.096949, -0.060910, 0.857600, -0.488005, 0.162400, 0.476372, 0.872724, 0.106883, -0.193889, -0.014293, 0.980919),
      ["LowerTorso"] = CFrame.new(-0.058381, -0.158722, -0.053060, 0.978296, 0.205806, -0.024115, -0.206733, 0.977319, -0.045916, 0.014118, 0.049904, 0.998654),
      ["RightFoot"] = CFrame.new(0.000000, 0.024918, -0.000103, 0.996112, -0.082178, -0.031757, 0.057874, 0.882144, -0.467435, 0.066422, 0.463754, 0.883457),
      ["RightHand"] = CFrame.new(-0.000498, 0.002672, 0.000000, 0.999282, 0.035748, -0.012521, -0.036718, 0.995394, -0.088555, 0.009298, 0.088950, 0.995993),
      ["RightLowerArm"] = CFrame.new(-0.000000, 0.013693, 0.000593, 1.000000, 0.000000, 0.000000, -0.000000, 0.993832, -0.110900, -0.000000, 0.110900, 0.993832),
      ["RightLowerLeg"] = CFrame.new(0.000000, 0.103469, -0.041558, 1.000000, 0.000000, 0.000000, -0.000000, 0.572514, 0.819902, 0.000000, -0.819895, 0.572505),
      ["RightUpperArm"] = CFrame.new(-0.012016, 0.051420, -0.019130, 0.995868, -0.076911, -0.048286, 0.063895, 0.971268, -0.229252, 0.064530, 0.225220, 0.972169),
      ["RightUpperLeg"] = CFrame.new(0.002463, 0.084939, -0.050236, 0.986691, -0.152574, -0.056228, 0.155621, 0.986313, 0.054515, 0.047141, -0.062515, 0.996929),
      ["UpperTorso"] = CFrame.new(0.069346, 0.016944, -0.027853, 0.971457, -0.224381, 0.076976, 0.223273, 0.974489, 0.022818, -0.080132, -0.004980, 0.996772)
    }},
    {Time = 0.500, Data = {
      ["Head"] = CFrame.new(-0.000000, 0.000000, 0.000000, 0.999665, -0.014000, -0.021762, 0.015582, 0.997114, 0.074301, 0.020659, -0.074616, 0.996998),
      ["LeftFoot"] = CFrame.new(0.000000, -0.055383, -0.000003, 0.956391, 0.290870, 0.026654, -0.290372, 0.956682, -0.021064, -0.031629, 0.012415, 0.999423),
      ["LeftHand"] = CFrame.new(0.000494, 0.009950, -0.000000, 0.999295, -0.036917, -0.006896, 0.037515, 0.972629, 0.229318, -0.001758, -0.229412, 0.973327),
      ["LeftLowerArm"] = CFrame.new(-0.000500, 0.038418, 0.004216, 1.000000, -0.000000, -0.000000, 0.000000, 0.956584, -0.291457, 0.000000, 0.291457, 0.956584),
      ["LeftLowerLeg"] = CFrame.new(-0.000000, -0.054791, -0.000625, 1.000000, -0.000000, -0.000000, 0.000000, 1.000000, -0.000008, 0.000000, -0.000011, 1.000000),
      ["LeftUpperArm"] = CFrame.new(0.048748, 0.052471, 0.025655, 0.998500, -0.018667, -0.051464, 0.035594, 0.935615, 0.351223, 0.041595, -0.352527, 0.934877),
      ["LeftUpperLeg"] = CFrame.new(0.002292, 0.096949, -0.060910, 0.897609, -0.429100, 0.100857, 0.422202, 0.902693, 0.083015, -0.126663, -0.031925, 0.991432),
      ["LowerTorso"] = CFrame.new(-0.030888, -0.140180, -0.053059, 0.987197, 0.158003, -0.021852, -0.158881, 0.986177, -0.047037, 0.014118, 0.049907, 0.998654),
      ["RightFoot"] = CFrame.new(-0.000000, 0.027690, -0.000103, 0.999377, -0.021743, -0.027804, 0.007350, 0.898661, -0.438605, 0.034521, 0.438105, 0.898250),
      ["RightHand"] = CFrame.new(-0.000498, 0.002394, -0.000000, 0.999201, 0.037844, -0.012884, -0.038775, 0.995884, -0.081918, 0.009730, 0.082352, 0.996556),
      ["RightLowerArm"] = CFrame.new(-0.000000, 0.012127, 0.000459, 1.000000, 0.000000, 0.000000, -0.000000, 0.995196, -0.097900, -0.000000, 0.097899, 0.995196),
      ["RightLowerLeg"] = CFrame.new(0.000000, 0.112435, -0.052942, 1.000000, 0.000000, 0.000000, -0.000000, 0.454143, 0.890935, 0.000000, -0.890929, 0.454130),
      ["RightUpperArm"] = CFrame.new(-0.012667, 0.048410, -0.000698, 0.997169, -0.074529, -0.009957, 0.069916, 0.967773, -0.241922, 0.027667, 0.240542, 0.970245),
      ["RightUpperLeg"] = CFrame.new(0.002462, 0.084939, -0.050236, 0.984630, -0.171734, -0.031803, 0.170298, 0.984436, -0.043392, 0.038761, 0.037336, 0.998552),
      ["UpperTorso"] = CFrame.new(0.057429, 0.003706, -0.027028, 0.983275, -0.177556, 0.040539, 0.177425, 0.984111, 0.006844, -0.041110, 0.000464, 0.999155)
    }},
    {Time = 0.533, Data = {
      ["Head"] = CFrame.new(-0.000000, 0.000000, 0.000000, 0.999473, -0.023707, -0.022160, 0.025292, 0.996920, 0.074235, 0.020332, -0.074757, 0.996994),
      ["LeftFoot"] = CFrame.new(0.000000, -0.048108, -0.000003, 0.961943, 0.272115, 0.024871, -0.271696, 0.962196, -0.018973, -0.029096, 0.011503, 0.999511),
      ["LeftHand"] = CFrame.new(0.000495, 0.007924, 0.000000, 0.999622, -0.025892, -0.009285, 0.027240, 0.978714, 0.203417, 0.003820, -0.203591, 0.979048),
      ["LeftLowerArm"] = CFrame.new(-0.000500, 0.029194, 0.002316, 1.000000, -0.000000, -0.000000, 0.000000, 0.976033, -0.217623, 0.000000, 0.217622, 0.976033),
      ["LeftLowerLeg"] = CFrame.new(0.000000, -0.047541, -0.000529, 1.000000, -0.000000, 0.000000, -0.000000, 1.000000, -0.000008, 0.000000, -0.000011, 1.000000),
      ["LeftUpperArm"] = CFrame.new(0.049070, 0.029444, 0.025002, 0.999536, 0.030370, 0.002262, -0.029958, 0.967155, 0.252416, 0.005478, -0.252366, 0.967616),
      ["LeftUpperLeg"] = CFrame.new(0.002292, 0.096949, -0.060910, 0.931526, -0.361139, 0.042866, 0.357467, 0.930929, 0.074758, -0.066903, -0.054308, 0.996280),
      ["LowerTorso"] = CFrame.new(0.001517, -0.118215, -0.053057, 0.994357, 0.104319, -0.019268, -0.105140, 0.993291, -0.048145, 0.014117, 0.049899, 0.998654),
      ["RightFoot"] = CFrame.new(-0.000000, 0.029440, -0.000102, 0.999262, 0.029700, -0.024364, -0.036908, 0.918109, -0.394625, 0.010647, 0.395213, 0.918519),
      ["RightHand"] = CFrame.new(-0.000499, 0.001800, 0.000000, 0.999139, 0.039361, -0.013144, -0.040384, 0.995141, -0.089793, 0.009546, 0.090246, 0.995874),
      ["RightLowerArm"] = CFrame.new(0.000000, 0.008890, 0.000239, 1.000000, 0.000000, 0.000000, -0.000000, 0.997459, -0.071249, -0.000000, 0.071248, 0.997459),
      ["RightLowerLeg"] = CFrame.new(0.000000, 0.118253, -0.063508, 1.000000, 0.000000, 0.000000, -0.000000, 0.344282, 0.938872, 0.000000, -0.938866, 0.344266),
      ["RightUpperArm"] = CFrame.new(-0.012560, 0.044456, 0.015528, 0.996955, -0.074022, 0.024508, 0.077826, 0.963937, -0.254495, -0.004786, 0.255628, 0.966764),
      ["RightUpperLeg"] = CFrame.new(0.002462, 0.084939, -0.050236, 0.985472, -0.169800, -0.003512, 0.167357, 0.974397, -0.150117, 0.028912, 0.147375, 0.988662),
      ["UpperTorso"] = CFrame.new(0.042445, -0.007761, -0.026242, 0.992158, -0.124798, 0.006994, 0.124829, 0.992169, -0.004173, -0.006419, 0.005013, 0.999967)
    }},
    {Time = 0.567, Data = {
      ["Head"] = CFrame.new(-0.000000, 0.000000, 0.000000, 0.999198, -0.033089, -0.022561, 0.034679, 0.996643, 0.074168, 0.020031, -0.074891, 0.996991),
      ["LeftFoot"] = CFrame.new(-0.000000, -0.042006, -0.000003, 0.967253, 0.252768, 0.023032, -0.252130, 0.967306, -0.027380, -0.029202, 0.020685, 0.999360),
      ["LeftHand"] = CFrame.new(0.000497, 0.004105, -0.000000, 0.999802, -0.016310, -0.011369, 0.017673, 0.991036, 0.132419, 0.009107, -0.132592, 0.991129),
      ["LeftLowerArm"] = CFrame.new(-0.000500, 0.012067, 0.000310, 1.000000, -0.000000, -0.000000, 0.000000, 0.996610, -0.082277, 0.000000, 0.082277, 0.996610),
      ["LeftLowerLeg"] = CFrame.new(0.000000, -0.041460, -0.000448, 1.000000, -0.000000, 0.000000, -0.000000, 1.000000, -0.000008, 0.000000, -0.000011, 1.000000),
      ["LeftUpperArm"] = CFrame.new(0.047606, 0.013837, 0.020168, 0.996779, 0.070943, 0.037405, -0.074932, 0.990056, 0.119060, -0.028587, -0.121478, 0.992182),
      ["LeftUpperLeg"] = CFrame.new(0.002292, 0.096949, -0.060910, 0.958064, -0.286554, -0.000471, 0.285552, 0.954575, 0.085138, -0.023946, -0.081695, 0.996369),
      ["LowerTorso"] = CFrame.new(0.038305, -0.093223, -0.053055, 0.998773, 0.046716, -0.016449, -0.047473, 0.997662, -0.049163, 0.014114, 0.049883, 0.998655),
      ["RightFoot"] = CFrame.new(-0.000000, 0.030585, -0.000102, 0.997992, 0.059261, -0.022355, -0.063327, 0.939781, -0.335874, 0.001104, 0.336600, 0.941642),
      ["RightHand"] = CFrame.new(-0.000500, 0.000641, 0.000000, 0.999174, 0.038514, -0.012989, -0.039793, 0.992032, -0.119542, 0.008281, 0.119959, 0.992744),
      ["RightLowerArm"] = CFrame.new(-0.000000, 0.003009, 0.000023, 1.000000, 0.000000, 0.000000, -0.000000, 0.999718, -0.023758, -0.000000, 0.023757, 0.999718),
      ["RightLowerLeg"] = CFrame.new(0.000000, 0.121795, -0.072569, 1.000000, 0.000000, 0.000000, -0.000000, 0.250021, 0.968244, 0.000000, -0.968240, 0.250006),
      ["RightUpperArm"] = CFrame.new(-0.012005, 0.040126, 0.027379, 0.995846, -0.075601, 0.050751, 0.086485, 0.959688, -0.267430, -0.028487, 0.270708, 0.962240),
      ["RightUpperLeg"] = CFrame.new(0.002462, 0.084940, -0.050236, 0.989928, -0.141128, 0.011194, 0.138932, 0.953229, -0.268399, 0.027208, 0.267276, 0.963243),
      ["UpperTorso"] = CFrame.new(0.024916, -0.015752, -0.025585, 0.997520, -0.067910, -0.018508, 0.067748, 0.997660, -0.009217, 0.019091, 0.007940, 0.999786)
    }},
    {Time = 0.600, Data = {
      ["Head"] = CFrame.new(-0.000000, -0.000000, 0.000000, 0.998875, -0.041503, -0.022943, 0.043099, 0.996319, 0.074105, 0.019783, -0.075011, 0.996986),
      ["LeftFoot"] = CFrame.new(-0.000000, -0.037920, -0.000003, 0.972184, 0.233260, 0.021178, -0.232076, 0.971545, -0.047339, -0.031619, 0.041114, 0.998654),
      ["LeftHand"] = CFrame.new(0.000505, -0.006974, -0.000000, 0.999861, -0.011035, -0.012514, 0.011837, 0.997752, 0.065955, 0.011758, -0.066093, 0.997744),
      ["LeftLowerArm"] = CFrame.new(-0.000499, -0.007163, 0.000038, 1.000000, -0.000000, -0.000000, 0.000000, 1.000000, -0.000001, 0.000000, 0.000000, 1.000000),
      ["LeftLowerLeg"] = CFrame.new(0.000000, -0.037388, -0.000394, 1.000000, 0.000000, 0.000000, 0.000000, 1.000000, -0.000008, 0.000000, -0.000011, 1.000000),
      ["LeftUpperArm"] = CFrame.new(0.046454, 0.008526, 0.011483, 0.994344, 0.089792, 0.056722, -0.090763, 0.995763, 0.014779, -0.055155, -0.019843, 0.998281),
      ["LeftUpperLeg"] = CFrame.new(0.002292, 0.096949, -0.060910, 0.977876, -0.208506, -0.016842, 0.209060, 0.971325, 0.113239, -0.007251, -0.114247, 0.993425),
      ["LowerTorso"] = CFrame.new(0.078904, -0.065752, -0.053059, 0.999828, -0.012741, -0.013497, 0.012050, 0.998675, -0.050038, 0.014116, 0.049867, 0.998656),
      ["RightFoot"] = CFrame.new(-0.000000, 0.031226, -0.000102, 0.998477, 0.050158, -0.022976, -0.054440, 0.963277, -0.262943, 0.008942, 0.263784, 0.964538),
      ["RightHand"] = CFrame.new(-0.000503, -0.004183, -0.000000, 0.999377, 0.033158, -0.012050, -0.034613, 0.987628, -0.152948, 0.006829, 0.153268, 0.988161),
      ["RightLowerArm"] = CFrame.new(-0.000000, -0.004178, 0.000023, 1.000000, -0.000000, 0.000000, -0.000000, 1.000000, -0.000001, -0.000000, -0.000000, 1.000000),
      ["RightLowerLeg"] = CFrame.new(0.000000, 0.123627, -0.079349, 1.000000, 0.000000, 0.000000, -0.000000, 0.179540, 0.983753, 0.000000, -0.983751, 0.179525),
      ["RightUpperArm"] = CFrame.new(-0.011461, 0.036151, 0.032752, 0.994758, -0.081042, 0.062364, 0.094435, 0.962006, -0.256177, -0.039233, 0.260723, 0.964616),
      ["RightUpperLeg"] = CFrame.new(0.002463, 0.084939, -0.050236, 0.996148, -0.086742, -0.012878, 0.074586, 0.915294, -0.395798, 0.046120, 0.393336, 0.918247),
      ["UpperTorso"] = CFrame.new(0.005774, -0.018762, -0.025142, 0.999495, -0.008749, -0.030550, 0.008485, 0.999926, -0.008768, 0.030624, 0.008505, 0.999495)
    }},
    {Time = 0.633, Data = {
      ["Head"] = CFrame.new(-0.000000, -0.000000, -0.000000, 0.998561, -0.048306, -0.023285, 0.049909, 0.996005, 0.074053, 0.019614, -0.075108, 0.996982),
      ["LeftFoot"] = CFrame.new(0.000000, -0.036819, -0.000003, 0.977162, 0.211632, 0.019124, -0.209739, 0.975022, -0.073081, -0.034112, 0.067407, 0.997143),
      ["LeftHand"] = CFrame.new(0.000506, -0.008894, -0.000000, 0.999597, -0.026871, -0.009098, 0.027030, 0.999475, 0.017872, 0.008613, -0.018110, 0.999799),
      ["LeftLowerArm"] = CFrame.new(-0.000500, -0.009082, 0.000049, 1.000000, -0.000000, -0.000000, 0.000000, 1.000000, -0.000001, 0.000000, -0.000000, 1.000000),
      ["LeftLowerLeg"] = CFrame.new(0.000000, -0.036291, -0.000380, 1.000000, 0.000000, 0.000000, 0.000000, 1.000000, -0.000008, -0.000000, -0.000011, 1.000000),
      ["LeftUpperArm"] = CFrame.new(0.046846, 0.009378, 0.004838, 0.993883, 0.091482, 0.061874, -0.088695, 0.994978, -0.046380, -0.065806, 0.040609, 0.997006),
      ["LeftUpperLeg"] = CFrame.new(0.002292, 0.096950, -0.060910, 0.991546, -0.129687, -0.004305, 0.128805, 0.979703, 0.153603, -0.015703, -0.152851, 0.988123),
      ["LowerTorso"] = CFrame.new(0.121161, -0.036137, -0.053050, 0.997353, -0.071946, -0.010518, 0.071325, 0.996162, -0.050741, 0.014128, 0.049857, 0.998656),
      ["RightFoot"] = CFrame.new(-0.000000, 0.031556, -0.000102, 0.999609, 0.011209, -0.025608, -0.015848, 0.981880, -0.188845, 0.023026, 0.189174, 0.981673),
      ["RightHand"] = CFrame.new(-0.000504, -0.005625, 0.000000, 0.999847, 0.015094, -0.008874, -0.016320, 0.986982, -0.160002, 0.006343, 0.160121, 0.987077),
      ["RightLowerArm"] = CFrame.new(-0.000000, -0.005618, 0.000030, 1.000000, -0.000000, 0.000000, -0.000000, 1.000000, -0.000001, -0.000000, -0.000000, 1.000000),
      ["RightLowerLeg"] = CFrame.new(0.000000, 0.124243, -0.081989, 1.000000, 0.000000, 0.000000, -0.000000, 0.152025, 0.988379, 0.000000, -0.988377, 0.152011),
      ["RightUpperArm"] = CFrame.new(-0.010672, 0.030123, 0.036877, 0.993179, -0.093189, 0.070078, 0.106492, 0.969737, -0.219704, -0.047483, 0.225669, 0.973046),
      ["RightUpperLeg"] = CFrame.new(0.002463, 0.084939, -0.050236, 0.996599, -0.027129, -0.077809, -0.016595, 0.858823, -0.511982, 0.080713, 0.511553, 0.855465),
      ["UpperTorso"] = CFrame.new(-0.013812, -0.017527, -0.024907, 0.997910, 0.059249, -0.025794, -0.059323, 0.998237, -0.002108, 0.025624, 0.003634, 0.999665)
    }},
    {Time = 0.667, Data = {
      ["Head"] = CFrame.new(-0.000000, 0.000000, -0.000000, 0.998324, -0.052857, -0.023566, 0.054469, 0.995768, 0.074018, 0.019553, -0.075177, 0.996978),
      ["LeftFoot"] = CFrame.new(0.000000, -0.037378, -0.000003, 0.982319, 0.186468, 0.016733, -0.183829, 0.977607, -0.102420, -0.035456, 0.097537, 0.994600),
      ["LeftHand"] = CFrame.new(0.000499, 0.001506, -0.000000, 0.998217, -0.059652, -0.002019, 0.059554, 0.997690, -0.032692, 0.003964, 0.032513, 0.999463),
      ["LeftLowerArm"] = CFrame.new(-0.000500, 0.002061, -0.000006, 1.000000, -0.000000, -0.000000, 0.000000, 0.999971, -0.007574, 0.000000, 0.007573, 0.999971),
      ["LeftLowerLeg"] = CFrame.new(-0.000000, -0.036848, -0.000387, 1.000000, -0.000000, 0.000000, 0.000000, 1.000000, -0.000008, 0.000000, -0.000011, 1.000000),
      ["LeftUpperArm"] = CFrame.new(0.048508, 0.010599, 0.001598, 0.994253, 0.091760, 0.055149, -0.085221, 0.990153, -0.111062, -0.064797, 0.105725, 0.992282),
      ["LeftUpperLeg"] = CFrame.new(0.002292, 0.096949, -0.060910, 0.998191, -0.053127, 0.028146, 0.046312, 0.977975, 0.203528, -0.038338, -0.201849, 0.978665),
      ["LowerTorso"] = CFrame.new(0.162311, -0.010426, -0.053039, 0.991631, -0.128882, -0.007608, 0.128330, 0.990406, -0.051258, 0.014141, 0.049853, 0.998656),
      ["RightFoot"] = CFrame.new(0.000000, 0.031311, -0.000102, 0.999153, -0.029832, -0.028339, 0.025711, 0.990366, -0.136064, 0.032123, 0.135220, 0.990295),
      ["RightHand"] = CFrame.new(-0.000500, 0.000295, 0.000000, 0.999933, -0.010713, -0.004324, 0.010040, 0.990997, -0.133507, 0.005715, 0.133454, 0.991039),
      ["RightLowerArm"] = CFrame.new(0.000000, 0.001365, 0.000003, 1.000000, -0.000000, 0.000000, 0.000000, 0.999942, -0.010726, -0.000000, 0.010725, 0.999942),
      ["RightLowerLeg"] = CFrame.new(0.000000, 0.123795, -0.080039, 1.000000, 0.000000, 0.000000, -0.000000, 0.172354, 0.985038, 0.000000, -0.985035, 0.172339),
      ["RightUpperArm"] = CFrame.new(-0.009791, 0.023661, 0.039731, 0.991419, -0.109082, 0.072043, 0.119414, 0.979938, -0.159566, -0.053192, 0.166800, 0.984555),
      ["RightUpperLeg"] = CFrame.new(0.002462, 0.084940, -0.050236, 0.987536, 0.022730, -0.155742, -0.111818, 0.797699, -0.592579, 0.110766, 0.602628, 0.790313),
      ["UpperTorso"] = CFrame.new(-0.032853, -0.013784, -0.024817, 0.991122, 0.132797, -0.006473, -0.132741, 0.991115, 0.008448, 0.007537, -0.007514, 0.999943)
    }},
    {Time = 0.700, Data = {
      ["Head"] = CFrame.new(-0.000000, 0.000000, 0.000000, 0.998230, -0.054517, -0.023765, 0.056139, 0.995676, 0.074006, 0.019628, -0.075209, 0.996975),
      ["LeftFoot"] = CFrame.new(-0.000000, -0.038074, -0.000003, 0.987493, 0.157042, 0.013939, -0.153527, 0.977951, -0.141567, -0.035863, 0.137657, 0.989831),
      ["LeftHand"] = CFrame.new(0.000499, 0.001973, -0.000000, 0.996686, -0.081306, 0.002672, 0.081275, 0.993817, -0.075648, 0.003496, 0.075614, 0.997131),
      ["LeftLowerArm"] = CFrame.new(-0.000500, 0.003628, 0.000005, 1.000000, -0.000000, -0.000000, 0.000000, 0.999826, -0.018639, 0.000000, 0.018638, 0.999826),
      ["LeftLowerLeg"] = CFrame.new(0.000000, -0.037541, -0.000396, 1.000000, 0.000000, 0.000000, 0.000000, 1.000000, -0.000008, 0.000000, -0.000011, 1.000000),
      ["LeftUpperArm"] = CFrame.new(0.051226, 0.012929, -0.000297, 0.995254, 0.087942, 0.041661, -0.078947, 0.979999, -0.182674, -0.056892, 0.178518, 0.982291),
      ["LeftUpperLeg"] = CFrame.new(0.002292, 0.096949, -0.060910, 0.996890, 0.016817, 0.076995, -0.036691, 0.963670, 0.264570, -0.069749, -0.266565, 0.961288),
      ["LowerTorso"] = CFrame.new(0.200870, 0.002002, -0.053077, 0.983357, -0.181618, -0.004865, 0.181131, 0.982105, -0.051591, 0.014147, 0.049851, 0.998656),
      ["RightFoot"] = CFrame.new(0.000000, 0.030780, -0.000102, 0.997491, -0.063859, -0.030569, 0.059760, 0.990962, -0.120096, 0.037960, 0.117967, 0.992292),
      ["RightHand"] = CFrame.new(-0.000499, 0.001856, 0.000000, 0.999641, -0.026759, -0.001500, 0.026550, 0.996389, -0.080653, 0.003652, 0.080584, 0.996741),
      ["RightLowerArm"] = CFrame.new(0.000000, 0.009185, 0.000256, 1.000000, 0.000000, 0.000000, -0.000000, 0.997283, -0.073668, -0.000000, 0.073668, 0.997283),
      ["RightLowerLeg"] = CFrame.new(0.000000, 0.122569, -0.075327, 1.000000, 0.000000, 0.000000, -0.000000, 0.221403, 0.975186, 0.000000, -0.975182, 0.221388),
      ["RightUpperArm"] = CFrame.new(-0.009965, 0.022318, 0.032441, 0.991766, -0.120000, 0.044712, 0.122100, 0.991374, -0.047625, -0.038612, 0.052693, 0.997864),
      ["RightUpperLeg"] = CFrame.new(0.002462, 0.084940, -0.050236, 0.971034, 0.067808, -0.229117, -0.201585, 0.747290, -0.633165, 0.128283, 0.661029, 0.739329),
      ["UpperTorso"] = CFrame.new(-0.050470, -0.007961, -0.024861, 0.980464, 0.195283, 0.023541, -0.195720, 0.980496, 0.017937, -0.019579, -0.022194, 0.999562)
    }},
    {Time = 0.733, Data = {
      ["Head"] = CFrame.new(-0.000000, 0.000000, -0.000000, 0.998578, -0.038227, -0.037152, 0.040724, 0.996788, 0.068959, 0.034397, -0.070374, 0.996927),
      ["LeftFoot"] = CFrame.new(-0.000000, -0.030560, -0.000003, 0.990195, 0.139153, 0.012241, -0.133985, 0.970884, -0.198581, -0.039516, 0.194991, 0.980008),
      ["LeftHand"] = CFrame.new(0.000500, -0.000471, -0.000000, 0.996828, -0.079547, 0.002296, 0.079276, 0.990078, -0.116020, 0.006956, 0.115832, 0.993244),
      ["LeftLowerArm"] = CFrame.new(-0.000500, -0.000669, 0.000003, 1.000000, -0.000000, -0.000000, 0.000000, 1.000000, -0.000001, 0.000000, -0.000000, 1.000000),
      ["LeftLowerLeg"] = CFrame.new(0.000000, -0.030052, -0.000297, 1.000000, -0.000000, 0.000000, -0.000000, 1.000000, -0.000008, 0.000000, -0.000011, 1.000000),
      ["LeftUpperArm"] = CFrame.new(0.055054, 0.019709, 0.000901, 0.997224, 0.071685, 0.020143, -0.063282, 0.958464, -0.278105, -0.039242, 0.276059, 0.960339),
      ["LeftUpperLeg"] = CFrame.new(0.002292, 0.096949, -0.060910, 0.989204, 0.058617, 0.134315, -0.101703, 0.934469, 0.341216, -0.105512, -0.351185, 0.930339),
      ["LowerTorso"] = CFrame.new(0.223449, -0.023634, -0.053124, 0.973580, -0.228336, -0.002392, 0.227909, 0.972305, -0.051765, 0.014145, 0.049852, 0.998656),
      ["RightFoot"] = CFrame.new(0.000000, 0.029238, -0.000102, 0.991291, -0.127053, -0.034628, 0.122037, 0.985126, -0.120974, 0.049481, 0.115691, 0.992051),
      ["RightHand"] = CFrame.new(-0.000498, 0.004139, -0.000000, 0.999943, -0.009703, -0.004524, 0.009613, 0.999765, -0.019447, 0.004711, 0.019402, 0.999801),
      ["RightLowerArm"] = CFrame.new(-0.000000, 0.022465, 0.001680, 1.000000, 0.000000, 0.000000, -0.000000, 0.982772, -0.184820, -0.000000, 0.184819, 0.982772),
      ["RightLowerLeg"] = CFrame.new(0.000000, 0.117620, -0.062168, 1.000000, 0.000000, 0.000000, -0.000000, 0.358213, 0.933645, 0.000000, -0.933640, 0.358199),
      ["RightUpperArm"] = CFrame.new(-0.012043, 0.038311, 0.015436, 0.995921, -0.090043, -0.005826, 0.090114, 0.989257, 0.115107, -0.004601, -0.115162, 0.993336),
      ["RightUpperLeg"] = CFrame.new(0.002463, 0.084940, -0.050236, 0.938240, 0.148750, -0.312374, -0.314386, 0.743499, -0.590211, 0.144455, 0.651984, 0.744361),
      ["UpperTorso"] = CFrame.new(-0.065911, -0.000743, -0.025012, 0.968211, 0.243031, 0.059186, -0.244752, 0.969296, 0.023696, -0.051610, -0.037429, 0.997966)
    }},
    {Time = 0.767, Data = {
      ["Head"] = CFrame.new(-0.000000, 0.000000, -0.000000, 0.997604, 0.000427, -0.069185, 0.003577, 0.998325, 0.057737, 0.069094, -0.057846, 0.995932),
      ["LeftFoot"] = CFrame.new(-0.000000, -0.015219, -0.000003, 0.989977, 0.140687, 0.012387, -0.132163, 0.953758, -0.269969, -0.049793, 0.265618, 0.962789),
      ["LeftHand"] = CFrame.new(0.000498, 0.002758, -0.000000, 0.997847, -0.065580, -0.000712, 0.065121, 0.992024, -0.107928, 0.007784, 0.107648, 0.994158),
      ["LeftLowerArm"] = CFrame.new(-0.000500, 0.006383, 0.000056, 1.000000, -0.000000, -0.000000, 0.000000, 0.999259, -0.038481, 0.000000, 0.038480, 0.999259),
      ["LeftLowerLeg"] = CFrame.new(-0.000000, -0.014766, -0.000095, 1.000000, -0.000000, -0.000000, -0.000000, 1.000000, -0.000008, 0.000000, -0.000011, 1.000000),
      ["LeftUpperArm"] = CFrame.new(0.059388, 0.030903, 0.005292, 0.999187, 0.040260, -0.001902, -0.038384, 0.936119, -0.349583, -0.012294, 0.349372, 0.936904),
      ["LeftUpperLeg"] = CFrame.new(0.002292, 0.096949, -0.060910, 0.979952, 0.061581, 0.189476, -0.139022, 0.892584, 0.428919, -0.142710, -0.446656, 0.883248),
      ["LowerTorso"] = CFrame.new(0.224114, -0.088699, -0.053121, 0.963599, -0.267351, -0.000294, 0.266977, 0.962309, -0.051819, 0.014136, 0.049855, 0.998656),
      ["RightFoot"] = CFrame.new(0.000000, 0.023713, -0.000103, 0.975894, -0.214539, -0.040068, 0.210008, 0.973059, -0.095148, 0.059398, 0.084432, 0.994656),
      ["RightHand"] = CFrame.new(-0.000495, 0.006590, -0.000000, 0.999209, 0.037632, -0.012884, -0.037081, 0.998486, 0.040631, 0.014393, -0.040120, 0.999091),
      ["RightLowerArm"] = CFrame.new(-0.000000, 0.038637, 0.005308, 1.000000, 0.000000, 0.000000, -0.000000, 0.945919, -0.324404, -0.000000, 0.324404, 0.945919),
      ["RightLowerLeg"] = CFrame.new(0.000000, 0.099336, -0.037312, 1.000000, 0.000000, 0.000000, -0.000000, 0.616600, 0.787282, 0.000000, -0.787277, 0.616593),
      ["RightUpperArm"] = CFrame.new(-0.013694, 0.074287, -0.004331, 0.999225, -0.006567, -0.038821, 0.018164, 0.951689, 0.306526, 0.034933, -0.306993, 0.951070),
      ["RightUpperLeg"] = CFrame.new(0.002463, 0.084939, -0.050236, 0.884988, 0.298743, -0.357134, -0.441563, 0.781819, -0.440188, 0.147710, 0.547277, 0.823827),
      ["UpperTorso"] = CFrame.new(-0.078575, 0.006997, -0.025230, 0.954653, 0.282083, 0.095219, -0.285617, 0.958005, 0.025502, -0.084026, -0.051542, 0.995130)
    }},
    {Time = 0.800, Data = {
      ["Head"] = CFrame.new(-0.000000, -0.000000, -0.000000, 0.993104, 0.046027, -0.107823, -0.041274, 0.998093, 0.045901, 0.109730, -0.041134, 0.993110),
      ["LeftFoot"] = CFrame.new(0.000000, -0.001441, -0.000003, 0.988363, 0.151524, 0.013415, -0.137948, 0.929976, -0.340769, -0.064107, 0.334941, 0.940051),
      ["LeftHand"] = CFrame.new(0.000497, 0.005191, -0.000000, 0.998931, -0.045970, -0.004930, 0.045548, 0.996802, -0.065660, 0.007933, 0.065365, 0.997830),
      ["LeftLowerArm"] = CFrame.new(-0.000500, 0.016834, 0.000677, 1.000000, -0.000000, -0.000000, 0.000000, 0.992827, -0.119564, 0.000000, 0.119564, 0.992826),
      ["LeftLowerLeg"] = CFrame.new(-0.000000, -0.001036, 0.000088, 1.000000, 0.000000, -0.000000, -0.000000, 1.000000, -0.000008, -0.000000, -0.000011, 1.000000),
      ["LeftUpperArm"] = CFrame.new(0.063414, 0.042627, 0.010734, 0.999746, 0.003688, -0.022243, -0.012108, 0.920027, -0.391667, 0.019020, 0.391838, 0.919838),
      ["LeftUpperLeg"] = CFrame.new(0.002292, 0.096949, -0.060910, 0.971451, 0.038883, 0.234031, -0.157542, 0.843298, 0.513842, -0.177379, -0.536037, 0.825346),
      ["LowerTorso"] = CFrame.new(0.212635, -0.167593, -0.053093, 0.954847, -0.297095, 0.001327, 0.296762, 0.953545, -0.051804, 0.014126, 0.049859, 0.998656),
      ["RightFoot"] = CFrame.new(0.000000, 0.011448, -0.000103, 0.957119, -0.286279, -0.044367, 0.286314, 0.958119, -0.005687, 0.044135, -0.007262, 0.998999),
      ["RightHand"] = CFrame.new(-0.000495, 0.007498, -0.000000, 0.995421, 0.092872, -0.022605, -0.091735, 0.994674, 0.046996, 0.026848, -0.044706, 0.998639),
      ["RightLowerArm"] = CFrame.new(0.000000, 0.044889, 0.007329, 1.000000, 0.000000, 0.000000, -0.000000, 0.925382, -0.379036, -0.000000, 0.379036, 0.925382),
      ["RightLowerLeg"] = CFrame.new(-0.000000, 0.055607, -0.010527, 1.000000, 0.000000, 0.000000, -0.000000, 0.893031, 0.449988, 0.000000, -0.449995, 0.893035),
      ["RightUpperArm"] = CFrame.new(-0.011500, 0.118328, -0.023659, 0.994835, 0.095228, -0.035150, -0.069919, 0.893884, 0.442812, 0.073589, -0.438067, 0.895925),
      ["RightUpperLeg"] = CFrame.new(0.002463, 0.084940, -0.050236, 0.830631, 0.473454, -0.293069, -0.541151, 0.810383, -0.224563, 0.131176, 0.345140, 0.929345),
      ["UpperTorso"] = CFrame.new(-0.088005, 0.014297, -0.025471, 0.941861, 0.311209, 0.126674, -0.316616, 0.948236, 0.024540, -0.112480, -0.063220, 0.991641)
    }},
    {Time = 0.833, Data = {
      ["Head"] = CFrame.new(-0.000000, -0.000000, 0.000000, 0.986558, 0.083603, -0.140407, -0.079104, 0.996167, 0.037337, 0.142990, -0.025728, 0.989390),
      ["LeftFoot"] = CFrame.new(-0.000000, 0.003073, -0.000003, 0.986364, 0.163934, 0.014594, -0.141471, 0.889826, -0.433836, -0.084101, 0.425836, 0.900874),
      ["LeftHand"] = CFrame.new(0.000496, 0.006758, 0.000000, 0.999560, -0.028340, -0.008722, 0.028048, 0.999095, -0.031973, 0.009620, 0.031714, 0.999451),
      ["LeftLowerArm"] = CFrame.new(-0.000500, 0.023883, 0.001488, 1.000000, -0.000000, -0.000000, 0.000000, 0.984514, -0.175308, 0.000000, 0.175308, 0.984514),
      ["LeftLowerLeg"] = CFrame.new(0.000000, 0.013164, -0.000352, 1.000000, -0.000000, 0.000000, 0.000000, 0.995222, 0.097622, -0.000000, -0.097641, 0.995224),
      ["LeftUpperArm"] = CFrame.new(0.067028, 0.051239, 0.013064, 0.998921, -0.026693, -0.038015, 0.008168, 0.906588, -0.421937, 0.045726, 0.421172, 0.905828),
      ["LeftUpperLeg"] = CFrame.new(0.002292, 0.096949, -0.060910, 0.965000, 0.021133, 0.261395, -0.163898, 0.826706, 0.538239, -0.204723, -0.562237, 0.801231),
      ["LowerTorso"] = CFrame.new(0.198810, -0.234707, -0.053065, 0.948735, -0.316065, 0.002369, 0.315758, 0.947426, -0.051770, 0.014118, 0.049864, 0.998656),
      ["RightFoot"] = CFrame.new(0.000000, -0.021294, -0.000103, 0.942077, -0.332085, -0.047031, 0.335394, 0.933462, 0.127139, 0.001686, -0.135529, 0.990769),
      ["RightHand"] = CFrame.new(-0.000495, 0.007201, 0.000000, 0.990141, 0.136758, -0.030302, -0.136325, 0.990536, 0.015916, 0.032191, -0.011627, 0.999414),
      ["RightLowerArm"] = CFrame.new(0.000000, 0.042838, 0.006625, 1.000000, 0.000000, 0.000000, -0.000000, 0.932531, -0.361091, -0.000000, 0.361091, 0.932531),
      ["RightLowerLeg"] = CFrame.new(-0.000000, -0.021219, -0.000278, 1.000000, 0.000000, -0.000000, -0.000000, 1.000000, -0.000007, 0.000000, -0.000011, 1.000000),
      ["RightUpperArm"] = CFrame.new(-0.006091, 0.155744, -0.038718, 0.984018, 0.177344, -0.016048, -0.144752, 0.849142, 0.507942, 0.103708, -0.497500, 0.861242),
      ["RightUpperLeg"] = CFrame.new(0.002463, 0.084939, -0.050236, 0.790756, 0.593643, -0.149309, -0.602278, 0.798117, -0.016458, 0.109394, 0.102947, 0.988654),
      ["UpperTorso"] = CFrame.new(-0.093842, 0.020209, -0.025687, 0.932378, 0.329421, 0.148842, -0.336259, 0.941497, 0.022652, -0.132673, -0.071169, 0.988601)
    }},
    {Time = 0.867, Data = {
      ["Head"] = CFrame.new(-0.000000, -0.000000, 0.000000, 0.983069, 0.099152, -0.154095, -0.094996, 0.994893, 0.034120, 0.156691, -0.018904, 0.987467),
      ["LeftFoot"] = CFrame.new(0.000000, 0.006233, -0.000003, 0.985186, 0.170812, 0.015247, -0.140809, 0.856473, -0.496638, -0.097883, 0.487111, 0.867824),
      ["LeftHand"] = CFrame.new(0.000495, 0.007399, -0.000000, 0.999726, -0.021024, -0.010292, 0.020794, 0.999542, -0.021980, 0.010750, 0.021760, 0.999705),
      ["LeftLowerArm"] = CFrame.new(-0.000500, 0.026810, 0.001922, 1.000000, -0.000000, -0.000000, 0.000000, 0.980075, -0.198626, 0.000000, 0.198626, 0.980075),
      ["LeftLowerLeg"] = CFrame.new(0.000000, 0.028343, -0.002290, 1.000000, -0.000000, -0.000000, 0.000000, 0.975577, 0.219642, -0.000000, -0.219659, 0.975581),
      ["LeftUpperArm"] = CFrame.new(0.070886, 0.053527, 0.007106, 0.998257, -0.038697, -0.044560, 0.015938, 0.903741, -0.427783, 0.056825, 0.426328, 0.902782),
      ["LeftUpperLeg"] = CFrame.new(0.002292, 0.096949, -0.060910, 0.961787, 0.019183, 0.273126, -0.164175, 0.838724, 0.519229, -0.219118, -0.544219, 0.809817),
      ["LowerTorso"] = CFrame.new(0.192428, -0.264355, -0.053059, 0.946483, -0.322741, 0.002737, 0.322443, 0.945173, -0.051754, 0.014116, 0.049867, 0.998656),
      ["RightFoot"] = CFrame.new(0.000000, -0.054087, -0.000103, 0.935930, -0.348900, -0.047993, 0.351978, 0.931331, 0.093481, 0.012086, -0.104367, 0.994464),
      ["RightHand"] = CFrame.new(-0.000496, 0.006811, 0.000000, 0.987392, 0.154717, -0.033445, -0.154989, 0.987900, -0.005680, 0.032161, 0.010792, 0.999424),
      ["RightLowerArm"] = CFrame.new(-0.000000, 0.040157, 0.005766, 1.000000, 0.000000, 0.000000, -0.000000, 0.941267, -0.337663, -0.000000, 0.337663, 0.941267),
      ["RightLowerLeg"] = CFrame.new(-0.000000, -0.053899, -0.000711, 1.000000, -0.000000, -0.000000, -0.000000, 1.000000, -0.000007, -0.000000, -0.000011, 1.000000),
      ["RightUpperArm"] = CFrame.new(-0.002830, 0.171201, -0.045263, 0.977497, 0.210812, -0.007629, -0.175666, 0.833489, 0.523869, 0.116796, -0.510740, 0.851765),
      ["RightUpperLeg"] = CFrame.new(0.002463, 0.084939, -0.050236, 0.775010, 0.616293, -0.139793, -0.624154, 0.781125, -0.016618, 0.098953, 0.100138, 0.990041),
      ["UpperTorso"] = CFrame.new(-0.095747, 0.023914, -0.025838, 0.928735, 0.335757, 0.157223, -0.343153, 0.939029, 0.021703, -0.140350, -0.074108, 0.987325)
    }},
    {Time = 0.900, Data = {
      ["Head"] = CFrame.new(-0.000000, 0.000000, 0.000000, 0.984467, 0.091611, -0.149774, -0.087320, 0.995566, 0.034991, 0.152315, -0.021369, 0.988101),
      ["LeftFoot"] = CFrame.new(-0.000000, 0.010694, -0.000003, 0.985612, 0.168360, 0.015014, -0.131896, 0.821615, -0.554599, -0.105700, 0.544613, 0.831982),
      ["LeftHand"] = CFrame.new(0.000495, 0.008109, 0.000000, 0.999682, -0.023235, -0.009811, 0.023105, 0.999647, -0.013129, 0.010112, 0.012898, 0.999866),
      ["LeftLowerArm"] = CFrame.new(-0.000500, 0.030040, 0.002466, 1.000000, -0.000000, -0.000000, 0.000000, 0.974500, -0.224386, 0.000000, 0.224386, 0.974500),
      ["LeftLowerLeg"] = CFrame.new(-0.000000, 0.052710, -0.009173, 1.000000, -0.000000, -0.000000, 0.000000, 0.905782, 0.423736, -0.000000, -0.423745, 0.905786),
      ["LeftUpperArm"] = CFrame.new(0.075236, 0.050092, -0.006104, 0.998479, -0.032526, -0.044522, 0.012312, 0.918604, -0.394987, 0.053746, 0.393839, 0.917607),
      ["LeftUpperLeg"] = CFrame.new(0.002292, 0.096949, -0.060910, 0.961951, 0.055243, 0.267577, -0.167850, 0.892234, 0.419235, -0.215583, -0.448182, 0.867551),
      ["LowerTorso"] = CFrame.new(0.194151, -0.262811, -0.053073, 0.947289, -0.320371, 0.002613, 0.320070, 0.945979, -0.051752, 0.014108, 0.049860, 0.998657),
      ["RightFoot"] = CFrame.new(0.000000, -0.054467, -0.000103, 0.935918, -0.348934, -0.047995, 0.351979, 0.931585, 0.090902, 0.012997, -0.101954, 0.994703),
      ["RightHand"] = CFrame.new(-0.000496, 0.006944, 0.000000, 0.988212, 0.149595, -0.032549, -0.149658, 0.988738, 0.000507, 0.032258, 0.004371, 0.999470),
      ["RightLowerArm"] = CFrame.new(-0.000000, 0.041069, 0.006051, 1.000000, 0.000000, 0.000000, -0.000000, 0.938371, -0.345629, -0.000000, 0.345628, 0.938371),
      ["RightLowerLeg"] = CFrame.new(-0.000000, -0.054277, -0.000715, 1.000000, -0.000000, -0.000000, -0.000000, 1.000000, -0.000008, 0.000000, -0.000011, 1.000000),
      ["RightUpperArm"] = CFrame.new(-0.003327, 0.168809, -0.044651, 0.978490, 0.206055, -0.009937, -0.170882, 0.836567, 0.520534, 0.115572, -0.507639, 0.853783),
      ["RightUpperLeg"] = CFrame.new(0.002463, 0.084940, -0.050236, 0.776220, 0.615903, -0.134703, -0.623291, 0.781804, -0.017036, 0.094818, 0.097190, 0.990740),
      ["UpperTorso"] = CFrame.new(-0.095540, 0.026127, -0.025937, 0.930258, 0.333623, 0.152697, -0.340730, 0.939898, 0.022230, -0.136104, -0.072708, 0.988023)
    }},
    {Time = 0.933, Data = {
      ["Head"] = CFrame.new(-0.000000, 0.000000, 0.000000, 0.987836, 0.071301, -0.138186, -0.066723, 0.997067, 0.037491, 0.140454, -0.027815, 0.989696),
      ["LeftFoot"] = CFrame.new(-0.000000, 0.016800, -0.000003, 0.987521, 0.156873, 0.013923, -0.116955, 0.789704, -0.602262, -0.105466, 0.593092, 0.798177),
      ["LeftHand"] = CFrame.new(0.000494, 0.009604, -0.000000, 0.999568, -0.028044, -0.008766, 0.028208, 0.999419, 0.019133, 0.008225, -0.019371, 0.999779),
      ["LeftLowerArm"] = CFrame.new(-0.000500, 0.036876, 0.003858, 1.000000, -0.000000, -0.000000, 0.000000, 0.960246, -0.279155, 0.000000, 0.279155, 0.960246),
      ["LeftLowerLeg"] = CFrame.new(-0.000000, 0.080027, -0.023073, 1.000000, -0.000000, -0.000000, 0.000000, 0.763503, 0.645806, -0.000000, -0.645805, 0.763501),
      ["LeftUpperArm"] = CFrame.new(0.079626, 0.044054, -0.021270, 0.998916, -0.018352, -0.042787, 0.003443, 0.945639, -0.325199, 0.046428, 0.324699, 0.944677),
      ["LeftUpperLeg"] = CFrame.new(0.002292, 0.096949, -0.060910, 0.964132, 0.117604, 0.237949, -0.179845, 0.948772, 0.259803, -0.195206, -0.293258, 0.935886),
      ["LowerTorso"] = CFrame.new(0.197558, -0.254294, -0.053086, 0.949690, -0.313185, 0.002234, 0.312876, 0.948383, -0.051749, 0.014089, 0.049845, 0.998658),
      ["RightFoot"] = CFrame.new(-0.000000, -0.056714, -0.000103, 0.936072, -0.348522, -0.047971, 0.351482, 0.932334, 0.084953, 0.015122, -0.096366, 0.995229),
      ["RightHand"] = CFrame.new(-0.000495, 0.007265, 0.000000, 0.990422, 0.134787, -0.029958, -0.134345, 0.990800, 0.016319, 0.031882, -0.012138, 0.999418),
      ["RightLowerArm"] = CFrame.new(-0.000000, 0.043280, 0.006774, 1.000000, 0.000000, 0.000000, -0.000000, 0.931025, -0.364955, -0.000000, 0.364955, 0.931025),
      ["RightLowerLeg"] = CFrame.new(-0.000000, -0.056516, -0.000745, 1.000000, 0.000000, 0.000000, -0.000000, 1.000000, -0.000008, -0.000000, -0.000011, 1.000000),
      ["RightUpperArm"] = CFrame.new(-0.004709, 0.162850, -0.041348, 0.981253, 0.192290, -0.012946, -0.158963, 0.845508, 0.509753, 0.108966, -0.498138, 0.860224),
      ["RightUpperLeg"] = CFrame.new(0.002462, 0.084940, -0.050236, 0.781356, 0.612279, -0.120821, -0.618364, 0.785701, -0.017330, 0.084317, 0.088259, 0.992523),
      ["UpperTorso"] = CFrame.new(-0.095335, 0.027960, -0.026017, 0.934517, 0.326984, 0.140566, -0.333337, 0.942511, 0.023637, -0.124756, -0.068945, 0.989789)
    }},
    {Time = 0.967, Data = {
      ["Head"] = CFrame.new(-0.000000, -0.000000, -0.000000, 0.991727, 0.041668, -0.121417, -0.036865, 0.998456, 0.041543, 0.122960, -0.036723, 0.991732),
      ["LeftFoot"] = CFrame.new(0.000000, 0.024450, -0.000003, 0.991132, 0.132380, 0.011598, -0.097157, 0.781435, -0.616402, -0.090655, 0.609783, 0.787346),
      ["LeftHand"] = CFrame.new(0.000493, 0.011125, 0.000000, 0.999372, -0.034673, -0.007331, 0.035037, 0.997740, 0.057337, 0.005327, -0.057557, 0.998328),
      ["LeftLowerArm"] = CFrame.new(-0.000500, 0.043701, 0.005575, 1.000000, -0.000000, -0.000000, 0.000000, 0.942643, -0.333803, 0.000000, 0.333803, 0.942643),
      ["LeftLowerLeg"] = CFrame.new(0.000000, 0.102625, -0.040291, 1.000000, -0.000000, -0.000000, 0.000000, 0.584611, 0.811320, -0.000000, -0.811314, 0.584602),
      ["LeftUpperArm"] = CFrame.new(0.083791, 0.036186, -0.036924, 0.999267, 0.000226, -0.038288, -0.009213, 0.972020, -0.234717, 0.037164, 0.234898, 0.971309),
      ["LeftUpperLeg"] = CFrame.new(0.002292, 0.096949, -0.060910, 0.966268, 0.186418, 0.177695, -0.201920, 0.976647, 0.073431, -0.159857, -0.106809, 0.981342),
      ["LowerTorso"] = CFrame.new(0.201782, -0.239909, -0.053098, 0.953606, -0.301054, 0.001589, 0.300729, 0.952305, -0.051749, 0.014066, 0.049826, 0.998659),
      ["RightFoot"] = CFrame.new(0.000000, -0.060328, -0.000103, 0.936314, -0.347878, -0.047935, 0.350675, 0.933467, 0.075295, 0.018556, -0.087293, 0.996009),
      ["RightHand"] = CFrame.new(-0.000495, 0.007560, 0.000000, 0.993256, 0.112959, -0.026134, -0.112027, 0.993098, 0.034736, 0.029876, -0.031574, 0.999055),
      ["RightLowerArm"] = CFrame.new(0.000000, 0.045316, 0.007480, 1.000000, 0.000000, 0.000000, -0.000000, 0.923841, -0.382777, -0.000000, 0.382777, 0.923841),
      ["RightLowerLeg"] = CFrame.new(-0.000000, -0.060118, -0.000793, 1.000000, -0.000000, 0.000000, 0.000000, 1.000000, -0.000007, -0.000000, -0.000011, 1.000000),
      ["RightUpperArm"] = CFrame.new(-0.006639, 0.153968, -0.035888, 0.985114, 0.171068, -0.016903, -0.141199, 0.861328, 0.488033, 0.098046, -0.478382, 0.872661),
      ["RightUpperLeg"] = CFrame.new(0.002462, 0.084939, -0.050236, 0.789972, 0.604979, -0.099720, -0.609228, 0.792827, -0.016336, 0.069176, 0.073664, 0.994881),
      ["UpperTorso"] = CFrame.new(-0.095194, 0.029368, -0.026076, 0.940905, 0.315552, 0.122982, -0.320860, 0.946783, 0.025527, -0.108382, -0.063479, 0.992081)
    }},
    {Time = 1.000, Data = {
      ["Head"] = CFrame.new(-0.000000, 0.000000, -0.000000, 0.994807, 0.006252, -0.101583, -0.001478, 0.998894, 0.047004, 0.101764, -0.046609, 0.993716),
      ["LeftFoot"] = CFrame.new(0.000000, 0.028371, -0.000002, 0.995849, 0.090702, 0.007642, -0.068429, 0.801385, -0.594248, -0.060020, 0.591232, 0.804246),
      ["LeftHand"] = CFrame.new(0.000492, 0.012141, -0.000000, 0.999096, -0.042136, -0.005720, 0.042478, 0.995111, 0.089160, 0.001935, -0.089321, 0.996001),
      ["LeftLowerArm"] = CFrame.new(-0.000500, 0.048186, 0.006888, 1.000000, -0.000000, -0.000000, 0.000000, 0.929154, -0.369693, 0.000000, 0.369693, 0.929154),
      ["LeftLowerLeg"] = CFrame.new(-0.000000, 0.115555, -0.057636, 1.000000, -0.000000, -0.000000, 0.000000, 0.404274, 0.914644, -0.000000, -0.914638, 0.404260),
      ["LeftUpperArm"] = CFrame.new(0.087509, 0.027450, -0.051622, 0.999319, 0.019692, -0.031217, -0.023820, 0.990156, -0.137923, 0.028194, 0.138573, 0.989951),
      ["LeftUpperLeg"] = CFrame.new(0.002292, 0.096949, -0.060910, 0.965437, 0.246821, 0.083737, -0.235709, 0.963924, -0.123639, -0.111233, 0.099654, 0.988788),
      ["LowerTorso"] = CFrame.new(0.205947, -0.220732, -0.053107, 0.958876, -0.283823, 0.000669, 0.283476, 0.957582, -0.051746, 0.014046, 0.049808, 0.998660),
      ["RightFoot"] = CFrame.new(0.000000, -0.064846, -0.000103, 0.936547, -0.347254, -0.047899, 0.349761, 0.934813, 0.061593, 0.023392, -0.074423, 0.996951),
      ["RightHand"] = CFrame.new(-0.000495, 0.007639, 0.000000, 0.995994, 0.086792, -0.021541, -0.085655, 0.995118, 0.049024, 0.025690, -0.046982, 0.998565),
      ["RightLowerArm"] = CFrame.new(-0.000000, 0.045859, 0.007675, 1.000000, 0.000000, 0.000000, -0.000000, 0.921860, -0.387522, -0.000000, 0.387523, 0.921860),
      ["RightLowerLeg"] = CFrame.new(-0.000000, -0.064621, -0.000853, 1.000000, 0.000000, -0.000000, -0.000000, 1.000000, -0.000008, -0.000000, -0.000011, 1.000000),
      ["RightUpperArm"] = CFrame.new(-0.008760, 0.142794, -0.028848, 0.989355, 0.143944, -0.021347, -0.118850, 0.883944, 0.452236, 0.083967, -0.444885, 0.891643),
      ["RightUpperLeg"] = CFrame.new(0.002462, 0.084939, -0.050236, 0.801555, 0.593440, -0.073071, -0.595732, 0.803082, -0.012730, 0.051126, 0.053742, 0.997245),
      ["UpperTorso"] = CFrame.new(-0.095175, 0.030303, -0.026112, 0.948766, 0.299025, 0.102116, -0.303166, 0.952543, 0.027414, -0.089073, -0.056967, 0.994395)
    }},
    {Time = 1.033, Data = {
      ["Head"] = CFrame.new(-0.000000, -0.000000, 0.000000, 0.996240, -0.031249, -0.080808, 0.035642, 0.997931, 0.053508, 0.078969, -0.056187, 0.995292),
      ["LeftFoot"] = CFrame.new(-0.000000, 0.030232, -0.000002, 0.999515, 0.031082, 0.001987, -0.025328, 0.848281, -0.528965, -0.018126, 0.528634, 0.848642),
      ["LeftHand"] = CFrame.new(0.000492, 0.012279, -0.000000, 0.998777, -0.049256, -0.004187, 0.049423, 0.993148, 0.105895, -0.001057, -0.105971, 0.994368),
      ["LeftLowerArm"] = CFrame.new(-0.000500, 0.048760, 0.007064, 1.000000, -0.000000, -0.000000, 0.000000, 0.927342, -0.374215, 0.000000, 0.374215, 0.927342),
      ["LeftLowerLeg"] = CFrame.new(-0.000000, 0.121332, -0.070332, 1.000000, -0.000000, -0.000000, 0.000000, 0.272189, 0.962248, -0.000000, -0.962244, 0.272174),
      ["LeftUpperArm"] = CFrame.new(0.090651, 0.018941, -0.064223, 0.999043, 0.037180, -0.023020, -0.038274, 0.998063, -0.049035, 0.021152, 0.049870, 0.998532),
      ["LeftUpperLeg"] = CFrame.new(0.002292, 0.096949, -0.060910, 0.958688, 0.282350, -0.034573, -0.279560, 0.912726, -0.297930, -0.052566, 0.295312, 0.953961),
      ["LowerTorso"] = CFrame.new(0.209168, -0.197801, -0.053113, 0.965252, -0.261320, -0.000535, 0.260944, 0.963967, -0.051733, 0.014034, 0.049796, 0.998661),
      ["RightFoot"] = CFrame.new(0.000000, -0.069882, -0.000103, 0.936695, -0.346857, -0.047877, 0.348881, 0.936158, 0.043492, 0.029738, -0.057428, 0.997906),
      ["RightHand"] = CFrame.new(-0.000495, 0.007351, -0.000000, 0.998120, 0.058978, -0.016649, -0.058013, 0.996884, 0.053452, 0.019749, -0.052384, 0.998432),
      ["RightLowerArm"] = CFrame.new(-0.000000, 0.043871, 0.006975, 1.000000, 0.000000, 0.000000, -0.000000, 0.928979, -0.370133, -0.000000, 0.370132, 0.928979),
      ["RightLowerLeg"] = CFrame.new(0.000000, -0.069639, -0.000919, 1.000000, -0.000000, -0.000000, 0.000000, 1.000000, -0.000008, -0.000000, -0.000011, 1.000000),
      ["RightUpperArm"] = CFrame.new(-0.010743, 0.129918, -0.020939, 0.993322, 0.112571, -0.025289, -0.093099, 0.911504, 0.400616, 0.068149, -0.395586, 0.915897),
      ["RightUpperLeg"] = CFrame.new(0.002463, 0.084939, -0.050236, 0.815633, 0.576992, -0.042697, -0.577689, 0.816241, -0.005091, 0.031911, 0.028825, 0.999075),
      ["UpperTorso"] = CFrame.new(-0.095324, 0.030711, -0.026123, 0.957484, 0.277120, 0.080180, -0.280127, 0.959530, 0.028837, -0.068944, -0.050071, 0.996363)
    }},
    {Time = 1.067, Data = {
      ["Head"] = CFrame.new(-0.000000, 0.000000, -0.000000, 0.995875, -0.067016, -0.061171, 0.070712, 0.995667, 0.060398, 0.056858, -0.064474, 0.996298),
      ["LeftFoot"] = CFrame.new(0.000000, 0.030638, -0.000002, 0.999189, -0.039997, -0.004750, 0.034129, 0.903388, -0.427483, 0.021389, 0.426954, 0.904011),
      ["LeftHand"] = CFrame.new(0.000492, 0.011345, 0.000000, 0.998491, -0.054825, -0.002995, 0.054841, 0.993106, 0.103599, -0.002705, -0.103605, 0.994615),
      ["LeftLowerArm"] = CFrame.new(-0.000500, 0.044678, 0.005848, 1.000000, -0.000000, -0.000000, 0.000000, 0.939838, -0.341621, 0.000000, 0.341621, 0.939838),
      ["LeftLowerLeg"] = CFrame.new(0.000000, 0.122983, -0.076047, 1.000000, -0.000000, -0.000000, 0.000000, 0.212886, 0.977080, -0.000000, -0.977077, 0.212871),
      ["LeftUpperArm"] = CFrame.new(0.093169, 0.011664, -0.074058, 0.998576, 0.050984, -0.015699, -0.050656, 0.998503, 0.020646, 0.016728, -0.019820, 0.999664),
      ["LeftUpperLeg"] = CFrame.new(0.002292, 0.096949, -0.060910, 0.945391, 0.286797, -0.154858, -0.325801, 0.845277, -0.423489, 0.009442, 0.450838, 0.892567),
      ["LowerTorso"] = CFrame.new(0.210557, -0.172116, -0.053113, 0.972389, -0.233358, -0.002029, 0.232945, 0.971115, -0.051694, 0.014034, 0.049794, 0.998661),
      ["RightFoot"] = CFrame.new(0.000000, -0.075094, -0.000103, 0.936727, -0.346772, -0.047872, 0.348023, 0.937260, 0.020599, 0.037728, -0.035944, 0.998641),
      ["RightHand"] = CFrame.new(-0.000496, 0.006570, -0.000000, 0.999412, 0.032137, -0.011917, -0.031594, 0.998564, 0.043275, 0.013290, -0.042872, 0.998992),
      ["RightLowerArm"] = CFrame.new(-0.000000, 0.038499, 0.005268, 1.000000, 0.000000, 0.000000, 0.000000, 0.946330, -0.323203, -0.000000, 0.323203, 0.946330),
      ["RightLowerLeg"] = CFrame.new(0.000000, -0.074834, -0.000988, 1.000000, -0.000000, 0.000000, 0.000000, 1.000000, -0.000008, 0.000000, -0.000011, 1.000000),
      ["RightUpperArm"] = CFrame.new(-0.012336, 0.115901, -0.013040, 0.996507, 0.078758, -0.027774, -0.065066, 0.940690, 0.332969, 0.052351, -0.329998, 0.942529),
      ["RightUpperLeg"] = CFrame.new(0.002462, 0.084939, -0.050236, 0.831861, 0.554883, -0.010632, -0.554825, 0.831928, 0.008027, 0.013297, -0.000771, 0.999911),
      ["UpperTorso"] = CFrame.new(-0.095677, 0.030537, -0.026110, 0.966525, 0.249596, 0.059431, -0.251628, 0.967375, 0.029483, -0.050133, -0.043451, 0.997797)
    }},
    {Time = 1.100, Data = {
      ["Head"] = CFrame.new(-0.000000, 0.000000, -0.000000, 0.994262, -0.097208, -0.044649, 0.100056, 0.992741, 0.066737, 0.037837, -0.070821, 0.996771),
      ["LeftFoot"] = CFrame.new(0.000000, 0.030557, -0.000002, 0.994130, -0.107619, -0.011155, 0.098830, 0.945205, -0.311173, 0.044030, 0.308230, 0.950288),
      ["LeftHand"] = CFrame.new(0.000494, 0.009212, -0.000000, 0.998324, -0.057818, -0.002367, 0.057825, 0.995218, 0.078729, -0.002196, -0.078733, 0.996893),
      ["LeftLowerArm"] = CFrame.new(-0.000500, 0.035087, 0.003462, 1.000000, -0.000000, -0.000000, 0.000000, 0.964301, -0.264810, 0.000000, 0.264810, 0.964300),
      ["LeftLowerLeg"] = CFrame.new(0.000000, 0.122683, -0.074904, 1.000000, -0.000000, -0.000000, 0.000000, 0.224752, 0.974419, -0.000000, -0.974416, 0.224737),
      ["LeftUpperArm"] = CFrame.new(0.095040, 0.006252, -0.080894, 0.998102, 0.060561, -0.011134, -0.059785, 0.996389, 0.060293, 0.014745, -0.059512, 0.998119),
      ["LeftUpperLeg"] = CFrame.new(0.002292, 0.096949, -0.060910, 0.930479, 0.269067, -0.248614, -0.360651, 0.791975, -0.492633, 0.064344, 0.548068, 0.833969),
      ["LowerTorso"] = CFrame.new(0.209221, -0.144639, -0.053106, 0.979840, -0.199747, -0.003820, 0.199289, 0.978581, -0.051605, 0.014046, 0.049804, 0.998660),
      ["RightFoot"] = CFrame.new(-0.000000, -0.080168, -0.000103, 0.936683, -0.346889, -0.047878, 0.346940, 0.937857, -0.007528, 0.047516, -0.009549, 0.998825),
      ["RightHand"] = CFrame.new(-0.000497, 0.005139, -0.000000, 0.999931, 0.008747, -0.007781, -0.008633, 0.999856, 0.014603, 0.007908, -0.014534, 0.999863),
      ["RightLowerArm"] = CFrame.new(0.000000, 0.028886, 0.002857, 1.000000, 0.000000, 0.000000, -0.000000, 0.970809, -0.239855, -0.000000, 0.239855, 0.970809),
      ["RightLowerLeg"] = CFrame.new(-0.000000, -0.079890, -0.001055, 1.000000, -0.000000, 0.000000, -0.000000, 1.000000, -0.000008, 0.000000, -0.000011, 1.000000),
      ["RightUpperArm"] = CFrame.new(-0.013388, 0.101283, -0.006175, 0.998611, 0.044341, -0.028445, -0.035829, 0.967503, 0.250308, 0.038620, -0.248941, 0.967748),
      ["RightUpperLeg"] = CFrame.new(0.002462, 0.084939, -0.050236, 0.850045, 0.526299, 0.020814, -0.526702, 0.849589, 0.028007, -0.002944, -0.034763, 0.999391),
      ["UpperTorso"] = CFrame.new(-0.096254, 0.029717, -0.026070, 0.975425, 0.216263, 0.042151, -0.217569, 0.975605, 0.029310, -0.034784, -0.037761, 0.998681)
    }},
    {Time = 1.133, Data = {
      ["Head"] = CFrame.new(-0.000000, 0.000000, -0.000000, 0.992457, -0.118040, -0.033108, 0.120152, 0.990185, 0.071398, 0.024356, -0.074838, 0.996898),
      ["LeftFoot"] = CFrame.new(0.000000, 0.030098, -0.000002, 0.988135, -0.152810, -0.015434, 0.146350, 0.967288, -0.207216, 0.046592, 0.202490, 0.978174),
      ["LeftHand"] = CFrame.new(0.000496, 0.005694, 0.000000, 0.998342, -0.057516, -0.002457, 0.057563, 0.997941, 0.028291, 0.000825, -0.028385, 0.999597),
      ["LeftLowerArm"] = CFrame.new(-0.000500, 0.019080, 0.000900, 1.000000, -0.000000, -0.000000, 0.000000, 0.990534, -0.137270, 0.000000, 0.137270, 0.990534),
      ["LeftLowerLeg"] = CFrame.new(-0.000000, 0.120914, -0.069173, 1.000000, -0.000000, -0.000000, 0.000000, 0.284243, 0.958757, -0.000000, -0.958752, 0.284228),
      ["LeftUpperArm"] = CFrame.new(0.096211, 0.002843, -0.084697, 0.997747, 0.066248, -0.010610, -0.065480, 0.995977, 0.061174, 0.014620, -0.060341, 0.998071),
      ["LeftUpperLeg"] = CFrame.new(0.002292, 0.096949, -0.060910, 0.924394, 0.242996, -0.294015, -0.367918, 0.771425, -0.519152, 0.100658, 0.588095, 0.802518),
      ["LowerTorso"] = CFrame.new(0.204275, -0.116287, -0.053089, 0.987050, -0.160306, -0.005912, 0.159796, 0.985809, -0.051439, 0.014074, 0.049828, 0.998659),
      ["RightFoot"] = CFrame.new(0.000000, -0.084884, -0.000104, 0.936709, -0.346819, -0.047875, 0.345060, 0.937668, -0.041384, 0.059244, 0.022254, 0.997996),
      ["RightHand"] = CFrame.new(-0.000498, 0.002652, -0.000000, 0.999950, -0.008855, -0.004654, 0.008674, 0.999263, -0.037394, 0.004982, 0.037352, 0.999290),
      ["RightLowerArm"] = CFrame.new(-0.000000, 0.013575, 0.000582, 1.000000, 0.000000, 0.000000, -0.000000, 0.993942, -0.109908, -0.000000, 0.109908, 0.993942),
      ["RightLowerLeg"] = CFrame.new(0.000000, -0.084591, -0.001117, 1.000000, 0.000000, -0.000000, -0.000000, 1.000000, -0.000008, 0.000000, -0.000011, 1.000000),
      ["RightUpperArm"] = CFrame.new(-0.013859, 0.086575, -0.001432, 0.999555, 0.010780, -0.027815, -0.006413, 0.988278, 0.152531, 0.029134, -0.152284, 0.987907),
      ["RightUpperLeg"] = CFrame.new(0.002462, 0.084939, -0.050236, 0.870125, 0.490391, 0.048977, -0.492601, 0.868448, 0.056059, -0.015045, -0.072898, 0.997225),
      ["UpperTorso"] = CFrame.new(-0.097054, 0.028182, -0.026001, 0.983739, 0.176978, 0.030611, -0.177852, 0.983640, 0.028670, -0.025036, -0.033648, 0.999120)
    }},
    {Time = 1.167, Data = {
      ["Head"] = CFrame.new(-0.000000, -0.000000, -0.000000, 0.991650, -0.125800, -0.028354, 0.127573, 0.989123, 0.073213, 0.018836, -0.076219, 0.996913),
      ["LeftFoot"] = CFrame.new(-0.000000, 0.028984, -0.000002, 0.987067, -0.159504, -0.016067, 0.155850, 0.978248, -0.136902, 0.037553, 0.132622, 0.990454),
      ["LeftHand"] = CFrame.new(0.000502, -0.002175, -0.000000, 0.998563, -0.053480, -0.003354, 0.053362, 0.998161, -0.028759, 0.004886, 0.028538, 0.999581),
      ["LeftLowerArm"] = CFrame.new(-0.000500, -0.002370, 0.000012, 1.000000, -0.000000, -0.000000, 0.000000, 1.000000, -0.000001, 0.000000, -0.000000, 1.000000),
      ["LeftLowerLeg"] = CFrame.new(0.000000, 0.117644, -0.061705, 1.000000, -0.000000, -0.000000, 0.000000, 0.361984, 0.932190, -0.000000, -0.932184, 0.361970),
      ["LeftUpperArm"] = CFrame.new(0.096582, 0.001174, -0.085377, 0.997535, 0.068909, -0.013231, -0.068346, 0.996894, 0.039124, 0.015886, -0.038122, 0.999147),
      ["LeftUpperLeg"] = CFrame.new(0.002292, 0.096949, -0.060910, 0.936597, 0.212168, -0.278870, -0.333029, 0.786496, -0.520091, 0.108982, 0.580008, 0.807302),
      ["LowerTorso"] = CFrame.new(0.194840, -0.087928, -0.053059, 0.993345, -0.114877, -0.008305, 0.114309, 0.992127, -0.051156, 0.014116, 0.049867, 0.998656),
      ["RightFoot"] = CFrame.new(-0.000000, -0.089030, -0.000103, 0.937090, -0.345796, -0.047816, 0.341379, 0.936386, -0.081493, 0.072954, 0.060048, 0.995526),
      ["RightHand"] = CFrame.new(-0.000504, -0.005579, -0.000000, 0.999827, -0.018346, -0.002960, 0.018051, 0.996639, -0.079903, 0.004416, 0.079835, 0.996798),
      ["RightLowerArm"] = CFrame.new(-0.000000, -0.005572, 0.000030, 1.000000, 0.000000, 0.000000, -0.000000, 1.000000, -0.000001, -0.000000, -0.000000, 1.000000),
      ["RightLowerLeg"] = CFrame.new(0.000000, -0.088722, -0.001172, 1.000000, 0.000000, -0.000000, -0.000000, 1.000000, -0.000007, -0.000000, -0.000011, 1.000000),
      ["RightUpperArm"] = CFrame.new(-0.013790, 0.072228, 0.000162, 0.999415, -0.020180, -0.027611, 0.022281, 0.996704, 0.078001, 0.025946, -0.078570, 0.996571),
      ["RightUpperLeg"] = CFrame.new(0.002462, 0.084939, -0.050236, 0.892081, 0.446306, 0.070737, -0.451377, 0.887466, 0.093080, -0.021236, -0.114956, 0.993143),
      ["UpperTorso"] = CFrame.new(-0.098056, 0.025853, -0.025902, 0.990931, 0.131632, 0.027006, -0.132388, 0.990790, 0.028429, -0.023016, -0.031746, 0.999231)
    }}
  }
}