return {
  ["Astro's gun walk idle"] = {
    {Time = 0.000, Data = {
      ["Head"] = CFrame.new(0.000000, 0.000000, 0.000000, 0.833764, 0.079273, 0.546399, -0.121143, 0.991791, 0.040959, -0.538668, -0.100326, 0.836523),
      ["LeftFoot"] = CFrame.new(-0.000000, -0.000000, 0.000000, 0.994121, 0.054931, -0.093303, -0.097442, 0.829604, -0.549784, 0.047205, 0.555643, 0.830079),
      ["LeftHand"] = CFrame.new(0.000000, 0.000000, 0.000000, -0.078004, -0.423123, 0.902696, -0.183106, 0.896148, 0.404252, -0.979994, -0.133741, -0.147379),
      ["LeftLowerArm"] = CFrame.new(-0.000000, 0.000000, -0.000000, 1.000000, -0.000006, 0.000002, -0.000004, 0.320305, -0.947321, -0.000005, 0.947314, 0.320285),
      ["LeftLowerLeg"] = CFrame.new(-0.000000, 0.000000, -0.000000, 1.000000, 0.000000, -0.000000, -0.000000, 0.781476, 0.623936, -0.000000, -0.623935, 0.781476),
      ["LeftUpperArm"] = CFrame.new(0.000000, -0.065238, 0.000000, 0.976284, 0.159818, 0.146036, 0.007804, 0.648140, -0.761494, -0.216352, 0.744562, 0.631506),
      ["LeftUpperLeg"] = CFrame.new(0.000025, 0.000126, 0.004998, 0.943316, -0.056676, 0.327019, 0.124213, 0.973994, -0.189491, -0.307776, 0.219370, 0.925825),
      ["LowerTorso"] = CFrame.new(-0.192643, -0.181772, 0.133292, 0.861817, 0.075910, -0.501506, -0.013035, 0.991725, 0.127713, 0.507051, -0.103529, 0.855676),
      ["RightFoot"] = CFrame.new(0.000000, 0.000000, -0.000000, 0.984734, 0.086980, 0.150774, -0.083289, 0.996054, -0.030648, -0.152845, 0.017623, 0.988093),
      ["RightHand"] = CFrame.new(-0.000000, 0.000000, -0.000000, 0.986784, 0.141455, -0.079022, -0.066442, 0.798037, 0.598953, 0.147792, -0.585770, 0.796875),
      ["RightLowerArm"] = CFrame.new(0.000000, 0.000000, 0.000000, 1.000000, 0.000003, -0.000002, 0.000002, 0.136044, -0.990704, 0.000003, 0.990703, 0.136034),
      ["RightLowerLeg"] = CFrame.new(-0.000000, -0.000000, -0.000000, 1.000000, -0.000000, -0.000000, 0.000000, 0.548985, 0.835832, -0.000000, -0.835832, 0.548985),
      ["RightUpperArm"] = CFrame.new(-0.000000, -0.065238, 0.000000, 0.462593, 0.318861, 0.827242, 0.197199, 0.872703, -0.446667, -0.864361, 0.369754, 0.340820),
      ["RightUpperLeg"] = CFrame.new(-0.000026, -0.000125, -0.004997, 0.986531, 0.030939, 0.160620, 0.113425, 0.578144, -0.808013, -0.117861, 0.815348, 0.566848),
      ["UpperTorso"] = CFrame.new(0.000000, 0.000000, 0.000000, 0.864420, 0.032892, -0.501695, -0.005006, 0.998371, 0.056816, 0.502746, -0.046613, 0.863177)
    }},
    {Time = 0.033, Data = {
      ["Head"] = CFrame.new(-0.000000, 0.000000, 0.000000, 0.833773, 0.079296, 0.546384, -0.121143, 0.991790, 0.040927, -0.538654, -0.100323, 0.836534),
      ["LeftFoot"] = CFrame.new(-0.000000, 0.000000, 0.000000, 0.996563, 0.029915, -0.077249, -0.065777, 0.852632, -0.518356, 0.050358, 0.521655, 0.851669),
      ["LeftHand"] = CFrame.new(-0.000000, 0.000000, 0.000000, -0.077984, -0.423149, 0.902706, -0.183147, 0.896128, 0.404233, -0.979988, -0.133791, -0.147369),
      ["LeftLowerArm"] = CFrame.new(-0.000000, 0.000000, 0.000000, 1.000000, 0.000004, -0.000003, 0.000004, 0.320223, -0.947346, 0.000003, 0.947342, 0.320212),
      ["LeftLowerLeg"] = CFrame.new(-0.000000, 0.000000, 0.000000, 1.000000, 0.000000, 0.000000, -0.000000, 0.714114, 0.700029, 0.000000, -0.700029, 0.714114),
      ["LeftUpperArm"] = CFrame.new(-0.000000, -0.065238, 0.000000, 0.976309, 0.159730, 0.145967, 0.007806, 0.648148, -0.761468, -0.216238, 0.744574, 0.631554),
      ["LeftUpperLeg"] = CFrame.new(0.000025, 0.000126, 0.004997, 0.949193, 0.015503, 0.314312, 0.092047, 0.941431, -0.324401, -0.300932, 0.336851, 0.892173),
      ["LowerTorso"] = CFrame.new(-0.194554, -0.172111, 0.132223, 0.859840, 0.061535, -0.506842, -0.000332, 0.992777, 0.119971, 0.510564, -0.102989, 0.853650),
      ["RightFoot"] = CFrame.new(0.000000, 0.000000, -0.000000, 0.968759, 0.171884, 0.178776, -0.143409, 0.976376, -0.161630, -0.202334, 0.130943, 0.970523),
      ["RightHand"] = CFrame.new(-0.000000, -0.000000, 0.000000, 0.986787, 0.141508, -0.078943, -0.066498, 0.797976, 0.599005, 0.147750, -0.585841, 0.796844),
      ["RightLowerArm"] = CFrame.new(-0.000000, -0.000000, -0.000000, 1.000000, -0.000005, 0.000003, -0.000003, 0.135960, -0.990716, -0.000005, 0.990714, 0.135951),
      ["RightLowerLeg"] = CFrame.new(-0.000000, -0.000000, -0.000000, 1.000000, -0.000000, -0.000000, 0.000000, 0.395206, 0.918592, -0.000000, -0.918593, 0.395206),
      ["RightUpperArm"] = CFrame.new(0.000000, -0.065238, 0.000000, 0.462758, 0.318849, 0.827159, 0.197136, 0.872699, -0.446687, -0.864287, 0.369772, 0.340997),
      ["RightUpperLeg"] = CFrame.new(-0.000025, -0.000125, -0.004998, 0.969461, -0.034425, 0.242816, 0.204617, 0.659342, -0.723464, -0.135193, 0.751054, 0.646251),
      ["UpperTorso"] = CFrame.new(0.000000, -0.000000, -0.000000, 0.867168, 0.044691, -0.496007, -0.011566, 0.997504, 0.069660, 0.497882, -0.054665, 0.865520)
    }},
    {Time = 0.067, Data = {
      ["Head"] = CFrame.new(0.000000, 0.000000, -0.000000, 0.833759, 0.079287, 0.546404, -0.121149, 0.991791, 0.040942, -0.538673, -0.100321, 0.836520),
      ["LeftFoot"] = CFrame.new(0.000000, 0.000000, 0.000000, 0.997423, 0.014025, -0.070360, -0.045282, 0.883771, -0.465723, 0.055650, 0.467709, 0.882129),
      ["LeftHand"] = CFrame.new(0.000000, 0.000000, 0.000000, -0.078002, -0.423122, 0.902702, -0.183137, 0.896147, 0.404241, -0.979988, -0.133749, -0.147373),
      ["LeftLowerArm"] = CFrame.new(-0.000000, 0.000000, 0.000000, 1.000000, -0.000002, -0.000001, 0.000000, 0.320297, -0.947331, -0.000002, 0.947317, 0.320255),
      ["LeftLowerLeg"] = CFrame.new(0.000000, 0.000000, -0.000000, 1.000000, 0.000000, 0.000000, -0.000000, 0.672787, 0.739836, 0.000000, -0.739836, 0.672787),
      ["LeftUpperArm"] = CFrame.new(-0.000000, -0.065238, -0.000000, 0.976299, 0.159774, 0.145982, 0.007793, 0.648135, -0.761495, -0.216284, 0.744576, 0.631518),
      ["LeftUpperLeg"] = CFrame.new(0.000026, 0.000125, 0.004998, 0.949880, 0.075343, 0.303399, 0.068842, 0.896288, -0.438096, -0.304940, 0.437025, 0.846180),
      ["LowerTorso"] = CFrame.new(-0.195357, -0.165365, 0.131468, 0.855625, 0.059626, -0.514149, 0.004065, 0.992538, 0.121871, 0.517580, -0.106366, 0.848998),
      ["RightFoot"] = CFrame.new(0.000000, 0.000000, -0.000000, 0.951192, 0.225451, 0.210723, -0.180260, 0.960151, -0.213583, -0.250480, 0.165175, 0.953928),
      ["RightHand"] = CFrame.new(-0.000000, 0.000000, -0.000000, 0.986785, 0.141482, -0.078993, -0.066461, 0.798015, 0.598989, 0.147779, -0.585795, 0.796851),
      ["RightLowerArm"] = CFrame.new(-0.000000, 0.000000, -0.000000, 1.000000, -0.000002, 0.000001, -0.000001, 0.136026, -0.990710, -0.000002, 0.990705, 0.135990),
      ["RightLowerLeg"] = CFrame.new(0.000000, 0.000000, -0.000000, 1.000000, -0.000000, -0.000000, 0.000000, 0.380543, 0.924763, -0.000000, -0.924763, 0.380543),
      ["RightUpperArm"] = CFrame.new(-0.000000, -0.065238, -0.000000, 0.462690, 0.318851, 0.827192, 0.197176, 0.872695, -0.446690, -0.864314, 0.369779, 0.340913),
      ["RightUpperLeg"] = CFrame.new(-0.000026, -0.000126, -0.004998, 0.942693, -0.116121, 0.312802, 0.284503, 0.769535, -0.571729, -0.174322, 0.627958, 0.758473),
      ["UpperTorso"] = CFrame.new(0.000000, -0.000000, -0.000000, 0.871374, 0.047596, -0.488306, -0.015446, 0.997451, 0.069649, 0.490377, -0.053155, 0.869889)
    }},
    {Time = 0.100, Data = {
      ["Head"] = CFrame.new(-0.000000, 0.000000, -0.000000, 0.833755, 0.079291, 0.546408, -0.121152, 0.991791, 0.040938, -0.538678, -0.100319, 0.836518),
      ["LeftFoot"] = CFrame.new(0.000000, -0.000000, -0.000000, 0.997253, 0.004431, -0.073932, -0.033326, 0.918306, -0.394467, 0.066144, 0.395848, 0.915931),
      ["LeftHand"] = CFrame.new(0.000000, -0.000000, -0.000000, -0.078003, -0.423118, 0.902703, -0.183147, 0.896149, 0.404238, -0.979986, -0.133747, -0.147371),
      ["LeftLowerArm"] = CFrame.new(-0.000000, 0.000000, -0.000000, 1.000000, -0.000001, -0.000001, 0.000001, 0.320304, -0.947333, -0.000002, 0.947315, 0.320249),
      ["LeftLowerLeg"] = CFrame.new(0.000000, -0.000000, 0.000000, 1.000000, 0.000000, 0.000000, -0.000000, 0.652992, 0.757365, 0.000000, -0.757365, 0.652992),
      ["LeftUpperArm"] = CFrame.new(0.000000, -0.065238, 0.000000, 0.976304, 0.159764, 0.145965, 0.007787, 0.648131, -0.761498, -0.216265, 0.744582, 0.631517),
      ["LeftUpperLeg"] = CFrame.new(0.000025, 0.000125, 0.004998, 0.946551, 0.130410, 0.295017, 0.049807, 0.844566, -0.533130, -0.318687, 0.519328, 0.792930),
      ["LowerTorso"] = CFrame.new(-0.195143, -0.162565, 0.134056, 0.851156, 0.061817, -0.521259, 0.004289, 0.992189, 0.124670, 0.524894, -0.108350, 0.844243),
      ["RightFoot"] = CFrame.new(0.000000, 0.000000, -0.000000, 0.940747, 0.248756, 0.230463, -0.201530, 0.956705, -0.210006, -0.272726, 0.151117, 0.950150),
      ["RightHand"] = CFrame.new(0.000000, -0.000000, -0.000000, 0.986785, 0.141488, -0.078989, -0.066464, 0.798011, 0.599000, 0.147778, -0.585799, 0.796843),
      ["RightLowerArm"] = CFrame.new(-0.000000, 0.000000, 0.000000, 1.000000, -0.000003, 0.000002, -0.000002, 0.136026, -0.990712, -0.000003, 0.990705, 0.135978),
      ["RightLowerLeg"] = CFrame.new(0.000000, -0.000000, 0.000000, 1.000000, -0.000000, -0.000000, 0.000000, 0.481621, 0.876379, -0.000000, -0.876379, 0.481621),
      ["RightUpperArm"] = CFrame.new(-0.000000, -0.065237, -0.000000, 0.462716, 0.318849, 0.827178, 0.197173, 0.872692, -0.446698, -0.864301, 0.369789, 0.340937),
      ["RightUpperLeg"] = CFrame.new(-0.000025, -0.000126, -0.004997, 0.914464, -0.216374, 0.341961, 0.339590, 0.869907, -0.357689, -0.220079, 0.443220, 0.868977),
      ["UpperTorso"] = CFrame.new(-0.000000, 0.000000, 0.000000, 0.875551, 0.046300, -0.480902, -0.016094, 0.997640, 0.066738, 0.482857, -0.050700, 0.874230)
    }},
    {Time = 0.133, Data = {
      ["Head"] = CFrame.new(-0.000000, 0.000000, -0.000000, 0.833754, 0.079296, 0.546410, -0.121154, 0.991791, 0.040933, -0.538680, -0.100318, 0.836517),
      ["LeftFoot"] = CFrame.new(-0.000000, -0.000000, -0.000000, 0.996568, 0.001894, -0.082754, -0.027383, 0.951002, -0.307971, 0.078116, 0.309180, 0.947790),
      ["LeftHand"] = CFrame.new(0.000000, -0.000000, -0.000000, -0.078003, -0.423117, 0.902705, -0.183155, 0.896149, 0.404235, -0.979985, -0.133748, -0.147370),
      ["LeftLowerArm"] = CFrame.new(-0.000000, 0.000000, -0.000000, 1.000000, -0.000001, -0.000002, 0.000002, 0.320303, -0.947336, -0.000001, 0.947315, 0.320242),
      ["LeftLowerLeg"] = CFrame.new(0.000000, 0.000000, -0.000000, 1.000000, 0.000000, 0.000000, -0.000000, 0.654248, 0.756280, 0.000000, -0.756280, 0.654248),
      ["LeftUpperArm"] = CFrame.new(0.000000, -0.065238, -0.000000, 0.976308, 0.159752, 0.145950, 0.007784, 0.648129, -0.761500, -0.216246, 0.744586, 0.631520),
      ["LeftUpperLeg"] = CFrame.new(0.000026, 0.000125, 0.004998, 0.940946, 0.179092, 0.287310, 0.035398, 0.791941, -0.609571, -0.336702, 0.583743, 0.738834),
      ["LowerTorso"] = CFrame.new(-0.194600, -0.163839, 0.135766, 0.846660, 0.066264, -0.527992, 0.002185, 0.991775, 0.127974, 0.532130, -0.109505, 0.839551),
      ["RightFoot"] = CFrame.new(0.000000, 0.000000, 0.000000, 0.936879, 0.253158, 0.241178, -0.227458, 0.965138, -0.129504, -0.265556, 0.066472, 0.961801),
      ["RightHand"] = CFrame.new(0.000000, 0.000000, 0.000000, 0.986785, 0.141496, -0.078981, -0.066468, 0.798004, 0.599011, 0.147775, -0.585805, 0.796836),
      ["RightLowerArm"] = CFrame.new(-0.000000, -0.000000, -0.000000, 1.000000, -0.000005, 0.000002, -0.000003, 0.136021, -0.990714, -0.000004, 0.990706, 0.135965),
      ["RightLowerLeg"] = CFrame.new(0.000000, 0.000000, -0.000000, 1.000000, -0.000000, -0.000000, 0.000000, 0.654108, 0.756402, -0.000000, -0.756401, 0.654107),
      ["RightUpperArm"] = CFrame.new(-0.000000, -0.065238, 0.000000, 0.462744, 0.318846, 0.827163, 0.197166, 0.872690, -0.446704, -0.864288, 0.369797, 0.340963),
      ["RightUpperLeg"] = CFrame.new(-0.000025, -0.000126, -0.004997, 0.890576, -0.320605, 0.322624, 0.373056, 0.920670, -0.114877, -0.260200, 0.222664, 0.939530),
      ["UpperTorso"] = CFrame.new(0.000000, -0.000000, 0.000000, 0.879530, 0.042764, -0.473919, -0.014942, 0.997945, 0.062309, 0.475609, -0.047728, 0.878361)
    }},
    {Time = 0.167, Data = {
      ["Head"] = CFrame.new(-0.000000, -0.000000, -0.000000, 0.833751, 0.079302, 0.546413, -0.121157, 0.991790, 0.040926, -0.538684, -0.100315, 0.836515),
      ["LeftFoot"] = CFrame.new(0.000000, 0.000000, 0.000000, 0.995601, 0.004826, -0.093574, -0.024353, 0.977683, -0.208668, 0.090478, 0.210029, 0.973500),
      ["LeftHand"] = CFrame.new(0.000000, 0.000000, -0.000000, -0.078003, -0.423115, 0.902707, -0.183169, 0.896150, 0.404231, -0.979982, -0.133749, -0.147368),
      ["LeftLowerArm"] = CFrame.new(-0.000000, 0.000001, -0.000000, 1.000000, 0.000001, -0.000003, 0.000004, 0.320304, -0.947340, -0.000000, 0.947315, 0.320231),
      ["LeftLowerLeg"] = CFrame.new(-0.000000, -0.000000, 0.000000, 1.000000, 0.000000, 0.000000, -0.000000, 0.671823, 0.740711, -0.000000, -0.740711, 0.671824),
      ["LeftUpperArm"] = CFrame.new(0.000000, -0.065238, 0.000000, 0.976314, 0.159735, 0.145926, 0.007778, 0.648126, -0.761501, -0.216218, 0.744592, 0.631523),
      ["LeftUpperLeg"] = CFrame.new(0.000026, 0.000126, 0.004997, 0.934274, 0.222737, 0.278424, 0.023922, 0.739960, -0.672226, -0.355752, 0.634703, 0.685998),
      ["LowerTorso"] = CFrame.new(-0.193697, -0.171015, 0.137746, 0.842301, 0.071293, -0.534272, -0.000463, 0.991309, 0.131551, 0.539007, -0.110559, 0.835014),
      ["RightFoot"] = CFrame.new(0.000000, 0.000000, 0.000000, 0.936502, 0.248169, 0.247739, -0.255603, 0.966779, -0.002231, -0.240063, -0.061234, 0.968824),
      ["RightHand"] = CFrame.new(-0.000000, 0.000000, -0.000000, 0.986785, 0.141507, -0.078970, -0.066475, 0.797996, 0.599026, 0.147771, -0.585814, 0.796826),
      ["RightLowerArm"] = CFrame.new(0.000000, -0.000000, 0.000000, 1.000000, -0.000007, 0.000003, -0.000004, 0.136016, -0.990716, -0.000006, 0.990707, 0.135948),
      ["RightLowerLeg"] = CFrame.new(0.000000, 0.000000, 0.000000, 1.000000, -0.000000, -0.000000, 0.000000, 0.819612, 0.572920, -0.000000, -0.572919, 0.819611),
      ["RightUpperArm"] = CFrame.new(-0.000000, -0.065238, 0.000000, 0.462784, 0.318842, 0.827142, 0.197158, 0.872686, -0.446715, -0.864268, 0.369809, 0.341001),
      ["RightUpperLeg"] = CFrame.new(-0.000025, -0.000125, -0.004997, 0.874043, -0.407023, 0.265292, 0.395850, 0.913191, 0.096878, -0.281693, 0.020340, 0.959289),
      ["UpperTorso"] = CFrame.new(0.000000, 0.000000, 0.000000, 0.883241, 0.038728, -0.467317, -0.013393, 0.998261, 0.057405, 0.468727, -0.044450, 0.882224)
    }},
    {Time = 0.200, Data = {
      ["Head"] = CFrame.new(-0.000000, 0.000000, -0.000000, 0.833749, 0.079305, 0.546414, -0.121159, 0.991790, 0.040923, -0.538686, -0.100314, 0.836515),
      ["LeftFoot"] = CFrame.new(-0.000000, 0.000000, -0.000000, 0.994559, 0.010130, -0.103685, -0.020172, 0.995153, -0.096245, 0.102208, 0.097813, 0.989943),
      ["LeftHand"] = CFrame.new(-0.000000, -0.000000, 0.000000, -0.078003, -0.423115, 0.902708, -0.183176, 0.896150, 0.404228, -0.979981, -0.133750, -0.147367),
      ["LeftLowerArm"] = CFrame.new(-0.000000, -0.000000, 0.000000, 1.000000, 0.000002, -0.000004, 0.000005, 0.320304, -0.947342, 0.000000, 0.947315, 0.320225),
      ["LeftLowerLeg"] = CFrame.new(0.000000, -0.000000, 0.000000, 1.000000, 0.000000, 0.000000, -0.000000, 0.706526, 0.707686, -0.000000, -0.707687, 0.706527),
      ["LeftUpperArm"] = CFrame.new(0.000000, -0.065238, -0.000000, 0.976317, 0.159726, 0.145915, 0.007775, 0.648124, -0.761502, -0.216204, 0.744596, 0.631525),
      ["LeftUpperLeg"] = CFrame.new(0.000026, 0.000126, 0.004998, 0.927626, 0.261509, 0.266689, 0.012283, 0.692268, -0.721536, -0.373309, 0.672590, 0.638954),
      ["LowerTorso"] = CFrame.new(-0.191872, -0.181897, 0.140291, 0.838315, 0.075224, -0.539972, -0.001969, 0.990846, 0.134981, 0.545183, -0.112094, 0.830789),
      ["RightFoot"] = CFrame.new(-0.000000, 0.000000, -0.000000, 0.939934, 0.233538, 0.248965, -0.267627, 0.956900, 0.112779, -0.211896, -0.172634, 0.961924),
      ["RightHand"] = CFrame.new(0.000000, 0.000000, -0.000000, 0.986785, 0.141512, -0.078965, -0.066479, 0.797991, 0.599035, 0.147769, -0.585819, 0.796820),
      ["RightLowerArm"] = CFrame.new(0.000000, -0.000000, -0.000000, 1.000000, -0.000008, 0.000004, -0.000005, 0.136014, -0.990717, -0.000007, 0.990707, 0.135937),
      ["RightLowerLeg"] = CFrame.new(0.000000, -0.000000, 0.000000, 1.000000, -0.000000, -0.000000, 0.000000, 0.930418, 0.366501, -0.000000, -0.366501, 0.930418),
      ["RightUpperArm"] = CFrame.new(-0.000000, -0.065238, -0.000000, 0.462805, 0.318840, 0.827131, 0.197154, 0.872684, -0.446720, -0.864258, 0.369815, 0.341020),
      ["RightUpperLeg"] = CFrame.new(-0.000026, -0.000126, -0.004998, 0.865363, -0.464551, 0.187985, 0.415214, 0.874667, 0.250114, -0.280615, -0.138386, 0.949792),
      ["UpperTorso"] = CFrame.new(-0.000000, -0.000000, 0.000000, 0.886589, 0.035926, -0.461162, -0.012791, 0.998502, 0.053188, 0.462382, -0.041263, 0.885720)
    }},
    {Time = 0.233, Data = {
      ["Head"] = CFrame.new(0.000000, 0.000000, 0.000000, 0.833737, 0.079299, 0.546432, -0.121165, 0.991791, 0.040934, -0.538703, -0.100312, 0.836503),
      ["LeftFoot"] = CFrame.new(-0.000000, 0.000000, -0.000000, 0.994286, 0.013704, -0.105863, -0.014023, 0.999899, -0.002252, 0.105822, 0.003724, 0.994378),
      ["LeftHand"] = CFrame.new(0.000000, -0.000000, -0.000000, -0.078018, -0.423092, 0.902705, -0.183171, 0.896166, 0.404234, -0.979980, -0.133715, -0.147370),
      ["LeftLowerArm"] = CFrame.new(0.000000, 0.000000, 0.000000, 1.000000, -0.000003, -0.000003, 0.000002, 0.320368, -0.947330, -0.000004, 0.947293, 0.320259),
      ["LeftLowerLeg"] = CFrame.new(0.000000, 0.000000, 0.000000, 1.000000, 0.000000, 0.000000, -0.000000, 0.750486, 0.660886, 0.000000, -0.660886, 0.750486),
      ["LeftUpperArm"] = CFrame.new(0.000000, -0.065237, 0.000000, 0.976310, 0.159760, 0.145924, 0.007763, 0.648112, -0.761526, -0.216238, 0.744599, 0.631494),
      ["LeftUpperLeg"] = CFrame.new(0.000025, 0.000126, 0.004997, 0.922496, 0.295805, 0.247995, -0.004020, 0.649793, -0.760101, -0.385987, 0.700192, 0.600621),
      ["LowerTorso"] = CFrame.new(-0.188501, -0.193449, 0.142977, 0.834952, 0.076400, -0.544994, -0.000730, 0.990469, 0.137733, 0.550323, -0.114603, 0.827050),
      ["RightFoot"] = CFrame.new(0.000000, 0.000000, -0.000000, 0.943070, 0.230039, 0.240207, -0.272157, 0.948896, 0.159775, -0.191178, -0.216053, 0.957482),
      ["RightHand"] = CFrame.new(-0.000000, -0.000000, 0.000000, 0.986784, 0.141492, -0.079005, -0.066450, 0.798022, 0.599025, 0.147792, -0.585782, 0.796823),
      ["RightLowerArm"] = CFrame.new(0.000000, 0.000000, -0.000000, 1.000000, -0.000005, 0.000003, -0.000003, 0.136066, -0.990714, -0.000004, 0.990700, 0.135966),
      ["RightLowerLeg"] = CFrame.new(0.000000, -0.000000, 0.000000, 1.000000, -0.000000, 0.000000, 0.000000, 0.983445, 0.181207, 0.000000, -0.181207, 0.983445),
      ["RightUpperArm"] = CFrame.new(0.000000, -0.065238, 0.000000, 0.462755, 0.318841, 0.827155, 0.197185, 0.872681, -0.446724, -0.864277, 0.369823, 0.340958),
      ["RightUpperLeg"] = CFrame.new(-0.000026, -0.000126, -0.004998, 0.863983, -0.490803, 0.112449, 0.429140, 0.834575, 0.345435, -0.263387, -0.250194, 0.931681),
      ["UpperTorso"] = CFrame.new(-0.000000, -0.000000, -0.000000, 0.889443, 0.036092, -0.455621, -0.014431, 0.998598, 0.050913, 0.456819, -0.038726, 0.888717)
    }},
    {Time = 0.267, Data = {
      ["Head"] = CFrame.new(0.000000, -0.000000, 0.000000, 0.833734, 0.079323, 0.546432, -0.121172, 0.991790, 0.040904, -0.538706, -0.100305, 0.836504),
      ["LeftFoot"] = CFrame.new(-0.000000, -0.000000, -0.000000, 0.995205, 0.013013, -0.096942, -0.007670, 0.998440, 0.055305, 0.097511, -0.054296, 0.993752),
      ["LeftHand"] = CFrame.new(-0.000000, -0.000000, -0.000000, -0.078009, -0.423099, 0.902715, -0.183220, 0.896159, 0.404216, -0.979972, -0.133739, -0.147361),
      ["LeftLowerArm"] = CFrame.new(0.000000, -0.000000, 0.000000, 1.000000, 0.000004, -0.000007, 0.000008, 0.320333, -0.947349, 0.000001, 0.947305, 0.320201),
      ["LeftLowerLeg"] = CFrame.new(-0.000000, -0.000000, -0.000000, 1.000000, 0.000000, 0.000000, -0.000000, 0.797839, 0.602870, -0.000000, -0.602870, 0.797839),
      ["LeftUpperArm"] = CFrame.new(-0.000000, -0.065238, -0.000000, 0.976336, 0.159681, 0.145839, 0.007751, 0.648107, -0.761518, -0.216121, 0.744620, 0.631523),
      ["LeftUpperLeg"] = CFrame.new(0.000026, 0.000126, 0.004998, 0.919038, 0.327818, 0.218871, -0.029216, 0.610404, -0.791551, -0.393084, 0.721071, 0.570563),
      ["LowerTorso"] = CFrame.new(-0.183761, -0.205023, 0.145002, 0.833453, 0.072164, -0.547857, 0.006658, 0.990053, 0.140540, 0.552550, -0.120781, 0.824682),
      ["RightFoot"] = CFrame.new(0.000000, 0.000000, -0.000000, 0.947042, 0.225838, 0.228273, -0.242761, 0.968868, 0.048610, -0.210189, -0.101451, 0.972383),
      ["RightHand"] = CFrame.new(0.000000, 0.000000, 0.000000, 0.986785, 0.141541, -0.078944, -0.066491, 0.797975, 0.599083, 0.147763, -0.585835, 0.796786),
      ["RightLowerArm"] = CFrame.new(0.000000, 0.000000, -0.000000, 1.000000, -0.000013, 0.000007, -0.000008, 0.136017, -0.990724, -0.000012, 0.990707, 0.135888),
      ["RightLowerLeg"] = CFrame.new(0.000000, -0.000000, 0.000000, 1.000000, -0.000000, 0.000000, 0.000000, 0.967371, 0.253365, 0.000000, -0.253364, 0.967371),
      ["RightUpperArm"] = CFrame.new(-0.000000, -0.065238, 0.000000, 0.462922, 0.318827, 0.827069, 0.197137, 0.872671, -0.446757, -0.864199, 0.369858, 0.341125),
      ["RightUpperLeg"] = CFrame.new(-0.000025, -0.000126, -0.004997, 0.873538, -0.473563, 0.112553, 0.427774, 0.857214, 0.286696, -0.232250, -0.202293, 0.951387),
      ["UpperTorso"] = CFrame.new(0.000000, -0.000000, -0.000000, 0.891045, 0.042855, -0.451887, -0.021877, 0.998431, 0.051539, 0.453387, -0.036044, 0.890585)
    }},
    {Time = 0.300, Data = {
      ["Head"] = CFrame.new(-0.000000, 0.000000, -0.000000, 0.833734, 0.079333, 0.546431, -0.121174, 0.991789, 0.040891, -0.538706, -0.100302, 0.836505),
      ["LeftFoot"] = CFrame.new(0.000000, 0.000000, 0.000000, 0.996561, 0.008850, -0.082385, 0.000240, 0.993966, 0.109691, 0.082860, -0.109333, 0.990546),
      ["LeftHand"] = CFrame.new(0.000000, 0.000000, -0.000000, -0.078005, -0.423104, 0.902719, -0.183241, 0.896155, 0.404207, -0.979968, -0.133752, -0.147357),
      ["LeftLowerArm"] = CFrame.new(-0.000000, -0.000000, -0.000000, 1.000000, 0.000007, -0.000009, 0.000011, 0.320314, -0.947358, 0.000004, 0.947311, 0.320175),
      ["LeftLowerLeg"] = CFrame.new(-0.000000, 0.000000, -0.000000, 1.000000, 0.000000, 0.000000, -0.000000, 0.866304, 0.499517, -0.000000, -0.499517, 0.866304),
      ["LeftUpperArm"] = CFrame.new(-0.000000, -0.065238, -0.000000, 0.976347, 0.159645, 0.145803, 0.007747, 0.648106, -0.761513, -0.216071, 0.744628, 0.631537),
      ["LeftUpperLeg"] = CFrame.new(0.000026, 0.000126, 0.004997, 0.915255, 0.353927, 0.192467, -0.060299, 0.592703, -0.803161, -0.398336, 0.723491, 0.563817),
      ["LowerTorso"] = CFrame.new(-0.177659, -0.212587, 0.145906, 0.834205, 0.062958, -0.547848, 0.019912, 0.989375, 0.144019, 0.551095, -0.131050, 0.824088),
      ["RightFoot"] = CFrame.new(0.000000, 0.000000, 0.000000, 0.940824, 0.229692, 0.249182, -0.222655, 0.973261, -0.056472, -0.255491, -0.002351, 0.966809),
      ["RightHand"] = CFrame.new(0.000000, 0.000000, 0.000000, 0.986786, 0.141563, -0.078916, -0.066511, 0.797952, 0.599109, 0.147750, -0.585860, 0.796769),
      ["RightLowerArm"] = CFrame.new(0.000000, 0.000000, -0.000000, 1.000000, -0.000017, 0.000009, -0.000011, 0.135992, -0.990729, -0.000015, 0.990710, 0.135852),
      ["RightLowerLeg"] = CFrame.new(0.000000, 0.000000, -0.000000, 1.000000, -0.000000, 0.000000, 0.000000, 0.965814, 0.259237, -0.000000, -0.259237, 0.965814),
      ["RightUpperArm"] = CFrame.new(0.000000, -0.065238, -0.000000, 0.462995, 0.318821, 0.827031, 0.197115, 0.872667, -0.446770, -0.864165, 0.369872, 0.341199),
      ["RightUpperLeg"] = CFrame.new(-0.000026, -0.000126, -0.004997, 0.893317, -0.439677, 0.093095, 0.411678, 0.883636, 0.222959, -0.180292, -0.160848, 0.970372),
      ["UpperTorso"] = CFrame.new(0.000000, -0.000000, 0.000000, 0.890814, 0.056172, -0.450883, -0.035363, 0.997890, 0.054448, 0.452990, -0.032561, 0.890921)
    }},
    {Time = 0.333, Data = {
      ["Head"] = CFrame.new(0.000000, 0.000000, 0.000000, 0.833734, 0.079309, 0.546434, -0.121169, 0.991790, 0.040922, -0.538708, -0.100308, 0.836502),
      ["LeftFoot"] = CFrame.new(0.000000, 0.000000, 0.000000, 0.997716, 0.002618, -0.067493, 0.010228, 0.981865, 0.189305, 0.066765, -0.189563, 0.979596),
      ["LeftHand"] = CFrame.new(0.000000, -0.000000, -0.000000, -0.078017, -0.423091, 0.902709, -0.183193, 0.896166, 0.404227, -0.979976, -0.133720, -0.147367),
      ["LeftLowerArm"] = CFrame.new(0.000000, -0.000000, 0.000000, 1.000000, -0.000001, -0.000005, 0.000004, 0.320363, -0.947337, -0.000002, 0.947295, 0.320238),
      ["LeftLowerLeg"] = CFrame.new(0.000000, 0.000000, 0.000000, 1.000000, 0.000000, -0.000000, -0.000000, 0.949521, 0.313703, 0.000000, -0.313703, 0.949521),
      ["LeftUpperArm"] = CFrame.new(0.000000, -0.065238, 0.000000, 0.976321, 0.159729, 0.145885, 0.007755, 0.648107, -0.761527, -0.216189, 0.744610, 0.631502),
      ["LeftUpperLeg"] = CFrame.new(0.000026, 0.000126, 0.004997, 0.910607, 0.367149, 0.189728, -0.088593, 0.621837, -0.778120, -0.403666, 0.691752, 0.598776),
      ["LowerTorso"] = CFrame.new(-0.170635, -0.214947, 0.145470, 0.835968, 0.052613, -0.546250, 0.034054, 0.988502, 0.147326, 0.547721, -0.141762, 0.824564),
      ["RightFoot"] = CFrame.new(0.000000, 0.000000, 0.000000, 0.924569, 0.274823, 0.263901, -0.243976, 0.959036, -0.143969, -0.292657, 0.068724, 0.953745),
      ["RightHand"] = CFrame.new(-0.000000, 0.000000, 0.000000, 0.986784, 0.141512, -0.078983, -0.066464, 0.798005, 0.599050, 0.147783, -0.585801, 0.796807),
      ["RightLowerArm"] = CFrame.new(0.000000, -0.000000, -0.000000, 1.000000, -0.000009, 0.000004, -0.000005, 0.136052, -0.990718, -0.000008, 0.990702, 0.135934),
      ["RightLowerLeg"] = CFrame.new(-0.000000, 0.000000, 0.000000, 1.000000, -0.000000, 0.000000, 0.000000, 0.980499, 0.196523, 0.000000, -0.196523, 0.980499),
      ["RightUpperArm"] = CFrame.new(0.000000, -0.065237, 0.000000, 0.462825, 0.318835, 0.827118, 0.197168, 0.872675, -0.446740, -0.864244, 0.369841, 0.341026),
      ["RightUpperLeg"] = CFrame.new(-0.000026, -0.000126, -0.004998, 0.912053, -0.403315, 0.074134, 0.384066, 0.903492, 0.190255, -0.143712, -0.145051, 0.978932),
      ["UpperTorso"] = CFrame.new(0.000000, -0.000000, 0.000000, 0.889374, 0.070752, -0.451673, -0.049826, 0.997068, 0.058056, 0.454456, -0.029143, 0.890293)
    }},
    {Time = 0.367, Data = {
      ["Head"] = CFrame.new(-0.000000, -0.000000, 0.000000, 0.833753, 0.079307, 0.546408, -0.121157, 0.991790, 0.040919, -0.538680, -0.100315, 0.836519),
      ["LeftFoot"] = CFrame.new(-0.000000, -0.000000, -0.000000, 0.998464, -0.005660, -0.055106, 0.027436, 0.914708, 0.403182, 0.048125, -0.404075, 0.913459),
      ["LeftHand"] = CFrame.new(-0.000000, 0.000000, 0.000000, -0.077998, -0.423122, 0.902710, -0.183178, 0.896145, 0.404226, -0.979981, -0.133761, -0.147366),
      ["LeftLowerArm"] = CFrame.new(-0.000000, 0.000001, 0.000000, 1.000000, 0.000003, -0.000005, 0.000006, 0.320283, -0.947346, 0.000002, 0.947322, 0.320213),
      ["LeftLowerLeg"] = CFrame.new(-0.000000, -0.000000, -0.000000, 1.000000, -0.000000, 0.000000, 0.000000, 0.978755, -0.205033, 0.000000, 0.205034, 0.978755),
      ["LeftUpperArm"] = CFrame.new(-0.000000, -0.065238, 0.000000, 0.976320, 0.159714, 0.145912, 0.007779, 0.648128, -0.761494, -0.216192, 0.744595, 0.631535),
      ["LeftUpperLeg"] = CFrame.new(0.000026, 0.000125, 0.004997, 0.907793, 0.323177, 0.267336, -0.106607, 0.794261, -0.598151, -0.405643, 0.514497, 0.755478),
      ["LowerTorso"] = CFrame.new(-0.163311, -0.214597, 0.141390, 0.837249, 0.046051, -0.544879, 0.042812, 0.987868, 0.149276, 0.545143, -0.148309, 0.825120),
      ["RightFoot"] = CFrame.new(0.000000, 0.000000, 0.000000, 0.920287, 0.302273, 0.248398, -0.237595, 0.936200, -0.258995, -0.310838, 0.179331, 0.933392),
      ["RightHand"] = CFrame.new(0.000000, 0.000000, -0.000000, 0.986786, 0.141519, -0.078950, -0.066490, 0.797981, 0.599038, 0.147761, -0.585832, 0.796819),
      ["RightLowerArm"] = CFrame.new(0.000000, -0.000000, -0.000000, 1.000000, -0.000008, 0.000004, -0.000005, 0.135995, -0.990719, -0.000007, 0.990710, 0.135928),
      ["RightLowerLeg"] = CFrame.new(0.000000, -0.000000, 0.000000, 1.000000, -0.000000, -0.000000, 0.000000, 0.976218, 0.216790, -0.000000, -0.216790, 0.976218),
      ["RightUpperArm"] = CFrame.new(-0.000000, -0.065238, 0.000000, 0.462822, 0.318839, 0.827123, 0.197142, 0.872686, -0.446719, -0.864252, 0.369812, 0.341042),
      ["RightUpperLeg"] = CFrame.new(-0.000026, -0.000126, -0.004998, 0.928174, -0.363650, 0.079055, 0.352893, 0.927510, 0.123264, -0.118149, -0.086512, 0.989220),
      ["UpperTorso"] = CFrame.new(0.000000, 0.000000, -0.000000, 0.888177, 0.079857, -0.452510, -0.058784, 0.996438, 0.060462, 0.455727, -0.027102, 0.889707)
    }},
    {Time = 0.400, Data = {
      ["Head"] = CFrame.new(-0.000000, 0.000000, -0.000000, 0.833769, 0.079305, 0.546388, -0.121147, 0.991790, 0.040916, -0.538659, -0.100319, 0.836532),
      ["LeftFoot"] = CFrame.new(-0.000000, 0.000000, -0.000000, 0.998522, -0.018467, -0.051111, 0.029355, 0.974759, 0.221322, 0.045735, -0.222495, 0.973861),
      ["LeftHand"] = CFrame.new(-0.000000, 0.000000, 0.000000, -0.077983, -0.423147, 0.902710, -0.183167, 0.896128, 0.404226, -0.979984, -0.133794, -0.147366),
      ["LeftLowerArm"] = CFrame.new(-0.000000, 0.000000, -0.000000, 1.000000, 0.000007, -0.000005, 0.000007, 0.320221, -0.947352, 0.000005, 0.947343, 0.320194),
      ["LeftLowerLeg"] = CFrame.new(-0.000000, 0.000000, -0.000000, 1.000000, 0.000000, 0.000000, -0.000000, 0.972589, 0.232529, 0.000000, -0.232529, 0.972589),
      ["LeftUpperArm"] = CFrame.new(-0.000000, -0.065238, -0.000000, 0.976320, 0.159702, 0.145930, 0.007798, 0.648143, -0.761469, -0.216193, 0.744584, 0.631561),
      ["LeftUpperLeg"] = CFrame.new(0.000025, 0.000125, 0.004997, 0.909701, 0.372444, 0.183657, -0.114126, 0.649471, -0.751772, -0.399273, 0.662927, 0.633331),
      ["LowerTorso"] = CFrame.new(-0.156310, -0.210318, 0.135917, 0.839811, 0.042968, -0.541175, 0.042494, 0.988601, 0.144438, 0.541213, -0.144298, 0.828412),
      ["RightFoot"] = CFrame.new(0.000000, 0.000000, -0.000000, 0.934815, 0.279679, 0.218861, -0.178000, 0.902270, -0.392716, -0.307307, 0.328159, 0.893238),
      ["RightHand"] = CFrame.new(-0.000000, -0.000000, 0.000000, 0.986787, 0.141526, -0.078924, -0.066510, 0.797961, 0.599029, 0.147742, -0.585858, 0.796828),
      ["RightLowerArm"] = CFrame.new(-0.000000, -0.000000, -0.000000, 1.000000, -0.000009, 0.000004, -0.000006, 0.135949, -0.990720, -0.000008, 0.990716, 0.135921),
      ["RightLowerLeg"] = CFrame.new(-0.000000, -0.000000, 0.000000, 1.000000, -0.000000, 0.000000, 0.000000, 0.935828, 0.352457, 0.000000, -0.352456, 0.935828),
      ["RightUpperArm"] = CFrame.new(0.000000, -0.065238, -0.000000, 0.462823, 0.318843, 0.827125, 0.197121, 0.872694, -0.446702, -0.864256, 0.369790, 0.341058),
      ["RightUpperLeg"] = CFrame.new(-0.000025, -0.000126, -0.004997, 0.942149, -0.320001, 0.099767, 0.321195, 0.947004, 0.004309, -0.095858, 0.027985, 0.995001),
      ["UpperTorso"] = CFrame.new(0.000000, -0.000000, 0.000000, 0.886007, 0.080365, -0.456655, -0.056783, 0.996258, 0.065165, 0.460183, -0.031798, 0.887254)
    }},
    {Time = 0.433, Data = {
      ["Head"] = CFrame.new(0.000000, -0.000000, -0.000000, 0.833779, 0.079281, 0.546377, -0.121136, 0.991791, 0.040944, -0.538645, -0.100329, 0.836538),
      ["LeftFoot"] = CFrame.new(-0.000000, 0.000000, 0.000000, 0.998008, -0.038399, -0.050046, 0.047024, 0.981697, 0.184551, 0.042045, -0.186537, 0.981548),
      ["LeftHand"] = CFrame.new(-0.000000, 0.000000, -0.000000, -0.077984, -0.423153, 0.902700, -0.183115, 0.896126, 0.404243, -0.979994, -0.133788, -0.147374),
      ["LeftLowerArm"] = CFrame.new(-0.000000, 0.000000, -0.000000, 1.000000, 0.000001, -0.000000, 0.000001, 0.320222, -0.947337, 0.000002, 0.947343, 0.320238),
      ["LeftLowerLeg"] = CFrame.new(-0.000000, 0.000000, 0.000000, 1.000000, 0.000000, 0.000000, -0.000000, 0.934105, 0.356998, 0.000000, -0.356998, 0.934105),
      ["LeftUpperArm"] = CFrame.new(-0.000000, -0.065238, -0.000000, 0.976295, 0.159772, 0.146022, 0.007820, 0.648156, -0.761463, -0.216305, 0.744558, 0.631547),
      ["LeftUpperLeg"] = CFrame.new(0.000026, 0.000125, 0.004998, 0.915696, 0.365773, 0.166465, -0.119903, 0.644031, -0.755544, -0.383567, 0.671888, 0.633595),
      ["LowerTorso"] = CFrame.new(-0.150479, -0.200793, 0.130783, 0.845436, 0.040037, -0.532573, 0.035826, 0.990688, 0.131352, 0.532873, -0.130130, 0.836130),
      ["RightFoot"] = CFrame.new(-0.000000, 0.000000, 0.000000, 0.948110, 0.248548, 0.198271, -0.128868, 0.870496, -0.475006, -0.290657, 0.424807, 0.857355),
      ["RightHand"] = CFrame.new(0.000000, 0.000000, 0.000000, 0.986786, 0.141482, -0.078969, -0.066481, 0.797997, 0.598967, 0.147761, -0.585819, 0.796870),
      ["RightLowerArm"] = CFrame.new(-0.000000, 0.000000, 0.000000, 1.000000, -0.000001, 0.000000, -0.000000, 0.135974, -0.990710, -0.000000, 0.990712, 0.135995),
      ["RightLowerLeg"] = CFrame.new(0.000000, -0.000000, -0.000000, 1.000000, -0.000000, -0.000000, 0.000000, 0.885981, 0.463722, -0.000000, -0.463722, 0.885981),
      ["RightUpperArm"] = CFrame.new(0.000000, -0.065238, 0.000000, 0.462662, 0.318858, 0.827210, 0.197157, 0.872708, -0.446663, -0.864334, 0.369744, 0.340905),
      ["RightUpperLeg"] = CFrame.new(-0.000026, -0.000126, -0.004997, 0.954473, -0.278112, 0.107862, 0.288793, 0.952087, -0.100652, -0.074701, 0.127219, 0.989058),
      ["UpperTorso"] = CFrame.new(0.000000, -0.000000, 0.000000, 0.881153, 0.075607, -0.466747, -0.045844, 0.996143, 0.074819, 0.470604, -0.044526, 0.881220)
    }},
    {Time = 0.467, Data = {
      ["Head"] = CFrame.new(-0.000000, 0.000000, 0.000000, 0.833776, 0.079263, 0.546383, -0.121133, 0.991792, 0.040967, -0.538650, -0.100332, 0.836533),
      ["LeftFoot"] = CFrame.new(0.000000, 0.000000, 0.000000, 0.997257, -0.058828, -0.044925, 0.062345, 0.994728, 0.081417, 0.039899, -0.083995, 0.995667),
      ["LeftHand"] = CFrame.new(0.000000, 0.000000, -0.000000, -0.077995, -0.423138, 0.902693, -0.183080, 0.896138, 0.404258, -0.979999, -0.133758, -0.147381),
      ["LeftLowerArm"] = CFrame.new(-0.000000, -0.000000, -0.000000, 1.000000, -0.000006, 0.000004, -0.000005, 0.320270, -0.947320, -0.000004, 0.947326, 0.320290),
      ["LeftLowerLeg"] = CFrame.new(0.000000, -0.000000, -0.000000, 1.000000, 0.000000, -0.000000, -0.000000, 0.843075, 0.537796, 0.000000, -0.537796, 0.843075),
      ["LeftUpperArm"] = CFrame.new(-0.000000, -0.065238, -0.000000, 0.976275, 0.159836, 0.146080, 0.007823, 0.648154, -0.761478, -0.216393, 0.744546, 0.631516),
      ["LeftUpperLeg"] = CFrame.new(0.000026, 0.000126, 0.004998, 0.923567, 0.353719, 0.148011, -0.122472, 0.637923, -0.760299, -0.363352, 0.684059, 0.632486),
      ["LowerTorso"] = CFrame.new(-0.146584, -0.189074, 0.127533, 0.851523, 0.038432, -0.522906, 0.028285, 0.992490, 0.119007, 0.523553, -0.116128, 0.844042),
      ["RightFoot"] = CFrame.new(0.000000, 0.000000, 0.000000, 0.954531, 0.224629, 0.195991, -0.099827, 0.860332, -0.499864, -0.280902, 0.457570, 0.843637),
      ["RightHand"] = CFrame.new(-0.000000, 0.000000, 0.000000, 0.986785, 0.141443, -0.079025, -0.066442, 0.798040, 0.598926, 0.147789, -0.585770, 0.796896),
      ["RightLowerArm"] = CFrame.new(-0.000000, -0.000000, -0.000000, 1.000000, 0.000006, -0.000003, 0.000004, 0.136028, -0.990701, 0.000005, 0.990705, 0.136057),
      ["RightLowerLeg"] = CFrame.new(0.000000, -0.000000, 0.000000, 1.000000, -0.000000, 0.000000, 0.000000, 0.831814, 0.555054, 0.000000, -0.555054, 0.831814),
      ["RightUpperArm"] = CFrame.new(0.000000, -0.065238, 0.000000, 0.462534, 0.318868, 0.827275, 0.197200, 0.872712, -0.446644, -0.864392, 0.369725, 0.340773),
      ["RightUpperLeg"] = CFrame.new(-0.000025, -0.000125, -0.004997, 0.965198, -0.237014, 0.110523, 0.255645, 0.944187, -0.207744, -0.055116, 0.228769, 0.971919),
      ["UpperTorso"] = CFrame.new(0.000000, 0.000000, 0.000000, 0.875647, 0.070176, -0.477827, -0.034405, 0.995937, 0.083210, 0.481725, -0.056430, 0.874504)
    }},
    {Time = 0.500, Data = {
      ["Head"] = CFrame.new(-0.000000, 0.000000, 0.000000, 0.833774, 0.079272, 0.546386, -0.121137, 0.991791, 0.040957, -0.538653, -0.100329, 0.836531),
      ["LeftFoot"] = CFrame.new(-0.000000, 0.000000, 0.000000, 0.997242, -0.067562, -0.030723, 0.065512, 0.995837, -0.063383, 0.034878, 0.061195, 0.997516),
      ["LeftHand"] = CFrame.new(0.000000, 0.000000, 0.000000, -0.077994, -0.423139, 0.902696, -0.183098, 0.896137, 0.404251, -0.979996, -0.133762, -0.147378),
      ["LeftLowerArm"] = CFrame.new(-0.000000, 0.000000, -0.000000, 1.000000, -0.000003, 0.000002, -0.000003, 0.320265, -0.947325, -0.000002, 0.947328, 0.320273),
      ["LeftLowerLeg"] = CFrame.new(-0.000000, -0.000000, -0.000000, 1.000000, 0.000000, 0.000000, -0.000000, 0.683271, 0.730165, 0.000000, -0.730165, 0.683271),
      ["LeftUpperArm"] = CFrame.new(-0.000000, -0.065238, 0.000000, 0.976284, 0.159811, 0.146049, 0.007816, 0.648151, -0.761478, -0.216353, 0.744555, 0.631523),
      ["LeftUpperLeg"] = CFrame.new(0.000026, 0.000126, 0.004998, 0.934330, 0.328088, 0.139237, -0.110619, 0.638322, -0.761780, -0.338809, 0.696350, 0.632696),
      ["LowerTorso"] = CFrame.new(-0.145052, -0.178025, 0.126201, 0.857018, 0.039385, -0.513780, 0.023132, 0.993129, 0.114717, 0.514768, -0.110200, 0.850218),
      ["RightFoot"] = CFrame.new(0.000000, 0.000000, 0.000000, 0.960928, 0.198061, 0.193363, -0.083740, 0.873847, -0.478936, -0.263829, 0.444030, 0.856289),
      ["RightHand"] = CFrame.new(0.000000, 0.000000, -0.000000, 0.986785, 0.141458, -0.079006, -0.066455, 0.798026, 0.598947, 0.147781, -0.585786, 0.796882),
      ["RightLowerArm"] = CFrame.new(0.000000, -0.000000, 0.000000, 1.000000, 0.000003, -0.000002, 0.000002, 0.136015, -0.990705, 0.000003, 0.990707, 0.136031),
      ["RightLowerLeg"] = CFrame.new(0.000000, 0.000000, -0.000000, 1.000000, -0.000000, -0.000000, 0.000000, 0.776468, 0.630157, 0.000000, -0.630157, 0.776467),
      ["RightUpperArm"] = CFrame.new(0.000000, -0.065238, 0.000000, 0.462591, 0.318863, 0.827245, 0.197186, 0.872708, -0.446656, -0.864365, 0.369739, 0.340828),
      ["RightUpperLeg"] = CFrame.new(-0.000026, -0.000125, -0.004998, 0.974312, -0.190028, 0.120848, 0.219496, 0.921352, -0.320831, -0.050376, 0.339115, 0.939395),
      ["UpperTorso"] = CFrame.new(0.000000, -0.000000, 0.000000, 0.870494, 0.066903, -0.487611, -0.028739, 0.995937, 0.085335, 0.491339, -0.060275, 0.868881)
    }},
    {Time = 0.533, Data = {
      ["Head"] = CFrame.new(0.000000, -0.000000, 0.000000, 0.833768, 0.079286, 0.546392, -0.121144, 0.991791, 0.040940, -0.538661, -0.100324, 0.836529),
      ["LeftFoot"] = CFrame.new(0.000000, -0.000000, -0.000000, 0.997720, -0.066319, -0.012514, 0.063150, 0.982805, -0.173509, 0.023806, 0.172323, 0.984753),
      ["LeftHand"] = CFrame.new(-0.000000, 0.000000, -0.000000, -0.077993, -0.423136, 0.902702, -0.183129, 0.896137, 0.404240, -0.979990, -0.133769, -0.147373),
      ["LeftLowerArm"] = CFrame.new(-0.000000, 0.000000, -0.000000, 1.000000, 0.000000, -0.000001, 0.000001, 0.320260, -0.947335, 0.000000, 0.947330, 0.320244),
      ["LeftLowerLeg"] = CFrame.new(-0.000000, 0.000000, -0.000000, 1.000000, 0.000000, 0.000000, -0.000000, 0.479277, 0.877664, 0.000000, -0.877664, 0.479277),
      ["LeftUpperArm"] = CFrame.new(0.000000, -0.065238, 0.000000, 0.976299, 0.159767, 0.145993, 0.007804, 0.648144, -0.761480, -0.216284, 0.744570, 0.631533),
      ["LeftUpperLeg"] = CFrame.new(0.000025, 0.000126, 0.004998, 0.944231, 0.292032, 0.152134, -0.081480, 0.654867, -0.751339, -0.319043, 0.697041, 0.642141),
      ["LowerTorso"] = CFrame.new(-0.144996, -0.169405, 0.124713, 0.861733, 0.041114, -0.505693, 0.020319, 0.993115, 0.115369, 0.506954, -0.109693, 0.854965),
      ["RightFoot"] = CFrame.new(0.000000, 0.000000, -0.000000, 0.970376, 0.173120, 0.168522, -0.086129, 0.899576, -0.428188, -0.225727, 0.400989, 0.887838),
      ["RightHand"] = CFrame.new(-0.000000, 0.000000, 0.000000, 0.986786, 0.141485, -0.078977, -0.066473, 0.798003, 0.598984, 0.147768, -0.585810, 0.796857),
      ["RightLowerArm"] = CFrame.new(0.000000, 0.000000, -0.000000, 1.000000, -0.000002, 0.000001, -0.000001, 0.135998, -0.990711, -0.000002, 0.990709, 0.135985),
      ["RightLowerLeg"] = CFrame.new(-0.000000, -0.000000, 0.000000, 1.000000, -0.000000, -0.000000, 0.000000, 0.740642, 0.671900, 0.000000, -0.671900, 0.740642),
      ["RightUpperArm"] = CFrame.new(0.000000, -0.065238, -0.000000, 0.462690, 0.318853, 0.827193, 0.197163, 0.872700, -0.446679, -0.864317, 0.369766, 0.340923),
      ["RightUpperLeg"] = CFrame.new(-0.000025, -0.000126, -0.004998, 0.980274, -0.134519, 0.144800, 0.183764, 0.890056, -0.417172, -0.072763, 0.435551, 0.897218),
      ["UpperTorso"] = CFrame.new(-0.000000, -0.000000, 0.000000, 0.865926, 0.065708, -0.495838, -0.027434, 0.996081, 0.084086, 0.499420, -0.059211, 0.864334)
    }},
    {Time = 0.567, Data = {
      ["Head"] = CFrame.new(0.000000, 0.000000, -0.000000, 0.833766, 0.079286, 0.546394, -0.121144, 0.991791, 0.040942, -0.538663, -0.100324, 0.836527),
      ["LeftFoot"] = CFrame.new(0.000000, -0.000000, -0.000000, 0.998076, -0.061795, 0.005038, 0.061563, 0.978183, -0.198413, 0.007332, 0.198342, 0.980105),
      ["LeftHand"] = CFrame.new(0.000000, -0.000000, -0.000000, -0.077994, -0.423133, 0.902701, -0.183129, 0.896139, 0.404242, -0.979990, -0.133765, -0.147373),
      ["LeftLowerArm"] = CFrame.new(0.000000, -0.000000, 0.000000, 1.000000, -0.000001, -0.000001, 0.000000, 0.320268, -0.947334, -0.000001, 0.947327, 0.320247),
      ["LeftLowerLeg"] = CFrame.new(0.000000, 0.000000, 0.000000, 1.000000, 0.000000, 0.000000, -0.000000, 0.312285, 0.949989, 0.000000, -0.949989, 0.312285),
      ["LeftUpperArm"] = CFrame.new(0.000000, -0.065238, 0.000000, 0.976298, 0.159771, 0.145995, 0.007803, 0.648143, -0.761483, -0.216289, 0.744570, 0.631529),
      ["LeftUpperLeg"] = CFrame.new(0.000026, 0.000126, 0.004997, 0.947022, 0.252603, 0.198346, -0.040325, 0.706215, -0.706848, -0.318626, 0.661402, 0.678988),
      ["LowerTorso"] = CFrame.new(-0.145273, -0.164252, 0.122784, 0.864223, 0.043258, -0.501246, 0.017993, 0.993002, 0.116721, 0.502787, -0.109892, 0.857396),
      ["RightFoot"] = CFrame.new(0.000000, 0.000000, 0.000000, 0.979671, 0.150277, 0.132897, -0.093502, 0.928149, -0.360275, -0.177490, 0.340525, 0.923331),
      ["RightHand"] = CFrame.new(0.000000, 0.000000, -0.000000, 0.986785, 0.141483, -0.078982, -0.066470, 0.798006, 0.598982, 0.147772, -0.585806, 0.796858),
      ["RightLowerArm"] = CFrame.new(-0.000000, 0.000000, 0.000000, 1.000000, -0.000002, 0.000001, -0.000001, 0.136004, -0.990710, -0.000001, 0.990708, 0.135989),
      ["RightLowerLeg"] = CFrame.new(-0.000000, -0.000000, 0.000000, 1.000000, -0.000000, -0.000000, 0.000000, 0.725344, 0.688387, -0.000000, -0.688387, 0.725344),
      ["RightUpperArm"] = CFrame.new(-0.000000, -0.065238, 0.000000, 0.462683, 0.318854, 0.827197, 0.197167, 0.872700, -0.446680, -0.864320, 0.369766, 0.340914),
      ["RightUpperLeg"] = CFrame.new(-0.000026, -0.000126, -0.004998, 0.982128, -0.076366, 0.172024, 0.153527, 0.853773, -0.497495, -0.108878, 0.515014, 0.850239),
      ["UpperTorso"] = CFrame.new(0.000000, 0.000000, -0.000000, 0.863416, 0.064263, -0.500384, -0.026556, 0.996268, 0.082121, 0.503794, -0.057619, 0.861900)
    }},
    {Time = 0.600, Data = {
      ["Head"] = CFrame.new(0.000000, 0.000000, 0.000000, 0.833780, 0.079279, 0.546376, -0.121135, 0.991791, 0.040946, -0.538644, -0.100330, 0.836538),
      ["LeftFoot"] = CFrame.new(-0.000000, 0.000000, 0.000000, 0.998160, -0.054097, 0.027378, 0.057804, 0.985334, -0.160549, -0.018292, 0.161837, 0.986648),
      ["LeftHand"] = CFrame.new(-0.000000, -0.000000, -0.000000, -0.077983, -0.423153, 0.902699, -0.183110, 0.896126, 0.404245, -0.979995, -0.133787, -0.147375),
      ["LeftLowerArm"] = CFrame.new(-0.000000, 0.000001, 0.000000, 1.000000, 0.000001, 0.000000, -0.000000, 0.320222, -0.947335, 0.000001, 0.947342, 0.320243),
      ["LeftLowerLeg"] = CFrame.new(-0.000000, 0.000000, 0.000000, 1.000000, 0.000000, 0.000000, -0.000000, 0.244046, 0.969764, 0.000000, -0.969764, 0.244046),
      ["LeftUpperArm"] = CFrame.new(0.000000, -0.065238, 0.000000, 0.976293, 0.159777, 0.146029, 0.007821, 0.648157, -0.761463, -0.216314, 0.744556, 0.631546),
      ["LeftUpperLeg"] = CFrame.new(0.000026, 0.000126, 0.004998, 0.941852, 0.202345, 0.268275, 0.003737, 0.792018, -0.610487, -0.336008, 0.575990, 0.745208),
      ["LowerTorso"] = CFrame.new(-0.145932, -0.163013, 0.121688, 0.865279, 0.046602, -0.499120, 0.015166, 0.992780, 0.118989, 0.501062, -0.110529, 0.858324),
      ["RightFoot"] = CFrame.new(0.000000, 0.000000, 0.000000, 0.986468, 0.122828, 0.108601, -0.088583, 0.956670, -0.277373, -0.137965, 0.264000, 0.954605),
      ["RightHand"] = CFrame.new(-0.000000, 0.000000, 0.000000, 0.986786, 0.141478, -0.078972, -0.066479, 0.797999, 0.598963, 0.147762, -0.585816, 0.796873),
      ["RightLowerArm"] = CFrame.new(-0.000000, 0.000000, 0.000000, 1.000000, 0.000000, -0.000000, 0.000000, 0.135976, -0.990709, 0.000000, 0.990712, 0.136000),
      ["RightLowerLeg"] = CFrame.new(0.000000, 0.000000, -0.000000, 1.000000, -0.000000, -0.000000, 0.000000, 0.724704, 0.689060, -0.000000, -0.689060, 0.724704),
      ["RightUpperArm"] = CFrame.new(-0.000000, -0.065238, 0.000000, 0.462649, 0.318859, 0.827216, 0.197159, 0.872709, -0.446659, -0.864340, 0.369740, 0.340894),
      ["RightUpperLeg"] = CFrame.new(-0.000026, -0.000125, -0.004998, 0.982632, -0.024539, 0.183933, 0.126945, 0.811884, -0.569850, -0.135349, 0.583302, 0.800899),
      ["UpperTorso"] = CFrame.new(0.000000, -0.000000, -0.000000, 0.862283, 0.061830, -0.502639, -0.025469, 0.996558, 0.078895, 0.505786, -0.055225, 0.860889)
    }},
    {Time = 0.633, Data = {
      ["Head"] = CFrame.new(-0.000000, -0.000000, 0.000000, 0.833776, 0.079288, 0.546380, -0.121139, 0.991790, 0.040936, -0.538649, -0.100326, 0.836536),
      ["LeftFoot"] = CFrame.new(0.000000, -0.000000, 0.000000, 0.997373, -0.049512, 0.052870, 0.053884, 0.994941, -0.084784, -0.048407, 0.087411, 0.994996),
      ["LeftHand"] = CFrame.new(-0.000000, -0.000000, 0.000000, -0.077983, -0.423151, 0.902703, -0.183130, 0.896127, 0.404238, -0.979991, -0.133790, -0.147372),
      ["LeftLowerArm"] = CFrame.new(-0.000000, 0.000000, -0.000000, 1.000000, 0.000003, -0.000001, 0.000002, 0.320220, -0.947342, 0.000002, 0.947343, 0.320225),
      ["LeftLowerLeg"] = CFrame.new(0.000000, -0.000000, 0.000000, 1.000000, 0.000000, 0.000000, -0.000000, 0.272817, 0.962066, 0.000000, -0.962066, 0.272817),
      ["LeftUpperArm"] = CFrame.new(0.000000, -0.065238, 0.000000, 0.976302, 0.159751, 0.145996, 0.007814, 0.648153, -0.761464, -0.216272, 0.744565, 0.631552),
      ["LeftUpperLeg"] = CFrame.new(0.000026, 0.000126, 0.004998, 0.931656, 0.138740, 0.335811, 0.038803, 0.880953, -0.471610, -0.361264, 0.452409, 0.815362),
      ["LowerTorso"] = CFrame.new(-0.147345, -0.167090, 0.122096, 0.866373, 0.050833, -0.496804, 0.011949, 0.992411, 0.122383, 0.499255, -0.111966, 0.859190),
      ["RightFoot"] = CFrame.new(0.000000, 0.000000, -0.000000, 0.991341, 0.092323, 0.093375, -0.074390, 0.980844, -0.180034, -0.108208, 0.171529, 0.979218),
      ["RightHand"] = CFrame.new(-0.000000, 0.000000, -0.000000, 0.986787, 0.141494, -0.078956, -0.066489, 0.797986, 0.598985, 0.147755, -0.585831, 0.796858),
      ["RightLowerArm"] = CFrame.new(-0.000000, -0.000000, 0.000000, 1.000000, -0.000003, 0.000002, -0.000002, 0.135966, -0.990713, -0.000003, 0.990714, 0.135973),
      ["RightLowerLeg"] = CFrame.new(-0.000000, 0.000000, 0.000000, 1.000000, -0.000000, -0.000000, 0.000000, 0.739503, 0.673153, -0.000000, -0.673153, 0.739504),
      ["RightUpperArm"] = CFrame.new(-0.000000, -0.065238, 0.000000, 0.462708, 0.318854, 0.827186, 0.197146, 0.872704, -0.446674, -0.864312, 0.369757, 0.340950),
      ["RightUpperLeg"] = CFrame.new(-0.000025, -0.000125, -0.004997, 0.983093, 0.019358, 0.182081, 0.101988, 0.767987, -0.632293, -0.152076, 0.640173, 0.753028),
      ["UpperTorso"] = CFrame.new(-0.000000, -0.000000, -0.000000, 0.861115, 0.059036, -0.504971, -0.024650, 0.996915, 0.074519, 0.507812, -0.051717, 0.859913)
    }},
    {Time = 0.667, Data = {
      ["Head"] = CFrame.new(-0.000000, 0.000000, 0.000000, 0.833769, 0.079304, 0.546388, -0.121147, 0.991790, 0.040917, -0.538658, -0.100320, 0.836532),
      ["LeftFoot"] = CFrame.new(0.000000, 0.000000, 0.000000, 0.996468, -0.045974, 0.070270, 0.045818, 0.998942, 0.003819, -0.070372, -0.000585, 0.997521),
      ["LeftHand"] = CFrame.new(-0.000000, -0.000000, -0.000000, -0.077983, -0.423148, 0.902709, -0.183166, 0.896128, 0.404226, -0.979984, -0.133794, -0.147366),
      ["LeftLowerArm"] = CFrame.new(-0.000000, -0.000000, 0.000000, 1.000000, 0.000007, -0.000005, 0.000007, 0.320221, -0.947352, 0.000005, 0.947343, 0.320195),
      ["LeftLowerLeg"] = CFrame.new(0.000000, 0.000000, 0.000000, 1.000000, 0.000000, 0.000000, -0.000000, 0.377722, 0.925919, 0.000000, -0.925919, 0.377722),
      ["LeftUpperArm"] = CFrame.new(-0.000000, -0.065238, -0.000000, 0.976319, 0.159704, 0.145934, 0.007799, 0.648144, -0.761469, -0.216196, 0.744583, 0.631561),
      ["LeftUpperLeg"] = CFrame.new(0.000026, 0.000126, 0.004998, 0.919148, 0.061643, 0.389059, 0.062980, 0.951979, -0.299614, -0.388845, 0.299892, 0.871128),
      ["LowerTorso"] = CFrame.new(-0.149747, -0.176290, 0.124831, 0.867245, 0.055674, -0.494759, 0.008286, 0.991977, 0.126149, 0.497813, -0.113502, 0.859825),
      ["RightFoot"] = CFrame.new(0.000000, 0.000000, 0.000000, 0.994807, 0.064198, 0.078975, -0.059153, 0.996152, -0.064665, -0.082822, 0.059658, 0.994777),
      ["RightHand"] = CFrame.new(-0.000000, 0.000000, 0.000000, 0.986787, 0.141524, -0.078926, -0.066509, 0.797962, 0.599027, 0.147743, -0.585856, 0.796830),
      ["RightLowerArm"] = CFrame.new(0.000000, 0.000000, -0.000000, 1.000000, -0.000008, 0.000004, -0.000005, 0.135950, -0.990719, -0.000007, 0.990716, 0.135924),
      ["RightLowerLeg"] = CFrame.new(-0.000000, -0.000000, 0.000000, 1.000000, -0.000000, -0.000000, 0.000000, 0.775274, 0.631624, 0.000000, -0.631625, 0.775275),
      ["RightUpperArm"] = CFrame.new(0.000000, -0.065238, 0.000000, 0.462817, 0.318843, 0.827129, 0.197122, 0.872695, -0.446701, -0.864259, 0.369788, 0.341053),
      ["RightUpperLeg"] = CFrame.new(-0.000026, -0.000126, -0.004997, 0.982565, 0.057154, 0.176916, 0.079915, 0.729362, -0.679445, -0.167869, 0.681737, 0.712078),
      ["UpperTorso"] = CFrame.new(0.000000, -0.000000, 0.000000, 0.860161, 0.055715, -0.506970, -0.023614, 0.997300, 0.069543, 0.509476, -0.047839, 0.859154)
    }},
    {Time = 0.700, Data = {
      ["Head"] = CFrame.new(0.000000, -0.000000, 0.000000, 0.833761, 0.079309, 0.546398, -0.121153, 0.991790, 0.040914, -0.538669, -0.100316, 0.836526),
      ["LeftFoot"] = CFrame.new(0.000000, 0.000000, 0.000000, 0.996894, -0.028109, 0.073568, 0.024006, 0.998139, 0.056049, -0.075008, -0.054109, 0.995714),
      ["LeftHand"] = CFrame.new(0.000000, 0.000000, -0.000000, -0.077989, -0.423136, 0.902711, -0.183179, 0.896135, 0.404224, -0.979981, -0.133781, -0.147365),
      ["LeftLowerArm"] = CFrame.new(0.000000, -0.000000, 0.000000, 1.000000, 0.000006, -0.000005, 0.000007, 0.320247, -0.947351, 0.000004, 0.947334, 0.320196),
      ["LeftLowerLeg"] = CFrame.new(0.000000, 0.000000, 0.000000, 1.000000, 0.000000, 0.000000, -0.000000, 0.559944, 0.828531, 0.000000, -0.828531, 0.559943),
      ["LeftUpperArm"] = CFrame.new(0.000000, -0.065238, 0.000000, 0.976323, 0.159698, 0.145911, 0.007788, 0.648136, -0.761480, -0.216179, 0.744592, 0.631552),
      ["LeftUpperLeg"] = CFrame.new(0.000026, 0.000126, 0.004997, 0.906577, -0.043848, 0.419755, 0.081516, 0.994053, -0.072210, -0.414093, 0.099681, 0.904760),
      ["LowerTorso"] = CFrame.new(-0.153197, -0.187956, 0.130009, 0.867632, 0.060678, -0.493490, 0.004310, 0.991570, 0.129500, 0.497188, -0.114485, 0.860057),
      ["RightFoot"] = CFrame.new(0.000000, 0.000000, 0.000000, 0.997005, 0.037302, 0.067748, -0.042483, 0.996149, 0.076692, -0.064626, -0.079341, 0.994750),
      ["RightHand"] = CFrame.new(-0.000000, 0.000000, 0.000000, 0.986787, 0.141528, -0.078930, -0.066505, 0.797965, 0.599040, 0.147748, -0.585851, 0.796820),
      ["RightLowerArm"] = CFrame.new(-0.000000, -0.000000, 0.000000, 1.000000, -0.000009, 0.000005, -0.000006, 0.135965, -0.990720, -0.000008, 0.990714, 0.135915),
      ["RightLowerLeg"] = CFrame.new(-0.000000, 0.000000, -0.000000, 1.000000, -0.000000, -0.000000, 0.000000, 0.839608, 0.543192, -0.000000, -0.543192, 0.839608),
      ["RightUpperArm"] = CFrame.new(-0.000000, -0.065238, 0.000000, 0.462842, 0.318839, 0.827114, 0.197126, 0.872689, -0.446714, -0.864245, 0.369804, 0.341070),
      ["RightUpperLeg"] = CFrame.new(-0.000026, -0.000125, -0.004997, 0.981665, 0.086741, 0.169732, 0.059066, 0.708210, -0.703527, -0.181231, 0.700653, 0.690102),
      ["UpperTorso"] = CFrame.new(0.000000, 0.000000, 0.000000, 0.859633, 0.051914, -0.508268, -0.022006, 0.997663, 0.064686, 0.510438, -0.044417, 0.858766)
    }},
    {Time = 0.733, Data = {
      ["Head"] = CFrame.new(0.000000, -0.000000, -0.000000, 0.833745, 0.079313, 0.546419, -0.121163, 0.991790, 0.040914, -0.538692, -0.100311, 0.836512),
      ["LeftFoot"] = CFrame.new(0.000000, 0.000000, -0.000000, 0.998095, 0.007231, 0.061269, -0.012369, 0.996399, 0.083885, -0.060443, -0.084483, 0.994590),
      ["LeftHand"] = CFrame.new(0.000000, -0.000000, 0.000000, -0.078004, -0.423112, 0.902712, -0.183195, 0.896151, 0.404222, -0.979977, -0.133750, -0.147364),
      ["LeftLowerArm"] = CFrame.new(0.000000, 0.000000, -0.000000, 1.000000, 0.000003, -0.000006, 0.000007, 0.320307, -0.947347, 0.000002, 0.947314, 0.320210),
      ["LeftLowerLeg"] = CFrame.new(0.000000, 0.000000, -0.000000, 1.000000, 0.000000, 0.000000, -0.000000, 0.780507, 0.625148, 0.000000, -0.625147, 0.780507),
      ["LeftUpperArm"] = CFrame.new(0.000000, -0.065238, 0.000000, 0.976326, 0.159703, 0.145884, 0.007768, 0.648119, -0.761505, -0.216167, 0.744605, 0.631528),
      ["LeftUpperLeg"] = CFrame.new(0.000025, 0.000125, 0.004997, 0.896106, -0.167547, 0.411001, 0.096918, 0.977531, 0.187192, -0.433129, -0.127910, 0.892209),
      ["LowerTorso"] = CFrame.new(-0.157463, -0.199248, 0.135282, 0.867482, 0.065507, -0.493136, 0.000152, 0.991257, 0.131945, 0.497468, -0.114535, 0.859888),
      ["RightFoot"] = CFrame.new(0.000000, 0.000000, 0.000000, 0.997997, 0.009881, 0.062490, -0.024418, 0.971359, 0.236360, -0.058364, -0.237412, 0.969654),
      ["RightHand"] = CFrame.new(0.000000, -0.000000, -0.000000, 0.986785, 0.141527, -0.078950, -0.066489, 0.797980, 0.599056, 0.147763, -0.585831, 0.796806),
      ["RightLowerArm"] = CFrame.new(0.000000, 0.000000, -0.000000, 1.000000, -0.000010, 0.000005, -0.000006, 0.136007, -0.990721, -0.000009, 0.990708, 0.135914),
      ["RightLowerLeg"] = CFrame.new(0.000000, 0.000000, 0.000000, 1.000000, -0.000000, 0.000000, 0.000000, 0.926530, 0.376220, 0.000000, -0.376220, 0.926530),
      ["RightUpperArm"] = CFrame.new(-0.000000, -0.065238, -0.000000, 0.462859, 0.318834, 0.827103, 0.197142, 0.872680, -0.446734, -0.864232, 0.369831, 0.341071),
      ["RightUpperLeg"] = CFrame.new(-0.000025, -0.000126, -0.004998, 0.981123, 0.104809, 0.162519, 0.037910, 0.719857, -0.693086, -0.189632, 0.686164, 0.702296),
      ["UpperTorso"] = CFrame.new(-0.000000, -0.000000, 0.000000, 0.859621, 0.047764, -0.508695, -0.019677, 0.997977, 0.060447, 0.510553, -0.041956, 0.858822)
    }},
    {Time = 0.767, Data = {
      ["Head"] = CFrame.new(0.000000, 0.000000, 0.000000, 0.833735, 0.079332, 0.546430, -0.121174, 0.991789, 0.040892, -0.538705, -0.100303, 0.836506),
      ["LeftFoot"] = CFrame.new(0.000000, -0.000000, 0.000000, 0.997880, 0.048755, 0.043110, -0.055714, 0.982339, 0.178620, -0.033641, -0.180644, 0.982973),
      ["LeftHand"] = CFrame.new(-0.000000, -0.000000, -0.000000, -0.078005, -0.423104, 0.902719, -0.183238, 0.896155, 0.404209, -0.979969, -0.133751, -0.147358),
      ["LeftLowerArm"] = CFrame.new(0.000000, -0.000000, 0.000000, 1.000000, 0.000007, -0.000009, 0.000011, 0.320315, -0.947358, 0.000004, 0.947311, 0.320177),
      ["LeftLowerLeg"] = CFrame.new(-0.000000, 0.000000, 0.000000, 1.000000, 0.000000, -0.000000, -0.000000, 0.964524, 0.263994, 0.000000, -0.263994, 0.964524),
      ["LeftUpperArm"] = CFrame.new(-0.000000, -0.065238, 0.000000, 0.976346, 0.159649, 0.145807, 0.007748, 0.648107, -0.761513, -0.216076, 0.744627, 0.631536),
      ["LeftUpperLeg"] = CFrame.new(0.000026, 0.000126, 0.004998, 0.889938, -0.289782, 0.352189, 0.114912, 0.889758, 0.441732, -0.441368, -0.352643, 0.825128),
      ["LowerTorso"] = CFrame.new(-0.162214, -0.207916, 0.139580, 0.866837, 0.070727, -0.493550, -0.004965, 0.991063, 0.133303, 0.498568, -0.113102, 0.859441),
      ["RightFoot"] = CFrame.new(-0.000000, 0.000000, -0.000000, 0.997608, -0.019462, 0.066337, -0.010856, 0.903557, 0.428331, -0.068274, -0.428026, 0.901184),
      ["RightHand"] = CFrame.new(-0.000000, -0.000000, -0.000000, 0.986786, 0.141560, -0.078918, -0.066509, 0.797954, 0.599106, 0.147751, -0.585858, 0.796771),
      ["RightLowerArm"] = CFrame.new(-0.000000, -0.000000, -0.000000, 1.000000, -0.000016, 0.000008, -0.000010, 0.135992, -0.990729, -0.000015, 0.990710, 0.135855),
      ["RightLowerLeg"] = CFrame.new(0.000000, -0.000000, -0.000000, 1.000000, 0.000000, 0.000000, -0.000000, 0.999985, 0.005423, -0.000000, -0.005423, 0.999985),
      ["RightUpperArm"] = CFrame.new(0.000000, -0.065239, 0.000000, 0.462987, 0.318821, 0.827035, 0.197116, 0.872668, -0.446768, -0.864169, 0.369870, 0.341191),
      ["RightUpperLeg"] = CFrame.new(-0.000026, -0.000126, -0.004997, 0.981454, 0.100377, 0.163316, 0.016777, 0.803713, -0.594781, -0.190962, 0.586489, 0.787124),
      ["UpperTorso"] = CFrame.new(-0.000000, -0.000000, 0.000000, 0.860058, 0.042517, -0.508422, -0.015866, 0.998269, 0.056638, 0.509950, -0.040647, 0.859243)
    }},
    {Time = 0.800, Data = {
      ["Head"] = CFrame.new(-0.000000, -0.000000, -0.000000, 0.833731, 0.079339, 0.546435, -0.121178, 0.991789, 0.040884, -0.538710, -0.100300, 0.836503),
      ["LeftFoot"] = CFrame.new(0.000000, -0.000000, 0.000000, 0.994815, 0.098565, 0.025060, -0.101294, 0.982318, 0.157450, -0.009098, -0.159172, 0.987209),
      ["LeftHand"] = CFrame.new(0.000000, 0.000000, 0.000000, -0.078006, -0.423101, 0.902722, -0.183256, 0.896156, 0.404203, -0.979966, -0.133752, -0.147355),
      ["LeftLowerArm"] = CFrame.new(-0.000000, 0.000000, -0.000000, 1.000000, 0.000009, -0.000011, 0.000013, 0.320318, -0.947362, 0.000005, 0.947310, 0.320164),
      ["LeftLowerLeg"] = CFrame.new(0.000000, 0.000000, -0.000000, 1.000000, -0.000000, 0.000000, -0.000000, 0.999987, 0.005003, -0.000000, -0.005002, 0.999987),
      ["LeftUpperArm"] = CFrame.new(0.000000, -0.065238, 0.000000, 0.976353, 0.159628, 0.145779, 0.007740, 0.648102, -0.761516, -0.216043, 0.744636, 0.631539),
      ["LeftUpperLeg"] = CFrame.new(0.000026, 0.000125, 0.004998, 0.890021, -0.358454, 0.281733, 0.144499, 0.807864, 0.571381, -0.432416, -0.467831, 0.770811),
      ["LowerTorso"] = CFrame.new(-0.167182, -0.212650, 0.142262, 0.865990, 0.078904, -0.493797, -0.013707, 0.990847, 0.134290, 0.499874, -0.109526, 0.859145),
      ["RightFoot"] = CFrame.new(0.000000, 0.000000, -0.000000, 0.995614, -0.047850, 0.080392, 0.009394, 0.906101, 0.422956, -0.093081, -0.420346, 0.902577),
      ["RightHand"] = CFrame.new(-0.000000, -0.000000, -0.000000, 0.986786, 0.141573, -0.078906, -0.066517, 0.797945, 0.599124, 0.147746, -0.585868, 0.796758),
      ["RightLowerArm"] = CFrame.new(-0.000000, -0.000000, 0.000000, 1.000000, -0.000019, 0.000010, -0.000012, 0.135988, -0.990732, -0.000017, 0.990710, 0.135834),
      ["RightLowerLeg"] = CFrame.new(0.000000, 0.000000, -0.000000, 1.000000, 0.000000, -0.000000, -0.000000, 0.999993, 0.003712, -0.000000, -0.003712, 0.999993),
      ["RightUpperArm"] = CFrame.new(-0.000000, -0.065238, 0.000000, 0.463036, 0.318817, 0.827009, 0.197107, 0.872663, -0.446781, -0.864145, 0.369885, 0.341236),
      ["RightUpperLeg"] = CFrame.new(-0.000025, -0.000126, -0.004997, 0.982674, 0.120798, 0.140567, -0.002399, 0.766658, -0.642050, -0.185325, 0.630589, 0.753666),
      ["UpperTorso"] = CFrame.new(0.000000, -0.000000, 0.000000, 0.860368, 0.033645, -0.508562, -0.008738, 0.998646, 0.051282, 0.509598, -0.039679, 0.859497)
    }},
    {Time = 0.833, Data = {
      ["Head"] = CFrame.new(-0.000000, 0.000000, 0.000000, 0.833730, 0.079334, 0.546436, -0.121177, 0.991789, 0.040890, -0.538712, -0.100301, 0.836502),
      ["LeftFoot"] = CFrame.new(-0.000000, 0.000000, -0.000000, 0.988424, 0.151491, -0.008222, -0.151607, 0.988315, -0.015798, 0.005733, 0.016862, 0.999841),
      ["LeftHand"] = CFrame.new(0.000000, -0.000000, 0.000000, -0.078008, -0.423097, 0.902719, -0.183246, 0.896159, 0.404208, -0.979967, -0.133744, -0.147357),
      ["LeftLowerArm"] = CFrame.new(0.000000, -0.000001, -0.000000, 1.000000, 0.000006, -0.000010, 0.000011, 0.320330, -0.947357, 0.000003, 0.947306, 0.320178),
      ["LeftLowerLeg"] = CFrame.new(-0.000000, -0.000000, -0.000000, 1.000000, 0.000000, -0.000000, -0.000000, 0.999988, 0.004977, -0.000000, -0.004977, 0.999988),
      ["LeftUpperArm"] = CFrame.new(0.000000, -0.065238, 0.000000, 0.976348, 0.159646, 0.145795, 0.007741, 0.648102, -0.761520, -0.216067, 0.744632, 0.631531),
      ["LeftUpperLeg"] = CFrame.new(0.000026, 0.000126, 0.004998, 0.895524, -0.363445, 0.256796, 0.177707, 0.821106, 0.542408, -0.407992, -0.440105, 0.799906),
      ["LowerTorso"] = CFrame.new(-0.172150, -0.215069, 0.142377, 0.865173, 0.089738, -0.493379, -0.025473, 0.990452, 0.135481, 0.500827, -0.104647, 0.859198),
      ["RightFoot"] = CFrame.new(-0.000000, 0.000000, -0.000000, 0.991999, -0.071489, 0.104058, 0.023447, 0.914218, 0.404544, -0.124052, -0.398867, 0.908579),
      ["RightHand"] = CFrame.new(-0.000000, 0.000000, -0.000000, 0.986785, 0.141563, -0.078920, -0.066508, 0.797956, 0.599113, 0.147754, -0.585855, 0.796766),
      ["RightLowerArm"] = CFrame.new(0.000000, 0.000000, 0.000000, 1.000000, -0.000017, 0.000009, -0.000011, 0.136001, -0.990729, -0.000015, 0.990709, 0.135852),
      ["RightLowerLeg"] = CFrame.new(-0.000000, 0.000000, -0.000000, 1.000000, -0.000000, 0.000000, -0.000000, 1.000000, 0.000559, -0.000000, -0.000559, 1.000000),
      ["RightUpperArm"] = CFrame.new(0.000000, -0.065238, -0.000000, 0.463001, 0.318819, 0.827027, 0.197118, 0.872665, -0.446775, -0.864161, 0.369879, 0.341201),
      ["RightUpperLeg"] = CFrame.new(-0.000026, -0.000125, -0.004997, 0.984923, 0.129893, 0.114259, -0.018872, 0.737217, -0.675393, -0.171962, 0.663053, 0.728553),
      ["UpperTorso"] = CFrame.new(-0.000000, 0.000000, -0.000000, 0.860214, 0.021827, -0.509467, 0.000839, 0.999022, 0.044211, 0.509933, -0.038462, 0.859354)
    }},
    {Time = 0.867, Data = {
      ["Head"] = CFrame.new(0.000000, 0.000000, -0.000000, 0.833723, 0.079321, 0.546447, -0.121178, 0.991790, 0.040909, -0.538723, -0.100302, 0.836494),
      ["LeftFoot"] = CFrame.new(0.000000, 0.000000, -0.000000, 0.980272, 0.187713, -0.061883, -0.195503, 0.966909, -0.163909, 0.029067, 0.172773, 0.984533),
      ["LeftHand"] = CFrame.new(0.000000, -0.000000, -0.000000, -0.078022, -0.423079, 0.902714, -0.183223, 0.896173, 0.404218, -0.979970, -0.133711, -0.147362),
      ["LeftLowerArm"] = CFrame.new(-0.000000, 0.000000, 0.000000, 1.000000, 0.000000, -0.000007, 0.000007, 0.320385, -0.947342, -0.000002, 0.947287, 0.320223),
      ["LeftLowerLeg"] = CFrame.new(0.000000, -0.000000, -0.000000, 1.000000, 0.000000, 0.000000, -0.000000, 0.999987, 0.005107, 0.000000, -0.005107, 0.999987),
      ["LeftUpperArm"] = CFrame.new(0.000000, -0.065238, 0.000000, 0.976333, 0.159699, 0.145833, 0.007738, 0.648096, -0.761539, -0.216134, 0.744626, 0.631500),
      ["LeftUpperLeg"] = CFrame.new(0.000025, 0.000126, 0.004998, 0.904027, -0.348330, 0.247791, 0.197135, 0.854057, 0.481379, -0.379306, -0.386331, 0.840758),
      ["LowerTorso"] = CFrame.new(-0.177079, -0.215294, 0.142095, 0.864490, 0.099112, -0.492781, -0.035624, 0.989983, 0.136619, 0.501386, -0.100551, 0.859361),
      ["RightFoot"] = CFrame.new(0.000000, 0.000000, -0.000000, 0.990229, -0.078549, 0.115230, 0.030318, 0.927779, 0.371896, -0.136119, -0.364769, 0.921095),
      ["RightHand"] = CFrame.new(0.000000, -0.000000, 0.000000, 0.986784, 0.141532, -0.078970, -0.066471, 0.797995, 0.599084, 0.147780, -0.585810, 0.796783),
      ["RightLowerArm"] = CFrame.new(-0.000000, -0.000000, -0.000000, 1.000000, -0.000013, 0.000006, -0.000008, 0.136056, -0.990722, -0.000012, 0.990701, 0.135901),
      ["RightLowerLeg"] = CFrame.new(0.000000, 0.000000, -0.000000, 1.000000, -0.000000, -0.000000, -0.000000, 1.000000, -0.000944, 0.000000, 0.000943, 1.000000),
      ["RightUpperArm"] = CFrame.new(0.000000, -0.065238, 0.000000, 0.462904, 0.318826, 0.827076, 0.197158, 0.872666, -0.446766, -0.864204, 0.369871, 0.341095),
      ["RightUpperLeg"] = CFrame.new(-0.000026, -0.000125, -0.004997, 0.985822, 0.129463, 0.106746, -0.019262, 0.719285, -0.694448, -0.166686, 0.682546, 0.711580),
      ["UpperTorso"] = CFrame.new(-0.000000, 0.000000, 0.000000, 0.859853, 0.011692, -0.510408, 0.008982, 0.999237, 0.038002, 0.510463, -0.037276, 0.859092)
    }},
    {Time = 0.900, Data = {
      ["Head"] = CFrame.new(0.000000, 0.000000, 0.000000, 0.833737, 0.079331, 0.546426, -0.121172, 0.991789, 0.040893, -0.538702, -0.100304, 0.836508),
      ["LeftFoot"] = CFrame.new(0.000000, 0.000000, -0.000000, 0.975215, 0.188427, -0.115980, -0.219085, 0.895672, -0.387008, 0.030956, 0.402825, 0.914753),
      ["LeftHand"] = CFrame.new(0.000000, 0.000000, -0.000000, -0.078003, -0.423108, 0.902718, -0.183236, 0.896152, 0.404209, -0.979970, -0.133757, -0.147358),
      ["LeftLowerArm"] = CFrame.new(-0.000000, -0.000000, -0.000000, 1.000000, 0.000007, -0.000009, 0.000011, 0.320304, -0.947358, 0.000004, 0.947315, 0.320175),
      ["LeftLowerLeg"] = CFrame.new(0.000000, -0.000000, 0.000000, 1.000000, 0.000000, 0.000000, -0.000000, 0.972874, 0.231334, -0.000000, -0.231334, 0.972874),
      ["LeftUpperArm"] = CFrame.new(0.000000, -0.065238, 0.000000, 0.976345, 0.159649, 0.145814, 0.007752, 0.648110, -0.761509, -0.216081, 0.744625, 0.631540),
      ["LeftUpperLeg"] = CFrame.new(0.000025, 0.000126, 0.004997, 0.913700, -0.281382, 0.293216, 0.195195, 0.936706, 0.290656, -0.356442, -0.208339, 0.910793),
      ["LowerTorso"] = CFrame.new(-0.181721, -0.213337, 0.139897, 0.864147, 0.103021, -0.492582, -0.039692, 0.989725, 0.137365, 0.501672, -0.099153, 0.859357),
      ["RightFoot"] = CFrame.new(0.000000, 0.000000, 0.000000, 0.989682, -0.072436, 0.123625, 0.024137, 0.934757, 0.354466, -0.141234, -0.347825, 0.926861),
      ["RightHand"] = CFrame.new(-0.000000, 0.000000, 0.000000, 0.986786, 0.141560, -0.078915, -0.066511, 0.797952, 0.599101, 0.147748, -0.585861, 0.796775),
      ["RightLowerArm"] = CFrame.new(0.000000, 0.000000, 0.000000, 1.000000, -0.000016, 0.000008, -0.000010, 0.135986, -0.990728, -0.000015, 0.990711, 0.135858),
      ["RightLowerLeg"] = CFrame.new(-0.000000, -0.000000, -0.000000, 1.000000, -0.000000, -0.000000, 0.000000, 1.000000, 0.000095, 0.000000, -0.000095, 1.000000),
      ["RightUpperArm"] = CFrame.new(0.000000, -0.065238, -0.000000, 0.462982, 0.318823, 0.827038, 0.197114, 0.872670, -0.446764, -0.864172, 0.369865, 0.341189),
      ["RightUpperLeg"] = CFrame.new(-0.000026, -0.000126, -0.004998, 0.987520, 0.119245, 0.102887, -0.014363, 0.718742, -0.695128, -0.156839, 0.684974, 0.711485),
      ["UpperTorso"] = CFrame.new(-0.000000, 0.000000, -0.000000, 0.859756, 0.007614, -0.510649, 0.012110, 0.999304, 0.035285, 0.510562, -0.036521, 0.859065)
    }},
    {Time = 0.933, Data = {
      ["Head"] = CFrame.new(-0.000000, 0.000000, 0.000000, 0.833757, 0.079328, 0.546401, -0.121159, 0.991789, 0.040890, -0.538674, -0.100310, 0.836525),
      ["LeftFoot"] = CFrame.new(0.000000, -0.000000, -0.000000, 0.981235, 0.138820, -0.133813, -0.188401, 0.837929, -0.512231, 0.041017, 0.527829, 0.848359),
      ["LeftHand"] = CFrame.new(0.000000, 0.000000, 0.000000, -0.077983, -0.423139, 0.902719, -0.183220, 0.896131, 0.404209, -0.979974, -0.133797, -0.147357),
      ["LeftLowerArm"] = CFrame.new(0.000000, 0.000000, -0.000000, 1.000000, 0.000011, -0.000009, 0.000012, 0.320226, -0.947366, 0.000008, 0.947341, 0.320152),
      ["LeftLowerLeg"] = CFrame.new(0.000000, 0.000000, 0.000000, 1.000000, 0.000000, 0.000000, -0.000000, 0.930680, 0.365835, 0.000000, -0.365834, 0.930680),
      ["LeftUpperArm"] = CFrame.new(0.000000, -0.065238, 0.000000, 0.976344, 0.159635, 0.145840, 0.007775, 0.648130, -0.761477, -0.216084, 0.744610, 0.631572),
      ["LeftUpperLeg"] = CFrame.new(0.000025, 0.000125, 0.004997, 0.924294, -0.210271, 0.318537, 0.175702, 0.975285, 0.133974, -0.338835, -0.067863, 0.938395),
      ["LowerTorso"] = CFrame.new(-0.185981, -0.207049, 0.136487, 0.863818, 0.098737, -0.494034, -0.035380, 0.990075, 0.136015, 0.502560, -0.100014, 0.858738),
      ["RightFoot"] = CFrame.new(0.000000, 0.000000, -0.000000, 0.990845, -0.044644, 0.127409, -0.005707, 0.929049, 0.369913, -0.134883, -0.367253, 0.920289),
      ["RightHand"] = CFrame.new(0.000000, 0.000000, 0.000000, 0.986788, 0.141567, -0.078883, -0.066536, 0.797929, 0.599089, 0.147726, -0.585891, 0.796787),
      ["RightLowerArm"] = CFrame.new(0.000000, -0.000000, 0.000000, 1.000000, -0.000016, 0.000008, -0.000010, 0.135929, -0.990729, -0.000015, 0.990719, 0.135851),
      ["RightLowerLeg"] = CFrame.new(-0.000000, -0.000000, -0.000000, 1.000000, -0.000000, 0.000000, -0.000000, 0.999985, 0.005494, -0.000000, -0.005494, 0.999985),
      ["RightUpperArm"] = CFrame.new(-0.000000, -0.065238, 0.000000, 0.462977, 0.318827, 0.827044, 0.197089, 0.872680, -0.446742, -0.864181, 0.369835, 0.341203),
      ["RightUpperLeg"] = CFrame.new(-0.000025, -0.000126, -0.004998, 0.989977, 0.090719, 0.108240, 0.003193, 0.751847, -0.659330, -0.141193, 0.653066, 0.744022),
      ["UpperTorso"] = CFrame.new(0.000000, 0.000000, 0.000000, 0.860566, 0.011692, -0.509205, 0.009262, 0.999212, 0.038607, 0.509255, -0.037929, 0.859779)
    }},
    {Time = 0.967, Data = {
      ["Head"] = CFrame.new(-0.000000, 0.000000, 0.000000, 0.833772, 0.079298, 0.546384, -0.121144, 0.991790, 0.040925, -0.538654, -0.100322, 0.836534),
      ["LeftFoot"] = CFrame.new(-0.000000, 0.000000, -0.000000, 0.989544, 0.085890, -0.115868, -0.136335, 0.819197, -0.557073, 0.047071, 0.567044, 0.822341),
      ["LeftHand"] = CFrame.new(-0.000000, 0.000000, -0.000000, -0.077983, -0.423148, 0.902707, -0.183150, 0.896128, 0.404232, -0.979987, -0.133792, -0.147368),
      ["LeftLowerArm"] = CFrame.new(0.000000, -0.000000, -0.000000, 1.000000, 0.000004, -0.000003, 0.000004, 0.320222, -0.947347, 0.000003, 0.947343, 0.320209),
      ["LeftLowerLeg"] = CFrame.new(0.000000, 0.000000, 0.000000, 1.000000, 0.000000, 0.000000, -0.000000, 0.871409, 0.490557, -0.000000, -0.490556, 0.871409),
      ["LeftUpperArm"] = CFrame.new(0.000000, -0.065238, 0.000000, 0.976312, 0.159723, 0.145959, 0.007805, 0.648148, -0.761467, -0.216228, 0.744576, 0.631557),
      ["LeftUpperLeg"] = CFrame.new(0.000026, 0.000125, 0.004997, 0.934321, -0.138796, 0.328297, 0.152260, 0.988219, -0.015525, -0.322274, 0.064492, 0.944447),
      ["LowerTorso"] = CFrame.new(-0.189579, -0.195098, 0.134782, 0.863052, 0.088875, -0.497234, -0.025797, 0.990870, 0.132331, 0.504455, -0.101382, 0.857465),
      ["RightFoot"] = CFrame.new(0.000000, 0.000001, -0.000000, 0.990895, 0.003716, 0.134584, -0.018899, 0.993562, 0.111699, -0.133302, -0.113225, 0.984586),
      ["RightHand"] = CFrame.new(-0.000000, -0.000000, -0.000000, 0.986787, 0.141512, -0.078938, -0.066501, 0.797972, 0.599010, 0.147748, -0.585845, 0.796841),
      ["RightLowerArm"] = CFrame.new(0.000000, 0.000000, 0.000000, 1.000000, -0.000006, 0.000003, -0.000004, 0.135957, -0.990717, -0.000005, 0.990715, 0.135944),
      ["RightLowerLeg"] = CFrame.new(0.000000, 0.000000, -0.000000, 1.000000, -0.000000, -0.000000, 0.000000, 0.832400, 0.554174, -0.000000, -0.554175, 0.832401),
      ["RightUpperArm"] = CFrame.new(-0.000000, -0.065238, 0.000000, 0.462772, 0.318847, 0.827152, 0.197132, 0.872698, -0.446690, -0.864280, 0.369776, 0.341010),
      ["RightUpperLeg"] = CFrame.new(-0.000025, -0.000126, -0.004997, 0.991637, 0.074154, 0.105627, 0.037791, 0.615742, -0.787041, -0.123401, 0.784451, 0.607790),
      ["UpperTorso"] = CFrame.new(0.000000, -0.000000, -0.000000, 0.862222, 0.020810, -0.506104, 0.003216, 0.998911, 0.046560, 0.506521, -0.041766, 0.861215)
    }},
    {Time = 1.000, Data = {
      ["Head"] = CFrame.new(-0.000000, 0.000000, 0.000000, 0.833772, 0.079298, 0.546384, -0.121144, 0.991790, 0.040925, -0.538654, -0.100322, 0.836534),
      ["LeftFoot"] = CFrame.new(-0.000000, 0.000000, -0.000000, 0.989544, 0.085890, -0.115868, -0.136335, 0.819197, -0.557073, 0.047071, 0.567044, 0.822341),
      ["LeftHand"] = CFrame.new(-0.000000, 0.000000, -0.000000, -0.077983, -0.423148, 0.902707, -0.183150, 0.896128, 0.404232, -0.979987, -0.133792, -0.147368),
      ["LeftLowerArm"] = CFrame.new(0.000000, -0.000000, -0.000000, 1.000000, 0.000004, -0.000003, 0.000004, 0.320222, -0.947347, 0.000003, 0.947343, 0.320209),
      ["LeftLowerLeg"] = CFrame.new(0.000000, 0.000000, 0.000000, 1.000000, 0.000000, 0.000000, -0.000000, 0.871409, 0.490557, -0.000000, -0.490556, 0.871409),
      ["LeftUpperArm"] = CFrame.new(0.000000, -0.065238, 0.000000, 0.976312, 0.159723, 0.145959, 0.007805, 0.648148, -0.761467, -0.216228, 0.744576, 0.631557),
      ["LeftUpperLeg"] = CFrame.new(0.000026, 0.000125, 0.004997, 0.934321, -0.138796, 0.328297, 0.152260, 0.988219, -0.015525, -0.322274, 0.064492, 0.944447),
      ["LowerTorso"] = CFrame.new(-0.189579, -0.195098, 0.134782, 0.863052, 0.088875, -0.497234, -0.025797, 0.990870, 0.132331, 0.504455, -0.101382, 0.857465),
      ["RightFoot"] = CFrame.new(0.000000, 0.000001, -0.000000, 0.990895, 0.003716, 0.134584, -0.018899, 0.993562, 0.111699, -0.133302, -0.113225, 0.984586),
      ["RightHand"] = CFrame.new(-0.000000, -0.000000, -0.000000, 0.986787, 0.141512, -0.078938, -0.066501, 0.797972, 0.599010, 0.147748, -0.585845, 0.796841),
      ["RightLowerArm"] = CFrame.new(0.000000, 0.000000, 0.000000, 1.000000, -0.000006, 0.000003, -0.000004, 0.135957, -0.990717, -0.000005, 0.990715, 0.135944),
      ["RightLowerLeg"] = CFrame.new(0.000000, 0.000000, -0.000000, 1.000000, -0.000000, -0.000000, 0.000000, 0.832400, 0.554174, -0.000000, -0.554175, 0.832401),
      ["RightUpperArm"] = CFrame.new(-0.000000, -0.065238, 0.000000, 0.462772, 0.318847, 0.827152, 0.197132, 0.872698, -0.446690, -0.864280, 0.369776, 0.341010),
      ["RightUpperLeg"] = CFrame.new(-0.000025, -0.000126, -0.004997, 0.991637, 0.074154, 0.105627, 0.037791, 0.615742, -0.787041, -0.123401, 0.784451, 0.607790),
      ["UpperTorso"] = CFrame.new(0.000000, -0.000000, -0.000000, 0.862222, 0.020810, -0.506104, 0.003216, 0.998911, 0.046560, 0.506521, -0.041766, 0.861215)
    }}
  }
}