return {
  ["129144703873806"] = {
    {Time = 0.000, Data = {
      ["HumanoidRootPart"] = CFrame.new(0.0000,0.0000,0.0000,1.0000,0.0000,0.0000,0.0000,1.0000,0.0000,0.0000,0.0000,1.0000),
      ["LowerTorso"] = CFrame.new(-0.1604,-0.0876,2.4892,0.0629,-0.2445,0.9676,-0.0000,0.9695,0.2450,-0.9980,-0.0154,0.0610),
      ["UpperTorso"] = CFrame.new(0.0000,0.0000,0.0000,1.0000,-0.0000,-0.0042,0.0007,0.9877,0.1564,0.0041,-0.1564,0.9877),
      ["LeftUpperArm"] = CFrame.new(0.0000,0.0003,-0.0000,0.8187,-0.0060,-0.5742,-0.5736,0.0390,-0.8182,0.0273,0.9992,0.0285),
      ["LeftLowerArm"] = CFrame.new(0.0000,0.0000,0.0000,1.0000,-0.0000,0.0000,0.0000,0.9998,-0.0213,0.0000,0.0213,0.9998),
      ["LeftHand"] = CFrame.new(0.0000,0.0000,0.0000,0.9837,0.0215,-0.1786,-0.0210,0.9998,0.0043,0.1786,-0.0005,0.9839),
      ["RightUpperArm"] = CFrame.new(-0.0001,0.0003,-0.0000,0.8306,0.0188,0.5565,0.5551,0.0511,-0.8302,-0.0440,0.9985,0.0320),
      ["RightLowerArm"] = CFrame.new(-0.0005,0.0000,0.0000,1.0000,-0.0000,0.0000,0.0000,0.9998,-0.0213,0.0000,0.0213,0.9998),
      ["RightHand"] = CFrame.new(0.0000,-0.0001,0.0000,0.9794,-0.0288,0.2000,0.0279,0.9996,0.0073,-0.2001,-0.0016,0.9798),
      ["Head"] = CFrame.new(-0.0136,-2.5291,-3.3213,0.5770,-0.0058,-0.8167,-0.3207,0.9181,-0.2331,0.7512,0.3964,0.5278),
      ["RightUpperLeg"] = CFrame.new(0.0000,0.0000,0.0001,1.0000,-0.0000,0.0000,0.0000,0.3253,-0.9456,0.0000,0.9456,0.3253),
      ["RightLowerLeg"] = CFrame.new(0.0000,-0.0002,-0.0001,1.0000,-0.0000,0.0000,-0.0000,-0.5396,0.8419,0.0000,-0.8419,-0.5396),
      ["RightFoot"] = CFrame.new(0.0000,0.0003,0.0000,1.0000,-0.0000,0.0000,0.0000,0.9524,0.3048,-0.0000,-0.3048,0.9524),
      ["LeftUpperLeg"] = CFrame.new(0.0000,0.0000,0.0000,1.0000,-0.0000,0.0000,0.0000,0.9676,0.2526,-0.0000,-0.2526,0.9676),
      ["LeftLowerLeg"] = CFrame.new(0.0000,0.0000,0.0000,1.0000,-0.0000,0.0000,0.0000,0.9996,0.0271,-0.0000,-0.0271,0.9996),
      ["LeftFoot"] = CFrame.new(0.0000,-0.0000,0.0000,1.0000,-0.0000,0.0000,0.0000,0.9745,-0.2243,0.0000,0.2243,0.9745),
    }},
    {Time = 0.033, Data = {
      ["HumanoidRootPart"] = CFrame.new(0.0000,0.0000,0.0000,1.0000,0.0000,0.0000,0.0000,1.0000,0.0000,0.0000,0.0000,1.0000),
      ["LowerTorso"] = CFrame.new(-0.4911,-0.0077,2.4461,0.1938,-0.2403,0.9512,0.0000,0.9695,0.2450,-0.9810,-0.0475,0.1879),
      ["UpperTorso"] = CFrame.new(0.0000,0.0000,0.0000,0.9995,-0.0000,-0.0321,0.0050,0.9877,0.1563,0.0318,-0.1564,0.9872),
      ["LeftUpperArm"] = CFrame.new(0.0000,0.0003,-0.0000,0.8539,0.0112,-0.5203,-0.5199,0.0594,-0.8521,0.0213,0.9982,0.0566),
      ["LeftLowerArm"] = CFrame.new(0.0000,0.0000,0.0000,1.0000,-0.0000,0.0000,0.0000,0.9998,-0.0213,0.0000,0.0213,0.9998),
      ["LeftHand"] = CFrame.new(0.0000,0.0000,0.0000,0.9698,0.0398,-0.2406,-0.0417,0.9991,-0.0028,0.2403,0.0127,0.9706),
      ["RightUpperArm"] = CFrame.new(-0.0001,0.0003,-0.0000,0.8685,0.0664,0.4913,0.4871,0.0696,-0.8705,-0.0920,0.9954,0.0281),
      ["RightLowerArm"] = CFrame.new(-0.0005,0.0000,0.0000,1.0000,-0.0000,0.0000,0.0000,0.9998,-0.0213,0.0000,0.0213,0.9998),
      ["RightHand"] = CFrame.new(0.0000,-0.0001,0.0000,0.9597,-0.0534,0.2760,0.0533,0.9985,0.0078,-0.2761,0.0072,0.9611),
      ["Head"] = CFrame.new(-0.1030,-2.4182,-3.2704,0.5978,-0.0529,-0.7999,-0.3207,0.8987,-0.2991,0.7347,0.4354,0.5202),
      ["RightUpperLeg"] = CFrame.new(0.0000,0.0000,0.0001,1.0000,-0.0000,0.0000,0.0000,0.2758,-0.9612,0.0000,0.9612,0.2758),
      ["RightLowerLeg"] = CFrame.new(0.0000,-0.0002,-0.0001,1.0000,-0.0000,0.0000,-0.0000,-0.3199,0.9475,0.0000,-0.9475,-0.3199),
      ["RightFoot"] = CFrame.new(0.0000,0.0003,0.0000,1.0000,-0.0000,0.0000,0.0000,0.9505,0.3109,-0.0000,-0.3109,0.9505),
      ["LeftUpperLeg"] = CFrame.new(0.0000,0.0000,0.0000,1.0000,-0.0000,0.0000,0.0000,0.9442,0.3294,-0.0000,-0.3294,0.9442),
      ["LeftLowerLeg"] = CFrame.new(0.0000,0.0000,0.0000,1.0000,-0.0000,0.0000,0.0000,0.9996,0.0271,-0.0000,-0.0271,0.9996),
      ["LeftFoot"] = CFrame.new(0.0000,0.0000,0.0000,1.0000,-0.0000,0.0000,0.0000,0.9977,0.0681,-0.0000,-0.0681,0.9977),
    }},
    {Time = 0.067, Data = {
      ["HumanoidRootPart"] = CFrame.new(0.0000,0.0000,0.0000,1.0000,0.0000,0.0000,0.0000,1.0000,0.0000,0.0000,0.0000,1.0000),
      ["LowerTorso"] = CFrame.new(-0.8296,-0.0001,2.3533,0.3289,-0.2313,0.9156,0.0000,0.9695,0.2450,-0.9444,-0.0806,0.3189),
      ["UpperTorso"] = CFrame.new(0.0000,0.0000,0.0000,0.9972,-0.0000,-0.0744,0.0116,0.9877,0.1560,0.0734,-0.1564,0.9850),
      ["LeftUpperArm"] = CFrame.new(0.0000,0.0003,-0.0000,0.8485,0.0619,-0.5256,-0.5289,0.0643,-0.8463,-0.0186,0.9960,0.0873),
      ["LeftLowerArm"] = CFrame.new(0.0000,0.0000,0.0000,1.0000,-0.0000,0.0000,0.0000,0.9998,-0.0213,0.0000,0.0213,0.9998),
      ["LeftHand"] = CFrame.new(0.0000,0.0000,0.0000,0.9724,0.0356,-0.2306,-0.0394,0.9991,-0.0122,0.2299,0.0210,0.9730),
      ["RightUpperArm"] = CFrame.new(-0.0001,0.0003,-0.0000,0.8710,0.1147,0.4777,0.4724,0.0710,-0.8785,-0.1346,0.9909,0.0077),
      ["RightLowerArm"] = CFrame.new(-0.0005,0.0000,0.0000,1.0000,-0.0000,0.0000,0.0000,0.9998,-0.0213,0.0000,0.0213,0.9998),
      ["RightHand"] = CFrame.new(0.0000,-0.0001,0.0000,0.9547,-0.0592,0.2918,0.0584,0.9982,0.0113,-0.2919,0.0062,0.9564),
      ["Head"] = CFrame.new(-0.2295,-2.1597,-3.1510,0.6283,-0.1155,-0.7694,-0.3207,0.8625,-0.3914,0.7088,0.4926,0.5049),
      ["RightUpperLeg"] = CFrame.new(0.0000,0.0000,0.0001,1.0000,-0.0000,0.0000,0.0000,0.2615,-0.9652,0.0000,0.9652,0.2615),
      ["RightLowerLeg"] = CFrame.new(0.0000,-0.0002,-0.0001,1.0000,-0.0000,0.0000,0.0000,0.0093,1.0000,-0.0000,-1.0000,0.0093),
      ["RightFoot"] = CFrame.new(0.0000,0.0003,0.0000,1.0000,-0.0000,0.0000,0.0000,0.9741,0.2259,-0.0000,-0.2259,0.9741),
      ["LeftUpperLeg"] = CFrame.new(0.0000,0.0000,0.0000,1.0000,-0.0000,0.0000,0.0000,0.8797,0.4755,-0.0000,-0.4755,0.8797),
      ["LeftLowerLeg"] = CFrame.new(0.0000,0.0000,0.0000,1.0000,-0.0000,0.0000,0.0000,0.9996,0.0271,-0.0000,-0.0271,0.9996),
      ["LeftFoot"] = CFrame.new(0.0000,0.0000,0.0000,1.0000,-0.0000,0.0000,0.0000,0.8939,0.4483,-0.0000,-0.4483,0.8939),
    }},
    {Time = 0.100, Data = {
      ["HumanoidRootPart"] = CFrame.new(0.0000,0.0000,0.0000,1.0000,0.0000,0.0000,0.0000,1.0000,0.0000,0.0000,0.0000,1.0000),
      ["LowerTorso"] = CFrame.new(-1.1653,-0.0675,2.2067,0.4630,-0.2171,0.8593,0.0000,0.9695,0.2450,-0.8863,-0.1134,0.4489),
      ["UpperTorso"] = CFrame.new(0.0000,0.0000,0.0000,0.9932,-0.0000,-0.1164,0.0182,0.9877,0.1553,0.1150,-0.1564,0.9810),
      ["LeftUpperArm"] = CFrame.new(0.0000,0.0003,-0.0000,0.7961,0.1313,-0.5908,-0.6005,0.0509,-0.7980,-0.0747,0.9900,0.1194),
      ["LeftLowerArm"] = CFrame.new(0.0000,0.0000,0.0000,1.0000,-0.0000,0.0000,0.0000,0.9998,-0.0213,0.0000,0.0213,0.9998),
      ["LeftHand"] = CFrame.new(0.0000,0.0000,0.0000,0.9892,0.0091,-0.1460,-0.0124,0.9997,-0.0220,0.1458,0.0236,0.9890),
      ["RightUpperArm"] = CFrame.new(-0.0001,0.0003,0.0000,0.8451,0.1494,0.5133,0.5113,0.0549,-0.8577,-0.1563,0.9873,-0.0299),
      ["RightLowerArm"] = CFrame.new(-0.0005,0.0000,0.0000,1.0000,-0.0000,0.0000,0.0000,0.9998,-0.0213,0.0000,0.0213,0.9998),
      ["RightHand"] = CFrame.new(0.0000,-0.0001,0.0000,0.9673,-0.0458,0.2496,0.0428,0.9989,0.0177,-0.2502,-0.0064,0.9682),
      ["Head"] = CFrame.new(-0.3433,-1.8591,-3.0099,0.6577,-0.1643,-0.7352,-0.3207,0.8220,-0.4706,0.6816,0.5453,0.4879),
      ["RightUpperLeg"] = CFrame.new(0.0000,0.0000,0.0001,1.0000,-0.0000,0.0000,0.0000,0.3164,-0.9486,0.0000,0.9486,0.3164),
      ["RightLowerLeg"] = CFrame.new(0.0000,-0.0002,-0.0001,1.0000,-0.0000,0.0000,0.0000,0.3809,0.9246,-0.0000,-0.9246,0.3809),
      ["RightFoot"] = CFrame.new(0.0000,0.0003,0.0000,1.0000,-0.0000,0.0000,0.0000,0.9935,0.1137,-0.0000,-0.1137,0.9935),
      ["LeftUpperLeg"] = CFrame.new(0.0000,0.0000,0.0000,1.0000,-0.0000,0.0000,0.0000,0.9479,0.3187,-0.0000,-0.3187,0.9479),
      ["LeftLowerLeg"] = CFrame.new(0.0000,0.0000,0.0000,1.0000,-0.0000,0.0000,0.0000,0.7254,0.6883,-0.0000,-0.6883,0.7254),
      ["LeftFoot"] = CFrame.new(0.0000,0.0000,0.0000,1.0000,-0.0000,0.0000,0.0000,0.9044,0.4267,-0.0000,-0.4267,0.9044),
    }},
    {Time = 0.133, Data = {
      ["HumanoidRootPart"] = CFrame.new(0.0000,0.0000,0.0000,1.0000,0.0000,0.0000,0.0000,1.0000,0.0000,0.0000,0.0000,1.0000),
      ["LowerTorso"] = CFrame.new(-1.4877,-0.1579,2.0051,0.5913,-0.1975,0.7819,-0.0000,0.9695,0.2450,-0.8064,-0.1449,0.5733),
      ["UpperTorso"] = CFrame.new(0.0000,0.0000,0.0000,0.9896,-0.0000,-0.1442,0.0225,0.9877,0.1548,0.1424,-0.1564,0.9774),
      ["LeftUpperArm"] = CFrame.new(0.0000,0.0003,-0.0000,0.7082,0.1960,-0.6783,-0.6960,0.0321,-0.7173,-0.1188,0.9801,0.1591),
      ["LeftLowerArm"] = CFrame.new(0.0000,0.0000,0.0000,1.0000,-0.0000,0.0000,0.0000,0.9998,-0.0213,0.0000,0.0213,0.9998),
      ["LeftHand"] = CFrame.new(0.0000,0.0000,0.0000,0.9995,-0.0254,-0.0211,0.0247,0.9991,-0.0352,0.0220,0.0346,0.9992),
      ["RightUpperArm"] = CFrame.new(-0.0001,0.0003,0.0000,0.8036,0.1615,0.5728,0.5753,0.0358,-0.8172,-0.1525,0.9862,-0.0641),
      ["RightLowerArm"] = CFrame.new(-0.0005,0.0000,0.0000,1.0000,-0.0000,0.0000,0.0000,0.9998,-0.0213,0.0000,0.0213,0.9998),
      ["RightHand"] = CFrame.new(0.0000,-0.0001,0.0000,0.9841,-0.0229,0.1762,0.0196,0.9996,0.0202,-0.1766,-0.0165,0.9841),
      ["Head"] = CFrame.new(-0.4116,-1.6723,-2.9204,0.6765,-0.1782,-0.7146,-0.3207,0.8021,-0.5037,0.6630,0.5699,0.4855),
      ["RightUpperLeg"] = CFrame.new(0.0000,0.0000,0.0001,1.0000,-0.0000,0.0000,0.0000,0.4321,-0.9018,0.0000,0.9018,0.4321),
      ["RightLowerLeg"] = CFrame.new(0.0000,-0.0002,-0.0001,1.0000,-0.0000,0.0000,0.0000,0.6930,0.7210,-0.0000,-0.7210,0.6930),
      ["RightFoot"] = CFrame.new(0.0000,0.0003,0.0000,1.0000,-0.0000,0.0000,0.0000,0.9973,0.0739,-0.0000,-0.0739,0.9973),
      ["LeftUpperLeg"] = CFrame.new(0.0000,0.0000,0.0000,1.0000,-0.0000,0.0000,0.0000,0.9563,0.2923,-0.0000,-0.2923,0.9563),
      ["LeftLowerLeg"] = CFrame.new(0.0000,0.0000,0.0000,1.0000,-0.0000,0.0000,0.0000,0.3261,0.9453,-0.0000,-0.9453,0.3261),
      ["LeftFoot"] = CFrame.new(0.0000,0.0000,0.0000,1.0000,-0.0000,0.0000,0.0000,0.9526,0.3042,-0.0000,-0.3042,0.9526),
    }},
    {Time = 0.167, Data = {
      ["HumanoidRootPart"] = CFrame.new(0.0000,0.0000,0.0000,1.0000,0.0000,0.0000,0.0000,1.0000,0.0000,0.0000,0.0000,1.0000),
      ["LowerTorso"] = CFrame.new(-1.7853,-0.2252,1.7491,0.7094,-0.1726,0.6833,-0.0000,0.9695,0.2450,-0.7048,-0.1738,0.6878),
      ["UpperTorso"] = CFrame.new(0.0000,0.0000,0.0000,0.9894,-0.0000,-0.1453,0.0227,0.9877,0.1547,0.1435,-0.1564,0.9772),
      ["LeftUpperArm"] = CFrame.new(0.0000,0.0003,-0.0001,0.6335,0.2237,-0.7407,-0.7625,0.0175,-0.6468,-0.1318,0.9745,0.1817),
      ["LeftLowerArm"] = CFrame.new(0.0000,0.0000,0.0000,1.0000,-0.0000,0.0000,0.0000,0.9998,-0.0213,0.0000,0.0213,0.9998),
      ["LeftHand"] = CFrame.new(0.0000,0.0000,0.0000,0.9959,-0.0487,0.0768,0.0522,0.9977,-0.0442,-0.0744,0.0481,0.9961),
      ["RightUpperArm"] = CFrame.new(-0.0001,0.0003,0.0000,0.7641,0.1460,0.6284,0.6324,0.0230,-0.7743,-0.1275,0.9890,-0.0747),
      ["RightLowerArm"] = CFrame.new(-0.0005,0.0000,0.0000,1.0000,-0.0000,0.0000,0.0000,0.9998,-0.0213,0.0000,0.0213,0.9998),
      ["RightHand"] = CFrame.new(0.0000,-0.0001,0.0000,0.9944,-0.0020,0.1059,0.0002,0.9998,0.0174,-0.1059,-0.0173,0.9942),
      ["Head"] = CFrame.new(-0.4140,-1.7204,-2.9421,0.6772,-0.0901,-0.7302,-0.3207,0.8571,-0.4032,0.6622,0.5072,0.5516),
      ["RightUpperLeg"] = CFrame.new(0.0000,0.0000,0.0001,1.0000,-0.0000,0.0000,0.0000,0.5088,-0.8609,0.0000,0.8609,0.5088),
      ["RightLowerLeg"] = CFrame.new(0.0000,-0.0002,-0.0001,1.0000,-0.0000,0.0000,0.0000,0.7759,0.6308,-0.0000,-0.6308,0.7759),
      ["RightFoot"] = CFrame.new(0.0000,0.0003,0.0000,1.0000,-0.0000,0.0000,0.0000,0.9970,0.0780,-0.0000,-0.0780,0.9970),
      ["LeftUpperLeg"] = CFrame.new(0.0000,0.0000,0.0000,1.0000,-0.0000,0.0000,0.0000,0.9939,0.1104,-0.0000,-0.1104,0.9939),
      ["LeftLowerLeg"] = CFrame.new(0.0000,0.0000,0.0000,1.0000,-0.0000,0.0000,-0.0000,-0.0713,0.9975,0.0000,-0.9975,-0.0713),
      ["LeftFoot"] = CFrame.new(0.0000,0.0000,0.0000,1.0000,-0.0000,0.0000,0.0000,0.9931,0.1171,-0.0000,-0.1171,0.9931),
    }},
    {Time = 0.200, Data = {
      ["HumanoidRootPart"] = CFrame.new(0.0000,0.0000,0.0000,1.0000,0.0000,0.0000,0.0000,1.0000,0.0000,0.0000,0.0000,1.0000),
      ["LowerTorso"] = CFrame.new(-2.0401,-0.2308,1.4377,0.8133,-0.1425,0.5642,-0.0000,0.9695,0.2450,-0.5819,-0.1992,0.7885),
      ["UpperTorso"] = CFrame.new(0.0000,0.0000,0.0000,0.9924,-0.0000,-0.1229,0.0192,0.9877,0.1552,0.1214,-0.1564,0.9802),
      ["LeftUpperArm"] = CFrame.new(0.0000,0.0003,-0.0001,0.6427,0.1949,-0.7409,-0.7573,0.0153,-0.6529,-0.1159,0.9807,0.1574),
      ["LeftLowerArm"] = CFrame.new(0.0000,0.0000,0.0000,1.0000,-0.0000,0.0000,0.0000,0.9998,-0.0213,0.0000,0.0213,0.9998),
      ["LeftHand"] = CFrame.new(0.0000,0.0000,0.0000,0.9966,-0.0463,0.0687,0.0490,0.9981,-0.0378,-0.0668,0.0411,0.9969),
      ["RightUpperArm"] = CFrame.new(-0.0001,0.0003,0.0000,0.7584,0.1194,0.6408,0.6432,0.0217,-0.7654,-0.1053,0.9926,-0.0603),
      ["RightLowerArm"] = CFrame.new(-0.0005,0.0000,0.0000,1.0000,-0.0000,0.0000,0.0000,0.9998,-0.0213,0.0000,0.0213,0.9998),
      ["RightHand"] = CFrame.new(0.0000,-0.0001,0.0000,0.9958,0.0020,0.0920,-0.0035,0.9999,0.0154,-0.0920,-0.0157,0.9956),
      ["Head"] = CFrame.new(-0.3576,-1.9644,-3.0585,0.6621,0.0848,-0.7446,-0.3207,0.9300,-0.1793,0.6773,0.3575,0.6430),
      ["RightUpperLeg"] = CFrame.new(0.0000,0.0000,0.0001,1.0000,-0.0000,0.0000,0.0000,0.5333,-0.8459,0.0000,0.8459,0.5333),
      ["RightLowerLeg"] = CFrame.new(0.0000,-0.0002,-0.0001,1.0000,-0.0000,0.0000,0.0000,0.6184,0.7858,-0.0000,-0.7858,0.6184),
      ["RightFoot"] = CFrame.new(0.0000,0.0003,0.0000,1.0000,-0.0000,0.0000,0.0000,0.9910,-0.1335,0.0000,0.1335,0.9910),
      ["LeftUpperLeg"] = CFrame.new(0.0000,0.0000,0.0000,1.0000,-0.0000,0.0000,0.0000,0.9768,-0.2143,0.0000,0.2143,0.9768),
      ["LeftLowerLeg"] = CFrame.new(0.0000,0.0000,0.0000,1.0000,-0.0000,0.0000,-0.0000,-0.3662,0.9305,0.0000,-0.9305,-0.3662),
      ["LeftFoot"] = CFrame.new(0.0000,0.0001,0.0000,1.0000,-0.0000,0.0000,0.0000,0.9994,0.0360,-0.0000,-0.0360,0.9994),
    }},
    {Time = 0.233, Data = {
      ["HumanoidRootPart"] = CFrame.new(0.0000,0.0000,0.0000,1.0000,0.0000,0.0000,0.0000,1.0000,0.0000,0.0000,0.0000,1.0000),
      ["LowerTorso"] = CFrame.new(-2.2465,-0.1961,1.0862,0.8985,-0.1076,0.4257,-0.0000,0.9695,0.2450,-0.4391,-0.2201,0.8711),
      ["UpperTorso"] = CFrame.new(0.0000,0.0000,0.0000,0.9966,-0.0000,-0.0828,0.0129,0.9877,0.1559,0.0818,-0.1564,0.9843),
      ["LeftUpperArm"] = CFrame.new(0.0000,0.0003,-0.0001,0.7063,0.1259,-0.6967,-0.7039,0.0202,-0.7100,-0.0754,0.9918,0.1029),
      ["LeftLowerArm"] = CFrame.new(0.0000,0.0000,0.0000,1.0000,-0.0000,0.0000,0.0000,0.9998,-0.0213,0.0000,0.0213,0.9998),
      ["LeftHand"] = CFrame.new(0.0000,0.0000,0.0000,0.9996,-0.0267,-0.0100,0.0265,0.9994,-0.0202,0.0105,0.0199,0.9997),
      ["RightUpperArm"] = CFrame.new(-0.0001,0.0003,0.0000,0.7777,0.0839,0.6230,0.6232,0.0275,-0.7816,-0.0827,0.9961,-0.0309),
      ["RightLowerArm"] = CFrame.new(-0.0005,0.0000,0.0000,1.0000,-0.0000,0.0000,0.0000,0.9998,-0.0213,0.0000,0.0213,0.9998),
      ["RightHand"] = CFrame.new(0.0000,-0.0001,0.0000,0.9930,-0.0051,0.1176,0.0034,0.9999,0.0146,-0.1177,-0.0141,0.9930),
      ["Head"] = CFrame.new(-0.2434,-2.2625,-3.2070,0.6343,0.2266,-0.7392,-0.3207,0.9471,0.0152,0.7035,0.2274,0.6734),
      ["RightUpperLeg"] = CFrame.new(0.0000,0.0000,0.0001,1.0000,-0.0000,0.0000,0.0000,0.6870,-0.7266,0.0000,0.7266,0.6870),
      ["RightLowerLeg"] = CFrame.new(0.0000,-0.0002,-0.0001,1.0000,-0.0000,0.0000,0.0000,0.5560,0.8312,-0.0000,-0.8312,0.5560),
      ["RightFoot"] = CFrame.new(0.0000,0.0003,0.0000,1.0000,-0.0000,0.0000,0.0000,0.9286,-0.3711,0.0000,0.3711,0.9286),
      ["LeftUpperLeg"] = CFrame.new(0.0000,0.0000,0.0000,1.0000,-0.0000,0.0000,0.0000,0.8054,-0.5928,0.0000,0.5928,0.8054),
      ["LeftLowerLeg"] = CFrame.new(0.0000,0.0000,0.0000,1.0000,-0.0000,0.0000,-0.0000,-0.5492,0.8357,0.0000,-0.8357,-0.5492),
      ["LeftFoot"] = CFrame.new(0.0000,0.0001,0.0000,1.0000,-0.0000,0.0000,0.0000,0.9971,0.0761,-0.0000,-0.0761,0.9971),
    }},
    {Time = 0.267, Data = {
      ["HumanoidRootPart"] = CFrame.new(0.0000,0.0000,0.0000,1.0000,0.0000,0.0000,0.0000,1.0000,0.0000,0.0000,0.0000,1.0000),
      ["LowerTorso"] = CFrame.new(-2.3993,-0.1388,0.6969,0.9603,-0.0684,0.2706,-0.0000,0.9695,0.2450,-0.2791,-0.2352,0.9310),
      ["UpperTorso"] = CFrame.new(0.0000,0.0000,0.0000,0.9996,-0.0000,-0.0298,0.0047,0.9877,0.1563,0.0294,-0.1564,0.9873),
      ["LeftUpperArm"] = CFrame.new(0.0000,0.0003,-0.0001,0.7787,0.0385,-0.6262,-0.6273,0.0290,-0.7782,-0.0118,0.9988,0.0467),
      ["LeftLowerArm"] = CFrame.new(0.0000,0.0000,0.0000,1.0000,-0.0000,0.0000,0.0000,0.9998,-0.0213,0.0000,0.0213,0.9998),
      ["LeftHand"] = CFrame.new(0.0000,0.0000,0.0000,0.9936,0.0018,-0.1125,-0.0020,1.0000,-0.0018,0.1125,0.0020,0.9936),
      ["RightUpperArm"] = CFrame.new(-0.0001,0.0003,0.0000,0.8061,0.0374,0.5906,0.5894,0.0391,-0.8069,-0.0532,0.9985,0.0095),
      ["RightLowerArm"] = CFrame.new(-0.0005,0.0000,0.0000,1.0000,-0.0000,0.0000,0.0000,0.9998,-0.0213,0.0000,0.0213,0.9998),
      ["RightHand"] = CFrame.new(0.0000,-0.0001,0.0000,0.9871,-0.0168,0.1593,0.0153,0.9998,0.0109,-0.1595,-0.0083,0.9872),
      ["Head"] = CFrame.new(-0.0870,-2.4849,-3.3093,0.5960,0.1494,-0.7889,-0.3207,0.9451,-0.0633,0.7361,0.2908,0.6112),
      ["RightUpperLeg"] = CFrame.new(0.0000,0.0000,0.0001,1.0000,-0.0000,0.0000,0.0000,0.8998,-0.4362,0.0000,0.4362,0.8998),
      ["RightLowerLeg"] = CFrame.new(0.0000,-0.0002,-0.0001,1.0000,-0.0000,0.0000,0.0000,0.6997,0.7144,-0.0000,-0.7144,0.6997),
      ["RightFoot"] = CFrame.new(0.0000,0.0003,0.0000,1.0000,-0.0000,0.0000,0.0000,0.8776,-0.4794,0.0000,0.4794,0.8776),
      ["LeftUpperLeg"] = CFrame.new(0.0000,0.0000,0.0000,1.0000,-0.0000,0.0000,0.0000,0.4941,-0.8694,0.0000,0.8694,0.4941),
      ["LeftLowerLeg"] = CFrame.new(0.0000,0.0000,0.0000,1.0000,-0.0000,0.0000,-0.0000,-0.6120,0.7909,0.0000,-0.7909,-0.6120),
      ["LeftFoot"] = CFrame.new(0.0000,0.0001,0.0000,1.0000,-0.0000,0.0000,0.0000,0.9799,0.1993,-0.0000,-0.1993,0.9799),
    }},
    {Time = 0.300, Data = {
      ["HumanoidRootPart"] = CFrame.new(0.0000,0.0000,0.0000,1.0000,0.0000,0.0000,0.0000,1.0000,0.0000,0.0000,0.0000,1.0000),
      ["LowerTorso"] = CFrame.new(-2.4818,-0.0720,0.2709,0.9942,-0.0264,0.1044,-0.0000,0.9695,0.2450,-0.1077,-0.2435,0.9639),
      ["UpperTorso"] = CFrame.new(0.0000,0.0000,0.0000,0.9995,-0.0000,0.0311,-0.0049,0.9877,0.1563,-0.0307,-0.1564,0.9872),
      ["LeftUpperArm"] = CFrame.new(0.0000,0.0003,-0.0001,0.8327,-0.0513,-0.5513,-0.5498,0.0414,-0.8343,0.0656,0.9978,0.0063),
      ["LeftLowerArm"] = CFrame.new(0.0000,0.0000,0.0000,1.0000,-0.0000,0.0000,0.0000,0.9998,-0.0213,0.0000,0.0213,0.9998),
      ["LeftHand"] = CFrame.new(0.0000,0.0000,0.0000,0.9780,0.0306,-0.2065,-0.0292,0.9995,0.0096,0.2067,-0.0034,0.9784),
      ["RightUpperArm"] = CFrame.new(-0.0001,0.0003,0.0000,0.8322,-0.0202,0.5541,0.5543,0.0561,-0.8305,-0.0143,0.9982,0.0579),
      ["RightLowerArm"] = CFrame.new(-0.0005,0.0000,0.0000,1.0000,-0.0000,0.0000,0.0000,0.9998,-0.0213,0.0000,0.0213,0.9998),
      ["RightHand"] = CFrame.new(0.0000,-0.0001,0.0000,0.9792,-0.0284,0.2010,0.0288,0.9996,0.0010,-0.2009,0.0049,0.9796),
      ["Head"] = CFrame.new(0.1036,-2.5433,-3.3260,0.5502,-0.0906,-0.8301,-0.3207,0.8949,-0.3103,0.7710,0.4369,0.4633),
      ["RightUpperLeg"] = CFrame.new(0.0000,0.0000,0.0001,1.0000,-0.0000,0.0000,0.0000,0.9837,0.1797,-0.0000,-0.1797,0.9837),
      ["RightLowerLeg"] = CFrame.new(0.0000,-0.0002,-0.0001,1.0000,-0.0000,0.0000,0.0000,0.9996,0.0271,-0.0000,-0.0271,0.9996),
      ["RightFoot"] = CFrame.new(0.0000,0.0003,0.0000,1.0000,-0.0000,0.0000,0.0000,0.9741,-0.2261,0.0000,0.2261,0.9741),
      ["LeftUpperLeg"] = CFrame.new(0.0000,0.0000,0.0000,1.0000,-0.0000,0.0000,0.0000,0.2243,-0.9745,0.0000,0.9745,0.2243),
      ["LeftLowerLeg"] = CFrame.new(0.0000,0.0000,0.0000,1.0000,-0.0000,0.0000,-0.0000,-0.5173,0.8558,0.0000,-0.8558,-0.5173),
      ["LeftFoot"] = CFrame.new(0.0000,0.0001,0.0000,1.0000,-0.0000,0.0000,0.0000,0.9555,0.2950,-0.0000,-0.2950,0.9555),
    }},
    {Time = 0.333, Data = {
      ["HumanoidRootPart"] = CFrame.new(0.0000,0.0000,0.0000,1.0000,0.0000,0.0000,0.0000,1.0000,0.0000,0.0000,0.0000,1.0000),
      ["LowerTorso"] = CFrame.new(-2.4883,-0.0142,-0.1744,0.9977,0.0166,-0.0657,-0.0000,0.9695,0.2450,0.0678,-0.2444,0.9673),
      ["UpperTorso"] = CFrame.new(0.0000,0.0000,0.0000,0.9956,-0.0000,0.0935,-0.0146,0.9877,0.1557,-0.0923,-0.1564,0.9834),
      ["LeftUpperArm"] = CFrame.new(0.0000,0.0003,-0.0001,0.8593,-0.1324,-0.4940,-0.4914,0.0539,-0.8692,0.1417,0.9897,-0.0188),
      ["LeftLowerArm"] = CFrame.new(0.0000,0.0000,0.0000,1.0000,-0.0000,0.0000,0.0000,0.9998,-0.0213,0.0000,0.0213,0.9998),
      ["LeftHand"] = CFrame.new(0.0000,0.0000,0.0000,0.9609,0.0521,-0.2719,-0.0501,0.9986,0.0141,0.2723,0.0001,0.9622),
      ["RightUpperArm"] = CFrame.new(-0.0002,0.0003,0.0001,0.8465,-0.0855,0.5255,0.5314,0.0744,-0.8438,0.0331,0.9936,0.1084),
      ["RightLowerArm"] = CFrame.new(-0.0005,0.0000,0.0000,1.0000,-0.0000,0.0000,0.0000,0.9998,-0.0213,0.0000,0.0213,0.9998),
      ["RightHand"] = CFrame.new(0.0000,-0.0001,0.0000,0.9732,-0.0349,0.2273,0.0391,0.9991,-0.0141,-0.2266,0.0226,0.9737),
      ["Head"] = CFrame.new(0.3077,-2.4117,-3.2560,0.5009,-0.2290,-0.8347,-0.3207,0.8466,-0.4247,0.8039,0.4804,0.3506),
      ["RightUpperLeg"] = CFrame.new(0.0000,0.0000,0.0001,1.0000,-0.0000,0.0000,0.0000,0.9408,0.3391,-0.0000,-0.3391,0.9408),
      ["RightLowerLeg"] = CFrame.new(0.0000,-0.0002,-0.0001,1.0000,-0.0000,0.0000,0.0000,0.9996,0.0271,-0.0000,-0.0271,0.9996),
      ["RightFoot"] = CFrame.new(0.0000,0.0003,0.0000,1.0000,-0.0000,0.0000,0.0000,0.9954,-0.0959,0.0000,0.0959,0.9954),
      ["LeftUpperLeg"] = CFrame.new(0.0000,0.0000,0.0000,1.0000,-0.0000,0.0000,0.0000,0.1556,-0.9878,0.0000,0.9878,0.1556),
      ["LeftLowerLeg"] = CFrame.new(0.0000,0.0000,0.0000,1.0000,-0.0000,0.0000,-0.0000,-0.2445,0.9696,0.0000,-0.9696,-0.2445),
      ["LeftFoot"] = CFrame.new(0.0000,0.0001,0.0000,1.0000,-0.0000,0.0000,0.0000,0.9620,0.2732,-0.0000,-0.2732,0.9620),
    }},
    {Time = 0.367, Data = {
      ["HumanoidRootPart"] = CFrame.new(0.0000,0.0000,0.0000,1.0000,0.0000,0.0000,0.0000,1.0000,0.0000,0.0000,0.0000,1.0000),
      ["LowerTorso"] = CFrame.new(-2.4187,0.0105,-0.6235,0.9692,0.0603,-0.2386,-0.0000,0.9695,0.2450,0.2461,-0.2374,0.9397),
      ["UpperTorso"] = CFrame.new(0.0000,0.0000,0.0000,0.9886,-0.0000,0.1504,-0.0235,0.9877,0.1546,-0.1485,-0.1564,0.9765),
      ["LeftUpperArm"] = CFrame.new(0.0000,0.0003,-0.0001,0.8617,-0.1970,-0.4676,-0.4654,0.0600,-0.8830,0.2020,0.9786,-0.0400),
      ["LeftLowerArm"] = CFrame.new(0.0000,0.0000,0.0000,1.0000,-0.0000,0.0000,0.0000,0.9998,-0.0213,0.0000,0.0213,0.9998),
      ["LeftHand"] = CFrame.new(0.0000,0.0000,0.0000,0.9520,0.0616,-0.2998,-0.0597,0.9981,0.0154,0.3002,0.0032,0.9539),
      ["RightUpperArm"] = CFrame.new(-0.0002,0.0004,0.0001,0.8405,-0.1535,0.5196,0.5352,0.0859,-0.8404,0.0844,0.9844,0.1544),
      ["RightLowerArm"] = CFrame.new(-0.0005,0.0000,0.0000,1.0000,-0.0000,0.0000,0.0000,0.9998,-0.0213,0.0000,0.0213,0.9998),
      ["RightHand"] = CFrame.new(0.0000,-0.0001,0.0000,0.9743,-0.0315,0.2231,0.0393,0.9988,-0.0304,-0.2219,0.0384,0.9743),
      ["Head"] = CFrame.new(0.4808,-2.1687,-3.1283,0.4540,-0.3130,-0.8342,-0.3207,0.8161,-0.4807,0.8313,0.4858,0.2701),
      ["RightUpperLeg"] = CFrame.new(0.0000,0.0000,0.0001,1.0000,-0.0000,0.0000,0.0000,0.8743,0.4854,-0.0000,-0.4854,0.8743),
      ["RightLowerLeg"] = CFrame.new(0.0000,-0.0002,-0.0001,1.0000,-0.0000,0.0000,0.0000,0.9996,0.0271,-0.0000,-0.0271,0.9996),
      ["RightFoot"] = CFrame.new(0.0000,0.0003,0.0000,1.0000,-0.0000,0.0000,0.0000,0.9453,0.3261,-0.0000,-0.3261,0.9453),
      ["LeftUpperLeg"] = CFrame.new(0.0000,0.0000,0.0000,1.0000,-0.0000,0.0000,0.0000,0.2363,-0.9717,0.0000,0.9717,0.2363),
      ["LeftLowerLeg"] = CFrame.new(0.0000,0.0000,0.0000,1.0000,-0.0000,0.0000,0.0000,0.1395,0.9902,-0.0000,-0.9902,0.1395),
      ["LeftFoot"] = CFrame.new(0.0000,0.0001,0.0000,1.0000,-0.0000,0.0000,0.0000,0.9839,0.1787,-0.0000,-0.1787,0.9839),
    }},
    {Time = 0.400, Data = {
      ["HumanoidRootPart"] = CFrame.new(0.0000,0.0000,0.0000,1.0000,0.0000,0.0000,0.0000,1.0000,0.0000,0.0000,0.0000,1.0000),
      ["LowerTorso"] = CFrame.new(-2.2612,-0.0384,-1.0579,0.9074,0.1029,-0.4074,-0.0000,0.9695,0.2450,0.4202,-0.2223,0.8798),
      ["UpperTorso"] = CFrame.new(0.0000,0.0000,0.0000,0.9808,-0.0000,0.1948,-0.0305,0.9877,0.1534,-0.1924,-0.1564,0.9688),
      ["LeftUpperArm"] = CFrame.new(0.0000,0.0003,-0.0001,0.8397,-0.2355,-0.4892,-0.4923,0.0498,-0.8690,0.2290,0.9706,-0.0741),
      ["LeftLowerArm"] = CFrame.new(0.0000,0.0000,0.0000,1.0000,-0.0000,0.0000,0.0000,0.9998,-0.0213,0.0000,0.0213,0.9998),
      ["LeftHand"] = CFrame.new(0.0000,0.0000,0.0000,0.9612,0.0523,-0.2710,-0.0490,0.9986,0.0188,0.2716,-0.0048,0.9624),
      ["RightUpperArm"] = CFrame.new(-0.0002,0.0004,0.0001,0.7925,-0.2245,0.5670,0.5946,0.0777,-0.8003,0.1356,0.9714,0.1950),
      ["RightLowerArm"] = CFrame.new(-0.0005,0.0000,0.0000,1.0000,-0.0000,0.0000,0.0000,0.9998,-0.0213,0.0000,0.0213,0.9998),
      ["RightHand"] = CFrame.new(0.0000,-0.0001,0.0000,0.9882,-0.0089,0.1532,0.0158,0.9989,-0.0437,-0.1527,0.0456,0.9872),
      ["Head"] = CFrame.new(0.6011,-1.8854,-2.9819,0.4160,-0.3555,-0.8370,-0.3207,0.8039,-0.5009,0.8509,0.4768,0.2204),
      ["RightUpperLeg"] = CFrame.new(0.0000,0.0000,0.0001,1.0000,-0.0000,0.0000,0.0000,0.9537,0.3009,-0.0000,-0.3009,0.9537),
      ["RightLowerLeg"] = CFrame.new(0.0000,-0.0002,-0.0001,1.0000,-0.0000,0.0000,0.0000,0.7086,0.7057,-0.0000,-0.7057,0.7086),
      ["RightFoot"] = CFrame.new(0.0000,0.0003,0.0000,1.0000,-0.0000,0.0000,0.0000,0.9198,0.3925,-0.0000,-0.3925,0.9198),
      ["LeftUpperLeg"] = CFrame.new(0.0000,0.0000,0.0000,1.0000,-0.0000,0.0000,0.0000,0.3463,-0.9381,0.0000,0.9381,0.3463),
      ["LeftLowerLeg"] = CFrame.new(0.0000,0.0000,0.0000,1.0000,-0.0000,0.0000,0.0000,0.4717,0.8818,-0.0000,-0.8818,0.4717),
      ["LeftFoot"] = CFrame.new(0.0000,0.0001,0.0000,1.0000,-0.0000,0.0000,0.0000,0.9971,0.0754,-0.0000,-0.0754,0.9971),
    }},
    {Time = 0.433, Data = {
      ["HumanoidRootPart"] = CFrame.new(0.0000,0.0000,0.0000,1.0000,0.0000,0.0000,0.0000,1.0000,0.0000,0.0000,0.0000,1.0000),
      ["LowerTorso"] = CFrame.new(-2.0236,-0.1389,-1.4608,0.8139,0.1423,-0.5634,-0.0000,0.9695,0.2450,0.5811,-0.1994,0.7891),
      ["UpperTorso"] = CFrame.new(0.0000,0.0000,0.0000,0.9755,-0.0000,0.2202,-0.0344,0.9877,0.1526,-0.2175,-0.1564,0.9635),
      ["LeftUpperArm"] = CFrame.new(0.0000,0.0003,-0.0001,0.7981,-0.2436,-0.5511,-0.5618,0.0296,-0.8267,0.2177,0.9694,-0.1132),
      ["LeftLowerArm"] = CFrame.new(0.0000,0.0000,0.0000,1.0000,-0.0000,0.0000,0.0000,0.9998,-0.0213,0.0000,0.0213,0.9998),
      ["LeftHand"] = CFrame.new(0.0000,0.0000,0.0000,0.9809,0.0274,-0.1924,-0.0239,0.9995,0.0208,0.1929,-0.0158,0.9811),
      ["RightUpperArm"] = CFrame.new(-0.0002,0.0004,0.0001,0.6961,-0.2900,0.6567,0.6971,0.0546,-0.7149,0.1715,0.9555,0.2402),
      ["RightLowerArm"] = CFrame.new(-0.0005,0.0000,0.0000,1.0000,-0.0000,0.0000,0.0000,0.9998,-0.0213,0.0000,0.0213,0.9998),
      ["RightHand"] = CFrame.new(0.0000,-0.0001,0.0000,0.9994,0.0282,0.0197,-0.0270,0.9980,-0.0568,-0.0213,0.0562,0.9982),
      ["Head"] = CFrame.new(0.6634,-1.6897,-2.8814,0.3938,-0.3707,-0.8411,-0.3207,0.8021,-0.5037,0.8614,0.4681,0.1970),
      ["RightUpperLeg"] = CFrame.new(0.0000,0.0000,0.0001,1.0000,-0.0000,0.0000,0.0000,0.9615,0.2747,-0.0000,-0.2747,0.9615),
      ["RightLowerLeg"] = CFrame.new(0.0000,-0.0002,-0.0001,1.0000,-0.0000,0.0000,0.0000,0.3112,0.9504,-0.0000,-0.9504,0.3112),
      ["RightFoot"] = CFrame.new(0.0000,0.0003,0.0000,1.0000,-0.0000,0.0000,0.0000,0.9471,0.3209,-0.0000,-0.3209,0.9471),
      ["LeftUpperLeg"] = CFrame.new(0.0000,0.0000,0.0000,1.0000,-0.0000,0.0000,0.0000,0.4303,-0.9027,0.0000,0.9027,0.4303),
      ["LeftLowerLeg"] = CFrame.new(0.0000,0.0000,0.0000,1.0000,-0.0000,0.0000,0.0000,0.6659,0.7461,-0.0000,-0.7461,0.6659),
      ["LeftFoot"] = CFrame.new(0.0000,0.0001,0.0000,1.0000,-0.0000,0.0000,0.0000,0.9999,0.0164,-0.0000,-0.0164,0.9999),
    }},
    {Time = 0.467, Data = {
      ["HumanoidRootPart"] = CFrame.new(0.0000,0.0000,0.0000,1.0000,0.0000,0.0000,0.0000,1.0000,0.0000,0.0000,0.0000,1.0000),
      ["LowerTorso"] = CFrame.new(-1.7140,-0.2222,-1.8158,0.6915,0.1770,-0.7004,-0.0000,0.9695,0.2450,0.7224,-0.1694,0.6704),
      ["UpperTorso"] = CFrame.new(0.0000,0.0000,0.0000,0.9757,-0.0000,0.2191,-0.0343,0.9877,0.1526,-0.2164,-0.1564,0.9637),
      ["LeftUpperArm"] = CFrame.new(0.0000,0.0003,-0.0001,0.7550,-0.2233,-0.6165,-0.6299,0.0143,-0.7766,0.1822,0.9746,-0.1299),
      ["LeftLowerArm"] = CFrame.new(0.0000,0.0000,0.0000,1.0000,-0.0000,0.0000,0.0000,0.9998,-0.0213,0.0000,0.0213,0.9998),
      ["LeftHand"] = CFrame.new(0.0000,0.0000,0.0000,0.9940,0.0028,-0.1092,-0.0008,0.9998,0.0178,0.1092,-0.0176,0.9939),
      ["RightUpperArm"] = CFrame.new(-0.0002,0.0004,0.0001,0.6048,-0.3207,0.7289,0.7764,0.0340,-0.6293,0.1770,0.9466,0.2696),
      ["RightLowerArm"] = CFrame.new(-0.0005,0.0000,0.0000,1.0000,-0.0000,0.0000,0.0000,0.9998,-0.0213,0.0000,0.0213,0.9998),
      ["RightHand"] = CFrame.new(0.0000,-0.0001,0.0000,0.9936,0.0558,-0.0982,-0.0625,0.9959,-0.0660,0.0941,0.0717,0.9930),
      ["Head"] = CFrame.new(0.6647,-1.6977,-2.8849,0.3948,-0.2884,-0.8723,-0.3207,0.8465,-0.4250,0.8610,0.4476,0.2417),
      ["RightUpperLeg"] = CFrame.new(0.0000,0.0000,0.0001,1.0000,-0.0000,0.0000,0.0000,0.9934,0.1148,-0.0000,-0.1148,0.9934),
      ["RightLowerLeg"] = CFrame.new(0.0000,-0.0002,-0.0001,1.0000,-0.0000,0.0000,-0.0000,-0.0581,0.9983,0.0000,-0.9983,-0.0581),
      ["RightFoot"] = CFrame.new(0.0000,0.0003,0.0000,1.0000,-0.0000,0.0000,0.0000,0.9904,0.1380,-0.0000,-0.1380,0.9904),
      ["LeftUpperLeg"] = CFrame.new(0.0000,0.0000,0.0000,1.0000,-0.0000,0.0000,0.0000,0.4941,-0.8694,0.0000,0.8694,0.4941),
      ["LeftLowerLeg"] = CFrame.new(0.0000,0.0000,0.0000,1.0000,-0.0000,0.0000,0.0000,0.7332,0.6800,-0.0000,-0.6800,0.7332),
      ["LeftFoot"] = CFrame.new(0.0000,0.0001,0.0000,1.0000,-0.0000,0.0000,0.0000,0.9997,0.0250,-0.0000,-0.0250,0.9997),
    }},
    {Time = 0.500, Data = {
      ["HumanoidRootPart"] = CFrame.new(0.0000,0.0000,0.0000,1.0000,0.0000,0.0000,0.0000,1.0000,0.0000,0.0000,0.0000,1.0000),
      ["LowerTorso"] = CFrame.new(-1.3408,-0.2332,-2.1047,0.5435,0.2056,-0.8138,0.0000,0.9695,0.2450,0.8394,-0.1331,0.5269),
      ["UpperTorso"] = CFrame.new(0.0000,0.0000,0.0000,0.9825,-0.0000,0.1862,-0.0291,0.9877,0.1537,-0.1840,-0.1564,0.9704),
      ["LeftUpperArm"] = CFrame.new(0.0000,0.0003,-0.0001,0.7486,-0.1853,-0.6366,-0.6461,0.0113,-0.7631,0.1486,0.9826,-0.1113),
      ["LeftLowerArm"] = CFrame.new(0.0000,0.0000,0.0000,1.0000,-0.0000,0.0000,0.0000,0.9998,-0.0213,0.0000,0.0213,0.9998),
      ["LeftHand"] = CFrame.new(0.0000,0.0000,0.0000,0.9961,-0.0031,-0.0883,0.0046,0.9999,0.0161,0.0882,-0.0165,0.9960),
      ["RightUpperArm"] = CFrame.new(-0.0002,0.0004,0.0000,0.6177,-0.2783,0.7355,0.7710,0.0297,-0.6362,0.1552,0.9600,0.2329),
      ["RightLowerArm"] = CFrame.new(-0.0005,0.0000,0.0000,1.0000,-0.0000,0.0000,0.0000,0.9998,-0.0213,0.0000,0.0213,0.9998),
      ["RightHand"] = CFrame.new(0.0000,-0.0001,0.0000,0.9946,0.0529,-0.0895,-0.0580,0.9968,-0.0551,0.0863,0.0600,0.9945),
      ["Head"] = CFrame.new(0.5869,-1.8887,-2.9886,0.4235,-0.0873,-0.9017,-0.3207,0.9164,-0.2393,0.8472,0.3905,0.3601),
      ["RightUpperLeg"] = CFrame.new(0.0000,0.0000,0.0001,1.0000,-0.0000,0.0000,0.0000,0.9729,-0.2311,0.0000,0.2311,0.9729),
      ["RightLowerLeg"] = CFrame.new(0.0000,-0.0002,-0.0001,1.0000,-0.0000,0.0000,-0.0000,-0.3729,0.9279,0.0000,-0.9279,-0.3729),
      ["RightFoot"] = CFrame.new(0.0000,0.0003,0.0000,1.0000,-0.0000,0.0000,0.0000,0.9992,0.0406,-0.0000,-0.0406,0.9992),
      ["LeftUpperLeg"] = CFrame.new(0.0000,0.0000,0.0000,1.0000,-0.0000,0.0000,0.0000,0.5295,-0.8483,0.0000,0.8483,0.5295),
      ["LeftLowerLeg"] = CFrame.new(0.0000,0.0000,0.0000,1.0000,-0.0000,0.0000,0.0000,0.5967,0.8024,-0.0000,-0.8024,0.5967),
      ["LeftFoot"] = CFrame.new(0.0000,0.0001,0.0000,1.0000,-0.0000,0.0000,0.0000,0.9884,-0.1519,0.0000,0.1519,0.9884),
    }},
    {Time = 0.533, Data = {
      ["HumanoidRootPart"] = CFrame.new(0.0000,0.0000,0.0000,1.0000,0.0000,0.0000,0.0000,1.0000,0.0000,0.0000,0.0000,1.0000),
      ["LowerTorso"] = CFrame.new(-0.9240,-0.2124,-2.3211,0.3740,0.2272,-0.8992,-0.0000,0.9695,0.2450,0.9274,-0.0916,0.3626),
      ["UpperTorso"] = CFrame.new(0.0000,0.0000,0.0000,0.9914,-0.0000,0.1312,-0.0205,0.9877,0.1551,-0.1296,-0.1564,0.9792),
      ["LeftUpperArm"] = CFrame.new(0.0000,0.0003,-0.0000,0.7599,-0.1309,-0.6367,-0.6408,0.0134,-0.7676,0.1090,0.9913,-0.0737),
      ["LeftLowerArm"] = CFrame.new(0.0000,0.0000,0.0000,1.0000,-0.0000,0.0000,0.0000,0.9998,-0.0213,0.0000,0.0213,0.9998),
      ["LeftHand"] = CFrame.new(0.0000,0.0000,0.0000,0.9955,-0.0013,-0.0952,0.0028,0.9999,0.0151,0.0952,-0.0153,0.9953),
      ["RightUpperArm"] = CFrame.new(-0.0001,0.0003,0.0000,0.6814,-0.1920,0.7063,0.7235,0.0311,-0.6896,0.1104,0.9809,0.1601),
      ["RightLowerArm"] = CFrame.new(-0.0005,0.0000,0.0000,1.0000,-0.0000,0.0000,0.0000,0.9998,-0.0213,0.0000,0.0213,0.9998),
      ["RightHand"] = CFrame.new(0.0000,-0.0001,0.0000,0.9992,0.0347,-0.0178,-0.0353,0.9988,-0.0326,0.0166,0.0332,0.9993),
      ["Head"] = CFrame.new(0.4373,-2.1474,-3.1341,0.4700,0.1195,-0.8745,-0.3207,0.9462,-0.0431,0.8223,0.3007,0.4831),
      ["RightUpperLeg"] = CFrame.new(0.0000,0.0000,0.0001,1.0000,-0.0000,0.0000,0.0000,0.7996,-0.6006,0.0000,0.6006,0.7996),
      ["RightLowerLeg"] = CFrame.new(0.0000,-0.0002,-0.0001,1.0000,-0.0000,0.0000,-0.0000,-0.5562,0.8310,0.0000,-0.8310,-0.5562),
      ["RightFoot"] = CFrame.new(0.0000,0.0003,0.0000,1.0000,-0.0000,0.0000,0.0000,0.9966,0.0828,-0.0000,-0.0828,0.9966),
      ["LeftUpperLeg"] = CFrame.new(0.0000,0.0000,0.0000,1.0000,-0.0000,0.0000,0.0000,0.6926,-0.7213,0.0000,0.7213,0.6926),
      ["LeftLowerLeg"] = CFrame.new(0.0000,0.0000,0.0000,1.0000,-0.0000,0.0000,0.0000,0.5149,0.8572,-0.0000,-0.8572,0.5149),
      ["LeftFoot"] = CFrame.new(0.0000,0.0001,0.0000,1.0000,-0.0000,0.0000,0.0000,0.9078,-0.4194,0.0000,0.4194,0.9078),
    }},
    {Time = 0.567, Data = {
      ["HumanoidRootPart"] = CFrame.new(0.0000,0.0000,0.0000,1.0000,0.0000,0.0000,0.0000,1.0000,0.0000,0.0000,0.0000,1.0000),
      ["LowerTorso"] = CFrame.new(-0.4714,-0.1702,-2.4501,0.1893,0.2405,-0.9520,0.0000,0.9695,0.2450,0.9819,-0.0464,0.1836),
      ["UpperTorso"] = CFrame.new(0.0000,0.0000,0.0000,0.9979,-0.0000,0.0652,-0.0102,0.9877,0.1561,-0.0644,-0.1564,0.9856),
      ["LeftUpperArm"] = CFrame.new(0.0000,0.0003,-0.0000,0.7803,-0.0675,-0.6217,-0.6219,0.0206,-0.7828,0.0656,0.9975,-0.0259),
      ["LeftLowerArm"] = CFrame.new(0.0000,0.0000,0.0000,1.0000,-0.0000,0.0000,0.0000,0.9998,-0.0212,0.0000,0.0212,0.9998),
      ["LeftHand"] = CFrame.new(0.0000,0.0000,0.0000,0.9928,0.0050,-0.1193,-0.0036,0.9999,0.0119,0.1194,-0.0114,0.9928),
      ["RightUpperArm"] = CFrame.new(-0.0001,0.0003,0.0000,0.7563,-0.0888,0.6482,0.6528,0.0362,-0.7567,0.0437,0.9954,0.0853),
      ["RightLowerArm"] = CFrame.new(-0.0005,0.0000,0.0000,1.0000,-0.0000,0.0000,0.0000,0.9998,-0.0213,0.0000,0.0213,0.9998),
      ["RightHand"] = CFrame.new(0.0000,-0.0001,0.0000,0.9968,0.0078,0.0796,-0.0071,0.9999,-0.0091,-0.0797,0.0085,0.9968),
      ["Head"] = CFrame.new(0.2366,-2.3883,-3.2673,0.5235,0.2186,-0.8235,-0.3207,0.9460,0.0472,0.7893,0.2394,0.5653),
      ["RightUpperLeg"] = CFrame.new(0.0000,0.0000,0.0001,1.0000,-0.0000,0.0000,0.0000,0.5603,-0.8283,0.0000,0.8283,0.5603),
      ["RightLowerLeg"] = CFrame.new(0.0000,-0.0002,-0.0001,1.0000,-0.0000,0.0000,-0.0000,-0.6151,0.7884,0.0000,-0.7884,-0.6151),
      ["RightFoot"] = CFrame.new(0.0000,0.0003,0.0000,1.0000,-0.0000,0.0000,0.0000,0.9806,0.1962,-0.0000,-0.1962,0.9806),
      ["LeftUpperLeg"] = CFrame.new(0.0000,0.0000,0.0000,1.0000,-0.0000,0.0000,0.0000,0.9223,-0.3865,0.0000,0.3865,0.9223),
      ["LeftLowerLeg"] = CFrame.new(0.0000,0.0000,0.0000,1.0000,-0.0000,0.0000,0.0000,0.6869,0.7267,-0.0000,-0.7267,0.6869),
      ["LeftFoot"] = CFrame.new(0.0000,0.0001,0.0000,1.0000,-0.0000,0.0000,0.0000,0.8433,-0.5374,0.0000,0.5374,0.8433),
    }},
    {Time = 0.600, Data = {
      ["HumanoidRootPart"] = CFrame.new(0.0000,0.0000,0.0000,1.0000,0.0000,0.0000,0.0000,1.0000,0.0000,0.0000,0.0000,1.0000),
      ["LowerTorso"] = CFrame.new(0.0011,-0.1057,-2.5000,-0.0000,0.2450,-0.9695,-0.0000,0.9695,0.2450,1.0000,0.0000,-0.0000),
      ["UpperTorso"] = CFrame.new(0.0000,0.0000,0.0000,1.0000,-0.0000,-0.0000,0.0000,0.9877,0.1564,0.0000,-0.1564,0.9877),
      ["LeftUpperArm"] = CFrame.new(0.0000,0.0003,-0.0000,0.8089,-0.0068,-0.5879,-0.5874,0.0348,-0.8086,0.0260,0.9994,0.0241),
      ["LeftLowerArm"] = CFrame.new(0.0000,0.0000,0.0000,1.0000,-0.0000,0.0000,0.0000,0.9998,-0.0212,0.0000,0.0212,0.9998),
      ["LeftHand"] = CFrame.new(0.0000,0.0000,0.0000,0.9866,0.0166,-0.1621,-0.0160,0.9999,0.0050,0.1621,-0.0023,0.9868),
      ["RightUpperArm"] = CFrame.new(-0.0001,0.0003,-0.0000,0.8200,0.0098,0.5722,0.5713,0.0471,-0.8194,-0.0350,0.9988,0.0330),
      ["RightLowerArm"] = CFrame.new(-0.0005,0.0000,0.0000,1.0000,-0.0000,0.0000,0.0000,0.9998,-0.0213,0.0000,0.0213,0.9998),
      ["RightHand"] = CFrame.new(0.0000,-0.0001,0.0000,0.9832,-0.0229,0.1810,0.0221,0.9997,0.0068,-0.1811,-0.0027,0.9835),
      ["Head"] = CFrame.new(0.0000,-2.5405,-3.3265,0.5738,0.0017,-0.8190,-0.3207,0.9206,-0.2229,0.7536,0.3905,0.5288),
      ["RightUpperLeg"] = CFrame.new(0.0000,0.0000,0.0001,1.0000,-0.0000,0.0000,0.0000,0.3391,-0.9407,0.0000,0.9407,0.3391),
      ["RightLowerLeg"] = CFrame.new(0.0000,-0.0002,-0.0001,1.0000,-0.0000,0.0000,-0.0000,-0.5709,0.8210,0.0000,-0.8210,-0.5709),
      ["RightFoot"] = CFrame.new(0.0000,0.0003,0.0000,1.0000,-0.0000,0.0000,0.0000,0.9551,0.2962,-0.0000,-0.2962,0.9551),
      ["LeftUpperLeg"] = CFrame.new(0.0000,0.0000,0.0000,1.0000,-0.0000,0.0000,0.0000,0.9702,0.2424,-0.0000,-0.2424,0.9702),
      ["LeftLowerLeg"] = CFrame.new(0.0000,0.0000,0.0000,1.0000,-0.0000,0.0000,0.0000,0.9996,0.0271,-0.0000,-0.0271,0.9996),
      ["LeftFoot"] = CFrame.new(0.0000,0.0000,0.0000,1.0000,-0.0000,0.0000,0.0000,0.9632,-0.2686,0.0000,0.2686,0.9632),
    }},
    {Time = 0.633, Data = {
      ["HumanoidRootPart"] = CFrame.new(0.0000,0.0000,0.0000,1.0000,0.0000,0.0000,0.0000,1.0000,0.0000,0.0000,0.0000,1.0000),
      ["LowerTorso"] = CFrame.new(0.4784,-0.0287,-2.4487,-0.1894,0.2405,-0.9520,0.0000,0.9695,0.2450,0.9819,0.0464,-0.1836),
      ["UpperTorso"] = CFrame.new(0.0000,0.0000,0.0000,0.9985,-0.0000,-0.0543,0.0085,0.9877,0.1562,0.0537,-0.1564,0.9862),
      ["LeftUpperArm"] = CFrame.new(0.0000,0.0003,-0.0000,0.8393,0.0423,-0.5421,-0.5437,0.0552,-0.8375,-0.0055,0.9976,0.0693),
      ["LeftLowerArm"] = CFrame.new(0.0000,0.0000,0.0000,1.0000,-0.0000,0.0000,0.0000,0.9998,-0.0212,0.0000,0.0212,0.9998),
      ["LeftHand"] = CFrame.new(0.0000,0.0000,0.0000,0.9764,0.0310,-0.2136,-0.0330,0.9994,-0.0059,0.2133,0.0128,0.9769),
      ["RightUpperArm"] = CFrame.new(-0.0001,0.0003,-0.0000,0.8612,0.0882,0.5006,0.4966,0.0636,-0.8656,-0.1082,0.9941,0.0110),
      ["RightLowerArm"] = CFrame.new(-0.0005,0.0000,0.0000,1.0000,-0.0000,0.0000,0.0000,0.9998,-0.0213,0.0000,0.0213,0.9998),
      ["RightHand"] = CFrame.new(0.0000,-0.0001,0.0000,0.9627,-0.0505,0.2657,0.0491,0.9987,0.0120,-0.2660,0.0015,0.9640),
      ["Head"] = CFrame.new(-0.1789,-2.5079,-3.3067,0.6139,-0.1118,-0.7814,-0.3207,0.8692,-0.3764,0.7213,0.4817,0.4977),
      ["RightUpperLeg"] = CFrame.new(0.0000,0.0000,0.0001,1.0000,-0.0000,0.0000,0.0000,0.2163,-0.9763,0.0000,0.9763,0.2163),
      ["RightLowerLeg"] = CFrame.new(0.0000,-0.0002,-0.0001,1.0000,-0.0000,0.0000,-0.0000,-0.3665,0.9304,0.0000,-0.9304,-0.3665),
      ["RightFoot"] = CFrame.new(0.0000,0.0003,0.0000,1.0000,-0.0000,0.0000,0.0000,0.9453,0.3262,-0.0000,-0.3262,0.9453),
      ["LeftUpperLeg"] = CFrame.new(0.0000,0.0000,0.0000,1.0000,-0.0000,0.0000,0.0000,0.9281,0.3723,-0.0000,-0.3723,0.9281),
      ["LeftLowerLeg"] = CFrame.new(0.0000,0.0000,0.0000,1.0000,-0.0000,0.0000,0.0000,0.9996,0.0271,-0.0000,-0.0271,0.9996),
      ["LeftFoot"] = CFrame.new(0.0000,0.0000,0.0000,1.0000,-0.0000,0.0000,0.0000,0.9973,-0.0741,0.0000,0.0741,0.9973),
    }},
    {Time = 0.667, Data = {
      ["HumanoidRootPart"] = CFrame.new(0.0000,0.0000,0.0000,1.0000,0.0000,0.0000,0.0000,1.0000,0.0000,0.0000,0.0000,1.0000),
      ["LowerTorso"] = CFrame.new(0.9402,0.0105,-2.3145,-0.3740,0.2272,-0.8992,-0.0000,0.9695,0.2450,0.9274,0.0916,-0.3626),
      ["UpperTorso"] = CFrame.new(0.0000,0.0000,0.0000,0.9954,-0.0000,-0.0960,0.0150,0.9877,0.1557,0.0948,-0.1564,0.9831),
      ["LeftUpperArm"] = CFrame.new(0.0000,0.0003,-0.0000,0.8479,0.0865,-0.5231,-0.5289,0.0681,-0.8460,-0.0376,0.9939,0.1035),
      ["LeftLowerArm"] = CFrame.new(0.0000,0.0000,0.0000,1.0000,-0.0000,0.0000,0.0000,0.9998,-0.0212,0.0000,0.0212,0.9998),
      ["LeftHand"] = CFrame.new(0.0000,0.0000,0.0000,0.9724,0.0350,-0.2306,-0.0400,0.9991,-0.0171,0.2298,0.0258,0.9729),
      ["RightUpperArm"] = CFrame.new(-0.0001,0.0003,-0.0000,0.8730,0.1402,0.4670,0.4613,0.0728,-0.8842,-0.1580,0.9874,-0.0011),
      ["RightLowerArm"] = CFrame.new(-0.0005,0.0000,0.0000,1.0000,-0.0000,0.0000,0.0000,0.9998,-0.0213,0.0000,0.0213,0.9998),
      ["RightHand"] = CFrame.new(0.0000,-0.0001,0.0000,0.9507,-0.0634,0.3035,0.0625,0.9980,0.0128,-0.3037,0.0068,0.9528),
      ["Head"] = CFrame.new(-0.3057,-2.3055,-3.2082,0.6435,-0.1645,-0.7475,-0.3207,0.8288,-0.4585,0.6950,0.5348,0.4806),
      ["RightUpperLeg"] = CFrame.new(0.0000,0.0000,0.0001,1.0000,-0.0000,0.0000,0.0000,0.2269,-0.9739,0.0000,0.9739,0.2269),
      ["RightLowerLeg"] = CFrame.new(0.0000,-0.0002,-0.0001,1.0000,-0.0000,0.0000,-0.0000,-0.0250,0.9997,0.0000,-0.9997,-0.0250),
      ["RightFoot"] = CFrame.new(0.0000,0.0002,0.0000,1.0000,-0.0000,0.0000,0.0000,0.9643,0.2650,-0.0000,-0.2650,0.9643),
      ["LeftUpperLeg"] = CFrame.new(0.0000,0.0000,0.0000,1.0000,-0.0000,0.0000,0.0000,0.8813,0.4726,-0.0000,-0.4726,0.8813),
      ["LeftLowerLeg"] = CFrame.new(0.0000,0.0000,0.0000,1.0000,-0.0000,0.0000,0.0000,0.9996,0.0271,-0.0000,-0.0271,0.9996),
      ["LeftFoot"] = CFrame.new(0.0000,0.0000,0.0000,1.0000,-0.0000,0.0000,0.0000,0.9556,0.2947,-0.0000,-0.2947,0.9556),
    }},
    {Time = 0.700, Data = {
      ["HumanoidRootPart"] = CFrame.new(0.0000,0.0000,0.0000,1.0000,0.0000,0.0000,0.0000,1.0000,0.0000,0.0000,0.0000,1.0000),
      ["LowerTorso"] = CFrame.new(1.3635,-0.0280,-2.0900,-0.5435,0.2056,-0.8138,0.0000,0.9695,0.2450,0.8394,0.1331,-0.5269),
      ["UpperTorso"] = CFrame.new(0.0000,0.0000,0.0000,0.9921,-0.0000,-0.1253,0.0196,0.9877,0.1552,0.1237,-0.1564,0.9799),
      ["LeftUpperArm"] = CFrame.new(0.0000,0.0003,-0.0000,0.8174,0.1329,-0.5606,-0.5712,0.0610,-0.8185,-0.0746,0.9892,0.1258),
      ["LeftLowerArm"] = CFrame.new(0.0000,0.0000,0.0000,1.0000,-0.0000,0.0000,0.0000,0.9998,-0.0213,0.0000,0.0213,0.9998),
      ["LeftHand"] = CFrame.new(0.0000,0.0000,0.0000,0.9832,0.0192,-0.1815,-0.0239,0.9994,-0.0240,0.1809,0.0280,0.9831),
      ["RightUpperArm"] = CFrame.new(-0.0001,0.0003,-0.0000,0.8584,0.1657,0.4856,0.4820,0.0638,-0.8738,-0.1758,0.9841,-0.0251),
      ["RightLowerArm"] = CFrame.new(-0.0005,0.0000,0.0000,1.0000,-0.0000,0.0000,0.0000,0.9998,-0.0213,0.0000,0.0213,0.9998),
      ["RightHand"] = CFrame.new(0.0000,-0.0001,0.0000,0.9579,-0.0563,0.2815,0.0538,0.9984,0.0167,-0.2820,-0.0008,0.9594),
      ["Head"] = CFrame.new(-0.3801,-2.0046,-3.0687,0.6637,-0.1804,-0.7259,-0.3207,0.8081,-0.4941,0.6757,0.5607,0.4785),
      ["RightUpperLeg"] = CFrame.new(0.0000,0.0000,0.0001,1.0000,-0.0000,0.0000,0.0000,0.2974,-0.9547,0.0000,0.9547,0.2974),
      ["RightLowerLeg"] = CFrame.new(0.0000,-0.0002,-0.0001,1.0000,-0.0000,0.0000,0.0000,0.3288,0.9444,-0.0000,-0.9444,0.3288),
      ["RightFoot"] = CFrame.new(0.0000,0.0002,0.0000,1.0000,-0.0000,0.0000,0.0000,0.9870,0.1610,-0.0000,-0.1610,0.9870),
      ["LeftUpperLeg"] = CFrame.new(0.0000,0.0000,0.0000,1.0000,-0.0000,0.0000,0.0000,0.8689,0.4951,-0.0000,-0.4951,0.8689),
      ["LeftLowerLeg"] = CFrame.new(0.0000,0.0000,0.0000,1.0000,-0.0000,0.0000,0.0000,0.9708,0.2398,-0.0000,-0.2398,0.9708),
      ["LeftFoot"] = CFrame.new(0.0000,0.0000,0.0000,1.0000,-0.0000,0.0000,0.0000,0.8452,0.5344,-0.0000,-0.5344,0.8452),
    }},
    {Time = 0.733, Data = {
      ["HumanoidRootPart"] = CFrame.new(0.0000,0.0000,0.0000,1.0000,0.0000,0.0000,0.0000,1.0000,0.0000,0.0000,0.0000,1.0000),
      ["LowerTorso"] = CFrame.new(1.7366,-0.1127,-1.7942,-0.6915,0.1770,-0.7004,-0.0000,0.9695,0.2450,0.7224,0.1694,-0.6704),
      ["UpperTorso"] = CFrame.new(0.0000,0.0000,0.0000,0.9898,-0.0000,-0.1426,0.0223,0.9877,0.1548,0.1408,-0.1564,0.9776),
      ["LeftUpperArm"] = CFrame.new(0.0000,0.0003,-0.0000,0.7498,0.1789,-0.6371,-0.6528,0.0422,-0.7564,-0.1084,0.9830,0.1484),
      ["LeftLowerArm"] = CFrame.new(0.0000,0.0000,0.0000,1.0000,-0.0000,0.0000,0.0000,0.9998,-0.0213,0.0000,0.0213,0.9998),
      ["LeftHand"] = CFrame.new(0.0000,0.0000,0.0000,0.9968,-0.0102,-0.0796,0.0077,0.9995,-0.0311,0.0799,0.0304,0.9963),
      ["RightUpperArm"] = CFrame.new(-0.0001,0.0003,-0.0000,0.8250,0.1692,0.5391,0.5400,0.0451,-0.8405,-0.1665,0.9845,-0.0542),
      ["RightLowerArm"] = CFrame.new(-0.0005,0.0000,0.0000,1.0000,-0.0000,0.0000,0.0000,0.9998,-0.0213,0.0000,0.0213,0.9998),
      ["RightHand"] = CFrame.new(0.0000,-0.0001,0.0000,0.9754,-0.0357,0.2173,0.0320,0.9993,0.0203,-0.2179,-0.0128,0.9759),
      ["Head"] = CFrame.new(-0.4133,-1.7420,-2.9502,0.6754,-0.1788,-0.7154,-0.3207,0.8024,-0.5034,0.6640,0.5694,0.4846),
      ["RightUpperLeg"] = CFrame.new(0.0000,0.0000,0.0001,1.0000,-0.0000,0.0000,0.0000,0.3941,-0.9191,0.0000,0.9191,0.3941),
      ["RightLowerLeg"] = CFrame.new(0.0000,-0.0002,-0.0001,1.0000,-0.0000,0.0000,0.0000,0.6151,0.7885,-0.0000,-0.7885,0.6151),
      ["RightFoot"] = CFrame.new(0.0000,0.0002,0.0000,1.0000,-0.0000,0.0000,0.0000,0.9962,0.0876,-0.0000,-0.0876,0.9962),
      ["LeftUpperLeg"] = CFrame.new(0.0000,0.0000,0.0000,1.0000,-0.0000,0.0000,0.0000,0.9492,0.3145,-0.0000,-0.3145,0.9492),
      ["LeftLowerLeg"] = CFrame.new(0.0000,0.0000,0.0000,1.0000,-0.0000,0.0000,0.0000,0.5479,0.8366,-0.0000,-0.8366,0.5479),
      ["LeftFoot"] = CFrame.new(0.0000,0.0000,0.0000,1.0000,-0.0000,0.0000,0.0000,0.9165,0.4001,-0.0000,-0.4001,0.9165),
    }},
    {Time = 0.767, Data = {
      ["HumanoidRootPart"] = CFrame.new(0.0000,0.0000,0.0000,1.0000,0.0000,0.0000,0.0000,1.0000,0.0000,0.0000,0.0000,1.0000),
      ["LowerTorso"] = CFrame.new(2.0417,-0.1973,-1.4354,-0.8139,0.1423,-0.5634,0.0000,0.9695,0.2450,0.5811,0.1994,-0.7891),
      ["UpperTorso"] = CFrame.new(0.0000,0.0000,0.0000,0.9889,-0.0000,-0.1483,0.0232,0.9877,0.1547,0.1465,-0.1564,0.9768),
      ["LeftUpperArm"] = CFrame.new(0.0000,0.0003,-0.0001,0.6641,0.2164,-0.7156,-0.7364,0.0237,-0.6762,-0.1294,0.9760,0.1751),
      ["LeftLowerArm"] = CFrame.new(0.0000,0.0000,0.0000,1.0000,-0.0000,0.0000,0.0000,0.9998,-0.0213,0.0000,0.0213,0.9998),
      ["LeftHand"] = CFrame.new(0.0000,0.0000,0.0000,0.9985,-0.0397,0.0370,0.0412,0.9983,-0.0411,-0.0354,0.0425,0.9985),
      ["RightUpperArm"] = CFrame.new(-0.0001,0.0003,-0.0000,0.7818,0.1566,0.6036,0.6073,0.0282,-0.7939,-0.1414,0.9873,-0.0731),
      ["RightLowerArm"] = CFrame.new(-0.0005,0.0000,0.0000,1.0000,-0.0000,0.0000,0.0000,0.9998,-0.0213,0.0000,0.0213,0.9998),
      ["RightHand"] = CFrame.new(0.0000,-0.0001,0.0000,0.9905,-0.0112,0.1374,0.0086,0.9998,0.0192,-0.1375,-0.0179,0.9903),
      ["Head"] = CFrame.new(-0.4213,-1.6660,-2.9167,0.6792,-0.1517,-0.7181,-0.3207,0.8187,-0.4763,0.6601,0.5538,0.5075),
      ["RightUpperLeg"] = CFrame.new(0.0000,0.0000,0.0001,1.0000,-0.0000,0.0000,0.0000,0.4849,-0.8746,0.0000,0.8746,0.4849),
      ["RightLowerLeg"] = CFrame.new(0.0000,-0.0002,-0.0001,1.0000,-0.0000,0.0000,0.0000,0.7752,0.6317,-0.0000,-0.6317,0.7752),
      ["RightFoot"] = CFrame.new(0.0000,0.0002,0.0000,1.0000,-0.0000,0.0000,0.0000,0.9957,0.0927,-0.0000,-0.0927,0.9957),
      ["LeftUpperLeg"] = CFrame.new(0.0000,0.0000,0.0000,1.0000,-0.0000,0.0000,0.0000,0.9742,0.2257,-0.0000,-0.2257,0.9742),
      ["LeftLowerLeg"] = CFrame.new(0.0000,0.0000,0.0000,1.0000,-0.0000,0.0000,0.0000,0.1091,0.9940,-0.0000,-0.9940,0.1091),
      ["LeftFoot"] = CFrame.new(0.0000,0.0000,0.0000,1.0000,-0.0000,0.0000,0.0000,0.9809,0.1947,-0.0000,-0.1947,0.9809),
    }},
    {Time = 0.800, Data = {
      ["HumanoidRootPart"] = CFrame.new(0.0000,0.0000,0.0000,1.0000,0.0000,0.0000,0.0000,1.0000,0.0000,0.0000,0.0000,1.0000),
      ["LowerTorso"] = CFrame.new(2.2731,-0.2358,-1.0323,-0.9074,0.1029,-0.4074,-0.0000,0.9695,0.2450,0.4202,0.2223,-0.8798),
      ["UpperTorso"] = CFrame.new(0.0000,0.0000,0.0000,0.9906,-0.0000,-0.1366,0.0214,0.9877,0.1549,0.1349,-0.1564,0.9784),
      ["LeftUpperArm"] = CFrame.new(0.0000,0.0003,-0.0001,0.6267,0.2162,-0.7486,-0.7688,0.0149,-0.6393,-0.1271,0.9762,0.1756),
      ["LeftLowerArm"] = CFrame.new(0.0000,0.0000,0.0000,1.0000,-0.0000,0.0000,0.0000,0.9998,-0.0213,0.0000,0.0213,0.9998),
      ["LeftHand"] = CFrame.new(0.0000,0.0000,0.0000,0.9949,-0.0506,0.0867,0.0545,0.9976,-0.0432,-0.0843,0.0477,0.9953),
      ["RightUpperArm"] = CFrame.new(-0.0001,0.0003,0.0000,0.7562,0.1333,0.6406,0.6441,0.0210,-0.7647,-0.1154,0.9909,-0.0700),
      ["RightLowerArm"] = CFrame.new(-0.0005,0.0000,0.0000,1.0000,-0.0000,0.0000,0.0000,0.9998,-0.0213,0.0000,0.0213,0.9998),
      ["RightHand"] = CFrame.new(0.0000,-0.0001,0.0000,0.9959,0.0023,0.0909,-0.0038,0.9999,0.0160,-0.0908,-0.0163,0.9957),
      ["Head"] = CFrame.new(-0.3928,-1.8256,-2.9916,0.6714,-0.0064,-0.7411,-0.3207,0.8990,-0.2983,0.6681,0.4380,0.6015),
      ["RightUpperLeg"] = CFrame.new(0.0000,0.0000,0.0001,1.0000,-0.0000,0.0000,0.0000,0.5114,-0.8594,0.0000,0.8594,0.5114),
      ["RightLowerLeg"] = CFrame.new(0.0000,-0.0002,-0.0001,1.0000,-0.0000,0.0000,0.0000,0.7041,0.7101,-0.0000,-0.7101,0.7041),
      ["RightFoot"] = CFrame.new(0.0000,0.0002,0.0000,1.0000,-0.0000,0.0000,0.0000,1.0000,-0.0100,0.0000,0.0100,1.0000),
      ["LeftUpperLeg"] = CFrame.new(0.0000,0.0000,0.0000,1.0000,-0.0000,0.0000,0.0000,0.9993,-0.0371,0.0000,0.0371,0.9993),
      ["LeftLowerLeg"] = CFrame.new(0.0000,0.0000,0.0000,1.0000,-0.0000,0.0000,-0.0000,-0.2316,0.9728,0.0000,-0.9728,-0.2316),
      ["LeftFoot"] = CFrame.new(0.0000,0.0000,0.0000,1.0000,-0.0000,0.0000,0.0000,0.9981,0.0615,-0.0000,-0.0615,0.9981),
    }},
    {Time = 0.833, Data = {
      ["HumanoidRootPart"] = CFrame.new(0.0000,0.0000,0.0000,1.0000,0.0000,0.0000,0.0000,1.0000,0.0000,0.0000,0.0000,1.0000),
      ["LowerTorso"] = CFrame.new(2.4236,-0.2171,-0.6044,-0.9692,0.0603,-0.2386,0.0000,0.9695,0.2450,0.2461,0.2374,-0.9397),
      ["UpperTorso"] = CFrame.new(0.0000,0.0000,0.0000,0.9945,-0.0000,-0.1048,0.0164,0.9877,0.1555,0.1035,-0.1564,0.9823),
      ["LeftUpperArm"] = CFrame.new(0.0000,0.0003,-0.0001,0.6709,0.1640,-0.7232,-0.7349,0.0172,-0.6780,-0.0987,0.9863,0.1320),
      ["LeftLowerArm"] = CFrame.new(0.0000,0.0000,0.0000,1.0000,-0.0000,0.0000,0.0000,0.9998,-0.0213,0.0000,0.0213,0.9998),
      ["LeftHand"] = CFrame.new(0.0000,0.0000,0.0000,0.9987,-0.0381,0.0349,0.0391,0.9988,-0.0297,-0.0337,0.0310,0.9990),
      ["RightUpperArm"] = CFrame.new(-0.0001,0.0003,0.0000,0.7661,0.1030,0.6344,0.6357,0.0238,-0.7715,-0.0946,0.9944,-0.0472),
      ["RightLowerArm"] = CFrame.new(-0.0005,0.0000,0.0000,1.0000,-0.0000,0.0000,0.0000,0.9998,-0.0213,0.0000,0.0213,0.9998),
      ["RightHand"] = CFrame.new(0.0000,-0.0001,0.0000,0.9948,-0.0006,0.1017,-0.0009,0.9999,0.0151,-0.1017,-0.0151,0.9947),
      ["Head"] = CFrame.new(-0.3077,-2.1154,-3.1332,0.6496,0.1676,-0.7415,-0.3207,0.9448,-0.0674,0.6893,0.2816,0.6675),
      ["RightUpperLeg"] = CFrame.new(0.0000,0.0000,0.0001,1.0000,-0.0000,0.0000,0.0000,0.5945,-0.8041,0.0000,0.8041,0.5945),
      ["RightLowerLeg"] = CFrame.new(0.0000,-0.0002,-0.0001,1.0000,-0.0000,0.0000,0.0000,0.5644,0.8255,-0.0000,-0.8255,0.5644),
      ["RightFoot"] = CFrame.new(0.0000,0.0002,0.0000,1.0000,-0.0000,0.0000,0.0000,0.9656,-0.2601,0.0000,0.2601,0.9656),
      ["LeftUpperLeg"] = CFrame.new(0.0000,0.0000,0.0000,1.0000,-0.0000,0.0000,0.0000,0.9136,-0.4066,0.0000,0.4066,0.9136),
      ["LeftLowerLeg"] = CFrame.new(0.0000,0.0000,0.0000,1.0000,-0.0000,0.0000,-0.0000,-0.4730,0.8811,0.0000,-0.8811,-0.4730),
      ["LeftFoot"] = CFrame.new(0.0000,0.0001,0.0000,1.0000,-0.0000,0.0000,0.0000,0.9992,0.0412,-0.0000,-0.0412,0.9992),
    }},
    {Time = 0.867, Data = {
      ["HumanoidRootPart"] = CFrame.new(0.0000,0.0000,0.0000,1.0000,0.0000,0.0000,0.0000,1.0000,0.0000,0.0000,0.0000,1.0000),
      ["LowerTorso"] = CFrame.new(2.4888,-0.1695,-0.1659,-0.9977,0.0166,-0.0657,-0.0000,0.9695,0.2450,0.0678,0.2444,-0.9673),
      ["UpperTorso"] = CFrame.new(0.0000,0.0000,0.0000,0.9983,-0.0000,-0.0576,0.0090,0.9877,0.1561,0.0569,-0.1564,0.9861),
      ["LeftUpperArm"] = CFrame.new(0.0000,0.0003,-0.0001,0.7436,0.0833,-0.6635,-0.6671,0.0241,-0.7446,-0.0461,0.9962,0.0735),
      ["LeftLowerArm"] = CFrame.new(0.0000,0.0000,0.0000,1.0000,-0.0000,0.0000,0.0000,0.9998,-0.0213,0.0000,0.0213,0.9998),
      ["LeftHand"] = CFrame.new(0.0000,0.0000,0.0000,0.9981,-0.0130,-0.0606,0.0124,0.9999,-0.0105,0.0608,0.0097,0.9981),
      ["RightUpperArm"] = CFrame.new(-0.0001,0.0003,0.0000,0.7915,0.0621,0.6080,0.6072,0.0325,-0.7939,-0.0691,0.9975,-0.0119),
      ["RightLowerArm"] = CFrame.new(-0.0005,0.0000,0.0000,1.0000,-0.0000,0.0000,0.0000,0.9998,-0.0213,0.0000,0.0213,0.9998),
      ["RightHand"] = CFrame.new(0.0000,-0.0001,0.0000,0.9904,-0.0107,0.1375,0.0089,0.9999,0.0134,-0.1377,-0.0121,0.9904),
      ["Head"] = CFrame.new(-0.1654,-2.3893,-3.2710,0.6163,0.2463,-0.7480,-0.3207,0.9460,0.0472,0.7193,0.2108,0.6620),
      ["RightUpperLeg"] = CFrame.new(0.0000,0.0000,0.0001,1.0000,-0.0000,0.0000,0.0000,0.7956,-0.6059,0.0000,0.6059,0.7956),
      ["RightLowerLeg"] = CFrame.new(0.0000,-0.0002,-0.0001,1.0000,-0.0000,0.0000,0.0000,0.6013,0.7991,-0.0000,-0.7991,0.6013),
      ["RightFoot"] = CFrame.new(0.0000,0.0002,0.0000,1.0000,-0.0000,0.0000,0.0000,0.8935,-0.4491,0.0000,0.4491,0.8935),
      ["LeftUpperLeg"] = CFrame.new(0.0000,0.0000,0.0000,1.0000,-0.0000,0.0000,0.0000,0.6597,-0.7515,0.0000,0.7515,0.6597),
      ["LeftLowerLeg"] = CFrame.new(0.0000,0.0000,0.0000,1.0000,-0.0000,0.0000,-0.0000,-0.5967,0.8025,0.0000,-0.8025,-0.5967),
      ["LeftFoot"] = CFrame.new(0.0000,0.0001,0.0000,1.0000,-0.0000,0.0000,0.0000,0.9912,0.1323,-0.0000,-0.1323,0.9912),
    }},
    {Time = 0.900, Data = {
      ["HumanoidRootPart"] = CFrame.new(0.0000,0.0000,0.0000,1.0000,0.0000,0.0000,0.0000,1.0000,0.0000,0.0000,0.0000,1.0000),
      ["LowerTorso"] = CFrame.new(2.4816,-0.1057,0.2733,-0.9942,-0.0264,0.1044,0.0000,0.9695,0.2450,-0.1077,0.2435,-0.9639),
      ["UpperTorso"] = CFrame.new(0.0000,0.0000,0.0000,1.0000,-0.0000,-0.0000,0.0000,0.9877,0.1564,0.0000,-0.1564,0.9877),
      ["LeftUpperArm"] = CFrame.new(0.0000,0.0003,-0.0001,0.8089,-0.0069,-0.5879,-0.5874,0.0348,-0.8086,0.0260,0.9994,0.0241),
      ["LeftLowerArm"] = CFrame.new(0.0000,0.0000,0.0000,1.0000,-0.0000,0.0000,0.0000,0.9998,-0.0213,0.0000,0.0213,0.9998),
      ["LeftHand"] = CFrame.new(0.0000,0.0000,0.0000,0.9866,0.0166,-0.1621,-0.0160,0.9999,0.0049,0.1621,-0.0023,0.9868),
      ["RightUpperArm"] = CFrame.new(-0.0001,0.0003,0.0000,0.8200,0.0098,0.5722,0.5713,0.0471,-0.8194,-0.0350,0.9988,0.0330),
      ["RightLowerArm"] = CFrame.new(-0.0005,0.0000,0.0000,1.0000,-0.0000,0.0000,0.0000,0.9998,-0.0213,0.0000,0.0213,0.9998),
      ["RightHand"] = CFrame.new(0.0000,-0.0001,0.0000,0.9832,-0.0229,0.1810,0.0221,0.9997,0.0068,-0.1811,-0.0027,0.9835),
      ["Head"] = CFrame.new(0.0000,-2.5405,-3.3265,0.5738,0.0017,-0.8190,-0.3207,0.9206,-0.2229,0.7536,0.3905,0.5288),
      ["RightUpperLeg"] = CFrame.new(0.0000,0.0000,0.0001,1.0000,-0.0000,0.0000,0.0000,0.9777,-0.2101,0.0000,0.2101,0.9777),
      ["RightLowerLeg"] = CFrame.new(0.0000,-0.0002,-0.0001,1.0000,-0.0000,0.0000,0.0000,0.8419,0.5397,-0.0000,-0.5397,0.8419),
      ["RightFoot"] = CFrame.new(0.0000,0.0002,0.0000,1.0000,-0.0000,0.0000,0.0000,0.8964,-0.4432,0.0000,0.4432,0.8964),
      ["LeftUpperLeg"] = CFrame.new(0.0000,0.0000,0.0000,1.0000,-0.0000,0.0000,0.0000,0.3385,-0.9410,0.0000,0.9410,0.3385),
      ["LeftLowerLeg"] = CFrame.new(0.0000,0.0000,0.0000,1.0000,-0.0000,0.0000,-0.0000,-0.5880,0.8089,0.0000,-0.8089,-0.5880),
      ["LeftFoot"] = CFrame.new(0.0000,0.0001,0.0000,1.0000,-0.0000,0.0000,0.0000,0.9657,0.2597,-0.0000,-0.2597,0.9657),
    }},
    {Time = 0.933, Data = {
      ["HumanoidRootPart"] = CFrame.new(0.0000,0.0000,0.0000,1.0000,0.0000,0.0000,0.0000,1.0000,0.0000,0.0000,0.0000,1.0000),
      ["LowerTorso"] = CFrame.new(2.3981,-0.0405,0.7010,-0.9603,-0.0684,0.2706,0.0000,0.9695,0.2450,-0.2791,0.2352,-0.9310),
      ["UpperTorso"] = CFrame.new(0.0000,0.0000,0.0000,0.9980,-0.0000,0.0625,-0.0098,0.9877,0.1561,-0.0617,-0.1564,0.9858),
      ["LeftUpperArm"] = CFrame.new(0.0000,0.0003,-0.0001,0.8494,-0.0935,-0.5194,-0.5172,0.0480,-0.8545,0.1048,0.9945,-0.0076),
      ["LeftLowerArm"] = CFrame.new(0.0000,0.0000,0.0000,1.0000,-0.0000,0.0000,0.0000,0.9998,-0.0213,0.0000,0.0213,0.9998),
      ["LeftHand"] = CFrame.new(0.0000,0.0000,0.0000,0.9689,0.0426,-0.2436,-0.0408,0.9991,0.0126,0.2439,-0.0023,0.9698),
      ["RightUpperArm"] = CFrame.new(-0.0002,0.0003,0.0000,0.8414,-0.0522,0.5379,0.5404,0.0656,-0.8389,0.0085,0.9965,0.0834),
      ["RightLowerArm"] = CFrame.new(-0.0005,0.0000,0.0000,1.0000,-0.0000,0.0000,0.0000,0.9998,-0.0213,0.0000,0.0213,0.9998),
      ["RightHand"] = CFrame.new(0.0000,-0.0001,0.0000,0.9756,-0.0326,0.2170,0.0347,0.9994,-0.0061,-0.2167,0.0135,0.9761),
      ["Head"] = CFrame.new(0.2077,-2.4968,-3.3009,0.5256,-0.1673,-0.8341,-0.3207,0.8692,-0.3764,0.7880,0.4653,0.4032),
      ["RightUpperLeg"] = CFrame.new(0.0000,0.0000,0.0001,1.0000,-0.0000,0.0000,0.0000,0.9643,0.2650,-0.0000,-0.2650,0.9643),
      ["RightLowerLeg"] = CFrame.new(0.0000,-0.0002,-0.0001,1.0000,-0.0000,0.0000,0.0000,0.9996,0.0271,-0.0000,-0.0271,0.9996),
      ["RightFoot"] = CFrame.new(0.0000,0.0003,0.0000,1.0000,-0.0000,0.0000,0.0000,0.9794,-0.2021,0.0000,0.2021,0.9794),
      ["LeftUpperLeg"] = CFrame.new(0.0000,0.0000,0.0000,1.0000,-0.0000,0.0000,0.0000,0.1651,-0.9863,0.0000,0.9863,0.1651),
      ["LeftLowerLeg"] = CFrame.new(0.0000,0.0000,0.0000,1.0000,-0.0000,0.0000,-0.0000,-0.4006,0.9163,0.0000,-0.9163,-0.4006),
      ["LeftFoot"] = CFrame.new(0.0000,0.0001,0.0000,1.0000,-0.0000,0.0000,0.0000,0.9545,0.2982,-0.0000,-0.2982,0.9545),
    }},
    {Time = 0.967, Data = {
      ["HumanoidRootPart"] = CFrame.new(0.0000,0.0000,0.0000,1.0000,0.0000,0.0000,0.0000,1.0000,0.0000,0.0000,0.0000,1.0000),
      ["LowerTorso"] = CFrame.new(2.2404,0.0038,1.0988,-0.8985,-0.1076,0.4257,0.0000,0.9695,0.2450,-0.4391,0.2201,-0.8711),
      ["UpperTorso"] = CFrame.new(0.0000,0.0000,0.0000,0.9924,-0.0000,0.1231,-0.0192,0.9877,0.1552,-0.1216,-0.1564,0.9802),
      ["LeftUpperArm"] = CFrame.new(0.0000,0.0003,-0.0001,0.8631,-0.1672,-0.4765,-0.4738,0.0582,-0.8787,0.1746,0.9842,-0.0290),
      ["LeftLowerArm"] = CFrame.new(0.0000,0.0000,0.0000,1.0000,-0.0000,0.0000,0.0000,0.9998,-0.0213,0.0000,0.0213,0.9998),
      ["LeftHand"] = CFrame.new(0.0000,0.0000,0.0000,0.9550,0.0585,-0.2909,-0.0566,0.9983,0.0149,0.2913,0.0023,0.9566),
      ["RightUpperArm"] = CFrame.new(-0.0002,0.0004,0.0000,0.8465,-0.1195,0.5188,0.5291,0.0815,-0.8446,0.0586,0.9895,0.1322),
      ["RightLowerArm"] = CFrame.new(-0.0005,0.0000,0.0000,1.0000,-0.0000,0.0000,0.0000,0.9998,-0.0213,0.0000,0.0213,0.9998),
      ["RightHand"] = CFrame.new(0.0000,-0.0001,0.0000,0.9726,-0.0347,0.2299,0.0409,0.9989,-0.0224,-0.2289,0.0312,0.9729),
      ["Head"] = CFrame.new(0.3997,-2.2988,-3.1966,0.4767,-0.2770,-0.8343,-0.3207,0.8288,-0.4585,0.8185,0.4861,0.3063),
      ["RightUpperLeg"] = CFrame.new(0.0000,0.0000,0.0001,1.0000,-0.0000,0.0000,0.0000,0.9114,0.4115,-0.0000,-0.4115,0.9114),
      ["RightLowerLeg"] = CFrame.new(0.0000,-0.0002,-0.0001,1.0000,-0.0000,0.0000,0.0000,0.9996,0.0271,-0.0000,-0.0271,0.9996),
      ["RightFoot"] = CFrame.new(0.0000,0.0003,0.0000,1.0000,-0.0000,0.0000,0.0000,0.9953,0.0965,-0.0000,-0.0965,0.9953),
      ["LeftUpperLeg"] = CFrame.new(0.0000,0.0000,0.0000,1.0000,-0.0000,0.0000,0.0000,0.1836,-0.9830,0.0000,0.9830,0.1836),
      ["LeftLowerLeg"] = CFrame.new(0.0000,0.0000,0.0000,1.0000,-0.0000,0.0000,-0.0000,-0.0594,0.9982,0.0000,-0.9982,-0.0594),
      ["LeftFoot"] = CFrame.new(0.0000,0.0001,0.0000,1.0000,-0.0000,0.0000,0.0000,0.9732,0.2298,-0.0000,-0.2298,0.9732),
    }},
    {Time = 1.000, Data = {
      ["HumanoidRootPart"] = CFrame.new(0.0000,0.0000,0.0000,1.0000,0.0000,0.0000,0.0000,1.0000,0.0000,0.0000,0.0000,1.0000),
      ["LowerTorso"] = CFrame.new(2.0257,-0.0032,1.4579,-0.8133,-0.1425,0.5642,0.0000,0.9695,0.2450,-0.5819,0.1992,-0.7885),
      ["UpperTorso"] = CFrame.new(0.0000,0.0000,0.0000,0.9846,-0.0000,0.1746,-0.0273,0.9877,0.1540,-0.1725,-0.1564,0.9725),
      ["LeftUpperArm"] = CFrame.new(0.0000,0.0003,-0.0001,0.8539,-0.2201,-0.4716,-0.4713,0.0573,-0.8801,0.2207,0.9738,-0.0548),
      ["LeftLowerArm"] = CFrame.new(0.0000,0.0000,0.0000,1.0000,-0.0000,0.0000,0.0000,0.9998,-0.0213,0.0000,0.0213,0.9998),
      ["LeftHand"] = CFrame.new(0.0000,0.0000,0.0000,0.9541,0.0596,-0.2936,-0.0572,0.9982,0.0168,0.2941,0.0008,0.9558),
      ["RightUpperArm"] = CFrame.new(-0.0002,0.0004,0.0001,0.8235,-0.1886,0.5350,0.5564,0.0848,-0.8266,0.1105,0.9784,0.1748),
      ["RightLowerArm"] = CFrame.new(-0.0005,0.0000,0.0000,1.0000,-0.0000,0.0000,0.0000,0.9998,-0.0213,0.0000,0.0213,0.9998),
      ["RightHand"] = CFrame.new(0.0000,-0.0001,0.0000,0.9798,-0.0232,0.1987,0.0312,0.9988,-0.0375,-0.1976,0.0429,0.9793),
      ["Head"] = CFrame.new(0.5484,-2.0268,-3.0545,0.4335,-0.3386,-0.8352,-0.3207,0.8081,-0.4941,0.8422,0.4820,0.2417),
      ["RightUpperLeg"] = CFrame.new(0.0000,0.0000,0.0001,1.0000,-0.0000,0.0000,0.0000,0.9206,0.3904,-0.0000,-0.3904,0.9206),
      ["RightLowerLeg"] = CFrame.new(0.0000,-0.0002,-0.0001,1.0000,-0.0000,0.0000,0.0000,0.9201,0.3918,-0.0000,-0.3918,0.9201),
      ["RightFoot"] = CFrame.new(0.0000,0.0003,0.0000,1.0000,-0.0000,0.0000,0.0000,0.9250,0.3801,-0.0000,-0.3801,0.9250),
      ["LeftUpperLeg"] = CFrame.new(0.0000,0.0000,0.0000,1.0000,-0.0000,0.0000,0.0000,0.2945,-0.9557,0.0000,0.9557,0.2945),
      ["LeftLowerLeg"] = CFrame.new(0.0000,0.0000,0.0000,1.0000,-0.0000,0.0000,0.0000,0.3230,0.9464,-0.0000,-0.9464,0.3230),
      ["LeftFoot"] = CFrame.new(0.0000,0.0001,0.0000,1.0000,-0.0000,0.0000,0.0000,0.9921,0.1255,-0.0000,-0.1255,0.9921),
    }},
    {Time = 1.033, Data = {
      ["HumanoidRootPart"] = CFrame.new(0.0000,0.0000,0.0000,1.0000,0.0000,0.0000,0.0000,1.0000,0.0000,0.0000,0.0000,1.0000),
      ["LowerTorso"] = CFrame.new(1.7641,-0.0865,1.7704,-0.7094,-0.1726,0.6833,0.0000,0.9695,0.2450,-0.7048,0.1738,-0.6878),
      ["UpperTorso"] = CFrame.new(0.0000,0.0000,0.0000,0.9776,-0.0000,0.2103,-0.0329,0.9877,0.1529,-0.2077,-0.1564,0.9656),
      ["LeftUpperArm"] = CFrame.new(0.0000,0.0003,-0.0001,0.8207,-0.2433,-0.5170,-0.5241,0.0399,-0.8507,0.2276,0.9691,-0.0948),
      ["LeftLowerArm"] = CFrame.new(0.0000,0.0000,0.0000,1.0000,-0.0000,0.0000,0.0000,0.9998,-0.0213,0.0000,0.0213,0.9998),
      ["LeftHand"] = CFrame.new(0.0000,0.0000,0.0000,0.9709,0.0410,-0.2358,-0.0372,0.9991,0.0204,0.2364,-0.0110,0.9716),
      ["RightUpperArm"] = CFrame.new(-0.0002,0.0004,0.0001,0.7488,-0.2592,0.6100,0.6440,0.0668,-0.7621,0.1568,0.9635,0.2170),
      ["RightLowerArm"] = CFrame.new(-0.0005,0.0000,0.0000,1.0000,-0.0000,0.0000,0.0000,0.9998,-0.0213,0.0000,0.0213,0.9998),
      ["RightHand"] = CFrame.new(0.0000,-0.0001,0.0000,0.9958,0.0091,0.0912,-0.0045,0.9987,-0.0500,-0.0915,0.0494,0.9946),
      ["Head"] = CFrame.new(0.6392,-1.7659,-2.9208,0.4025,-0.3656,-0.8392,-0.3207,0.8024,-0.5034,0.8574,0.4718,0.2057),
      ["RightUpperLeg"] = CFrame.new(0.0000,0.0000,0.0001,1.0000,-0.0000,0.0000,0.0000,0.9592,0.2827,-0.0000,-0.2827,0.9592),
      ["RightLowerLeg"] = CFrame.new(0.0000,-0.0002,-0.0001,1.0000,-0.0000,0.0000,0.0000,0.5081,0.8613,-0.0000,-0.8613,0.5081),
      ["RightFoot"] = CFrame.new(0.0000,0.0003,0.0000,1.0000,-0.0000,0.0000,0.0000,0.9212,0.3891,-0.0000,-0.3891,0.9212),
      ["LeftUpperLeg"] = CFrame.new(0.0000,0.0000,0.0000,1.0000,-0.0000,0.0000,0.0000,0.3914,-0.9202,0.0000,0.9202,0.3914),
      ["LeftLowerLeg"] = CFrame.new(0.0000,0.0000,0.0000,1.0000,-0.0000,0.0000,0.0000,0.5851,0.8109,-0.0000,-0.8109,0.5851),
      ["LeftFoot"] = CFrame.new(0.0000,0.0001,0.0000,1.0000,-0.0000,0.0000,0.0000,0.9993,0.0367,-0.0000,-0.0367,0.9993),
    }},
    {Time = 1.067, Data = {
      ["HumanoidRootPart"] = CFrame.new(0.0000,0.0000,0.0000,1.0000,0.0000,0.0000,0.0000,1.0000,0.0000,0.0000,0.0000,1.0000),
      ["LowerTorso"] = CFrame.new(1.4622,-0.1870,2.0239,-0.5913,-0.1975,0.7819,0.0000,0.9695,0.2450,-0.8064,0.1449,-0.5733),
      ["UpperTorso"] = CFrame.new(0.0000,0.0000,0.0000,0.9747,-0.0000,0.2237,-0.0350,0.9877,0.1524,-0.2209,-0.1564,0.9627),
      ["LeftUpperArm"] = CFrame.new(0.0000,0.0003,-0.0001,0.7745,-0.2368,-0.5865,-0.5995,0.0206,-0.8001,0.2016,0.9713,-0.1260),
      ["LeftLowerArm"] = CFrame.new(0.0000,0.0000,0.0000,1.0000,-0.0000,0.0000,0.0000,0.9998,-0.0212,0.0000,0.0212,0.9998),
      ["LeftHand"] = CFrame.new(0.0000,0.0000,0.0000,0.9890,0.0138,-0.1472,-0.0110,0.9997,0.0197,0.1474,-0.0178,0.9889),
      ["RightUpperArm"] = CFrame.new(-0.0002,0.0004,0.0000,0.6431,-0.3128,0.6990,0.7447,0.0429,-0.6660,0.1783,0.9488,0.2606),
      ["RightLowerArm"] = CFrame.new(-0.0005,0.0000,0.0000,1.0000,-0.0000,0.0000,0.0000,0.9998,-0.0213,0.0000,0.0213,0.9998),
      ["RightHand"] = CFrame.new(0.0000,-0.0001,0.0000,0.9978,0.0450,-0.0492,-0.0480,0.9969,-0.0630,0.0462,0.0652,0.9968),
      ["Head"] = CFrame.new(0.6736,-1.6683,-2.8695,0.3907,-0.3502,-0.8513,-0.3207,0.8151,-0.4825,0.8628,0.4616,0.2062),
      ["RightUpperLeg"] = CFrame.new(0.0000,0.0000,0.0001,1.0000,-0.0000,0.0000,0.0000,0.9744,0.2247,-0.0000,-0.2247,0.9744),
      ["RightLowerLeg"] = CFrame.new(0.0000,-0.0002,-0.0001,1.0000,-0.0000,0.0000,0.0000,0.1213,0.9926,-0.0000,-0.9926,0.1213),
      ["RightFoot"] = CFrame.new(0.0000,0.0003,0.0000,1.0000,-0.0000,0.0000,0.0000,0.9746,0.2239,-0.0000,-0.2239,0.9746),
      ["LeftUpperLeg"] = CFrame.new(0.0000,0.0000,0.0000,1.0000,-0.0000,0.0000,0.0000,0.4651,-0.8853,0.0000,0.8853,0.4651),
      ["LeftLowerLeg"] = CFrame.new(0.0000,0.0000,0.0000,1.0000,-0.0000,0.0000,0.0000,0.7191,0.6949,-0.0000,-0.6949,0.7191),
      ["LeftFoot"] = CFrame.new(0.0000,0.0001,0.0000,1.0000,-0.0000,0.0000,0.0000,0.9998,0.0222,-0.0000,-0.0222,0.9998),
    }},
    {Time = 1.100, Data = {
      ["HumanoidRootPart"] = CFrame.new(0.0000,0.0000,0.0000,1.0000,0.0000,0.0000,0.0000,1.0000,0.0000,0.0000,0.0000,1.0000),
      ["LowerTorso"] = CFrame.new(1.1388,-0.2358,2.2206,-0.4630,-0.2171,0.8593,0.0000,0.9695,0.2450,-0.8863,0.1134,-0.4489),
      ["UpperTorso"] = CFrame.new(0.0000,0.0000,0.0000,0.9806,-0.0000,0.1958,-0.0306,0.9877,0.1534,-0.1934,-0.1564,0.9686),
      ["LeftUpperArm"] = CFrame.new(0.0000,0.0003,-0.0001,0.7469,-0.1949,-0.6357,-0.6464,0.0112,-0.7629,0.1558,0.9808,-0.1176),
      ["LeftLowerArm"] = CFrame.new(0.0000,0.0000,0.0000,1.0000,-0.0000,0.0000,0.0000,0.9998,-0.0213,0.0000,0.0213,0.9998),
      ["LeftHand"] = CFrame.new(0.0000,0.0000,0.0000,0.9961,-0.0032,-0.0880,0.0047,0.9999,0.0162,0.0879,-0.0165,0.9960),
      ["RightUpperArm"] = CFrame.new(-0.0002,0.0004,0.0000,0.6067,-0.2933,0.7388,0.7782,0.0296,-0.6273,0.1621,0.9556,0.2462),
      ["RightLowerArm"] = CFrame.new(-0.0005,0.0000,0.0000,1.0000,-0.0000,0.0000,0.0000,0.9998,-0.0213,0.0000,0.0213,0.9998),
      ["RightHand"] = CFrame.new(0.0000,-0.0001,0.0000,0.9933,0.0557,-0.1010,-0.0619,0.9963,-0.0593,0.0973,0.0651,0.9931),
      ["Head"] = CFrame.new(0.6046,-1.7761,-2.9335,0.4152,-0.1918,-0.8893,-0.3207,0.8839,-0.3403,0.8513,0.4265,0.3055),
      ["RightUpperLeg"] = CFrame.new(0.0000,0.0000,0.0001,1.0000,-0.0000,0.0000,0.0000,0.9998,-0.0190,0.0000,0.0190,0.9998),
      ["RightLowerLeg"] = CFrame.new(0.0000,-0.0002,-0.0001,1.0000,-0.0000,0.0000,-0.0000,-0.2083,0.9781,0.0000,-0.9781,-0.2083),
      ["RightFoot"] = CFrame.new(0.0000,0.0004,0.0000,1.0000,-0.0000,0.0000,0.0000,0.9962,0.0875,-0.0000,-0.0875,0.9962),
      ["LeftUpperLeg"] = CFrame.new(0.0000,0.0000,0.0000,1.0000,-0.0000,0.0000,0.0000,0.5068,-0.8621,0.0000,0.8621,0.5068),
      ["LeftLowerLeg"] = CFrame.new(0.0000,0.0000,0.0000,1.0000,-0.0000,0.0000,0.0000,0.6828,0.7306,-0.0000,-0.7306,0.6828),
      ["LeftFoot"] = CFrame.new(0.0000,0.0001,0.0000,1.0000,-0.0000,0.0000,0.0000,0.9995,-0.0331,0.0000,0.0331,0.9995),
    }},
    {Time = 1.133, Data = {
      ["HumanoidRootPart"] = CFrame.new(0.0000,0.0000,0.0000,1.0000,0.0000,0.0000,0.0000,1.0000,0.0000,0.0000,0.0000,1.0000),
      ["LowerTorso"] = CFrame.new(0.8080,-0.2100,2.3608,-0.3289,-0.2313,0.9156,0.0000,0.9695,0.2450,-0.9444,0.0806,-0.3189),
      ["UpperTorso"] = CFrame.new(0.0000,0.0000,0.0000,0.9914,-0.0000,0.1311,-0.0205,0.9877,0.1551,-0.1295,-0.1564,0.9792),
      ["LeftUpperArm"] = CFrame.new(0.0000,0.0003,-0.0001,0.7616,-0.1311,-0.6347,-0.6387,0.0142,-0.7693,0.1099,0.9913,-0.0729),
      ["LeftLowerArm"] = CFrame.new(0.0000,0.0000,0.0000,1.0000,-0.0000,0.0000,0.0000,0.9998,-0.0213,0.0000,0.0213,0.9998),
      ["LeftHand"] = CFrame.new(0.0000,0.0000,0.0000,0.9952,-0.0006,-0.0979,0.0021,0.9999,0.0148,0.0979,-0.0149,0.9951),
      ["RightUpperArm"] = CFrame.new(-0.0001,0.0003,0.0000,0.6840,-0.1915,0.7039,0.7211,0.0321,-0.6921,0.1100,0.9810,0.1600),
      ["RightLowerArm"] = CFrame.new(-0.0005,0.0000,0.0000,1.0000,-0.0000,0.0000,0.0000,0.9998,-0.0213,0.0000,0.0213,0.9998),
      ["RightHand"] = CFrame.new(0.0000,-0.0001,0.0000,0.9993,0.0340,-0.0143,-0.0344,0.9989,-0.0329,0.0132,0.0334,0.9994),
      ["Head"] = CFrame.new(0.4289,-2.0298,-3.0800,0.4701,0.0335,-0.8820,-0.3207,0.9375,-0.1353,0.8223,0.3465,0.4514),
      ["RightUpperLeg"] = CFrame.new(0.0000,0.0000,0.0001,1.0000,-0.0000,0.0000,0.0000,0.9136,-0.4067,0.0000,0.4067,0.9136),
      ["RightLowerLeg"] = CFrame.new(0.0000,-0.0002,-0.0001,1.0000,-0.0000,0.0000,-0.0000,-0.4587,0.8886,0.0000,-0.8886,-0.4587),
      ["RightFoot"] = CFrame.new(0.0000,0.0002,0.0000,1.0000,-0.0000,0.0000,0.0000,0.9973,0.0740,-0.0000,-0.0740,0.9973),
      ["LeftUpperLeg"] = CFrame.new(0.0000,0.0000,0.0000,1.0000,-0.0000,0.0000,0.0000,0.6296,-0.7770,0.0000,0.7770,0.6296),
      ["LeftLowerLeg"] = CFrame.new(0.0000,0.0000,0.0000,1.0000,-0.0000,0.0000,0.0000,0.5107,0.8598,-0.0000,-0.8598,0.5107),
      ["LeftFoot"] = CFrame.new(0.0000,0.0001,0.0000,1.0000,-0.0000,0.0000,0.0000,0.9524,-0.3050,0.0000,0.3050,0.9524),
    }},
    {Time = 1.167, Data = {
      ["HumanoidRootPart"] = CFrame.new(0.0000,0.0000,0.0000,1.0000,0.0000,0.0000,0.0000,1.0000,0.0000,0.0000,0.0000,1.0000),
      ["LowerTorso"] = CFrame.new(0.4793,-0.1569,2.4485,-0.1938,-0.2403,0.9512,0.0000,0.9695,0.2450,-0.9810,0.0475,-0.1879),
      ["UpperTorso"] = CFrame.new(0.0000,0.0000,0.0000,0.9983,-0.0000,0.0585,-0.0091,0.9877,0.1561,-0.0577,-0.1564,0.9860),
      ["LeftUpperArm"] = CFrame.new(0.0000,0.0003,-0.0000,0.7880,-0.0628,-0.6125,-0.6124,0.0236,-0.7902,0.0641,0.9977,-0.0198),
      ["LeftLowerArm"] = CFrame.new(0.0000,0.0000,0.0000,1.0000,-0.0000,0.0000,0.0000,0.9998,-0.0213,0.0000,0.0213,0.9998),
      ["LeftHand"] = CFrame.new(0.0000,0.0000,0.0000,0.9913,0.0084,-0.1313,-0.0070,0.9999,0.0111,0.1314,-0.0101,0.9913),
      ["RightUpperArm"] = CFrame.new(-0.0001,0.0003,0.0000,0.7695,-0.0766,0.6341,0.6378,0.0391,-0.7692,0.0342,0.9963,0.0790),
      ["RightLowerArm"] = CFrame.new(-0.0005,0.0000,0.0000,1.0000,-0.0000,0.0000,0.0000,0.9998,-0.0213,0.0000,0.0213,0.9998),
      ["RightHand"] = CFrame.new(0.0000,-0.0001,0.0000,0.9951,0.0023,0.0991,-0.0016,1.0000,-0.0074,-0.0991,0.0072,0.9951),
      ["Head"] = CFrame.new(0.2122,-2.3088,-3.2311,0.5288,0.1986,-0.8252,-0.3207,0.9469,0.0224,0.7858,0.2528,0.5644),
      ["RightUpperLeg"] = CFrame.new(0.0000,0.0000,0.0001,1.0000,-0.0000,0.0000,0.0000,0.6386,-0.7696,0.0000,0.7696,0.6386),
      ["RightLowerLeg"] = CFrame.new(0.0000,-0.0002,-0.0001,1.0000,-0.0000,0.0000,-0.0000,-0.5756,0.8177,0.0000,-0.8177,-0.5756),
      ["RightFoot"] = CFrame.new(0.0000,0.0003,0.0000,1.0000,-0.0000,0.0000,0.0000,0.9845,0.1754,-0.0000,-0.1754,0.9845),
      ["LeftUpperLeg"] = CFrame.new(0.0000,0.0000,0.0000,1.0000,-0.0000,0.0000,0.0000,0.8994,-0.4371,0.0000,0.4371,0.8994),
      ["LeftLowerLeg"] = CFrame.new(0.0000,0.0000,0.0000,1.0000,-0.0000,0.0000,0.0000,0.6460,0.7633,-0.0000,-0.7633,0.6460),
      ["LeftFoot"] = CFrame.new(0.0000,0.0000,0.0000,1.0000,-0.0000,0.0000,0.0000,0.8831,-0.4691,0.0000,0.4691,0.8831),
    }},
    {Time = 1.200, Data = {
      ["HumanoidRootPart"] = CFrame.new(0.0000,0.0000,0.0000,1.0000,0.0000,0.0000,0.0000,1.0000,0.0000,0.0000,0.0000,1.0000),
      ["LowerTorso"] = CFrame.new(0.1568,-0.1129,2.4894,-0.0629,-0.2445,0.9676,-0.0000,0.9695,0.2450,-0.9980,0.0154,-0.0610),
      ["UpperTorso"] = CFrame.new(0.0000,0.0000,0.0000,1.0000,-0.0000,0.0077,-0.0012,0.9877,0.1564,-0.0076,-0.1564,0.9877),
      ["LeftUpperArm"] = CFrame.new(0.0000,0.0003,-0.0000,0.8062,-0.0143,-0.5915,-0.5908,0.0331,-0.8061,0.0311,0.9993,0.0183),
      ["LeftLowerArm"] = CFrame.new(0.0000,0.0000,0.0000,1.0000,-0.0000,0.0000,0.0000,0.9998,-0.0213,0.0000,0.0213,0.9998),
      ["LeftHand"] = CFrame.new(0.0000,0.0000,0.0000,0.9873,0.0155,-0.1578,-0.0147,0.9999,0.0060,0.1579,-0.0036,0.9874),
      ["RightUpperArm"] = CFrame.new(-0.0001,0.0003,-0.0000,0.8143,-0.0013,0.5804,0.5799,0.0459,-0.8134,-0.0256,0.9989,0.0381),
      ["RightLowerArm"] = CFrame.new(-0.0005,0.0000,0.0000,1.0000,-0.0000,0.0000,0.0000,0.9998,-0.0213,0.0000,0.0213,0.9998),
      ["RightHand"] = CFrame.new(0.0000,-0.0001,0.0000,0.9851,-0.0197,0.1708,0.0190,0.9998,0.0053,-0.1708,-0.0020,0.9853),
      ["Head"] = CFrame.new(0.0373,-2.5071,-3.3200,0.5680,0.1165,-0.8147,-0.3207,0.9430,-0.0887,0.7580,0.3117,0.5730),
      ["RightUpperLeg"] = CFrame.new(0.0000,0.0000,0.0001,1.0000,-0.0000,0.0000,0.0000,0.3781,-0.9258,0.0000,0.9258,0.3781),
      ["RightLowerLeg"] = CFrame.new(0.0000,-0.0002,-0.0001,1.0000,-0.0000,0.0000,-0.0000,-0.5770,0.8167,0.0000,-0.8167,-0.5770),
      ["RightFoot"] = CFrame.new(0.0000,0.0003,0.0000,1.0000,-0.0000,0.0000,0.0000,0.9599,0.2805,-0.0000,-0.2805,0.9599),
      ["LeftUpperLeg"] = CFrame.new(0.0000,0.0000,0.0000,1.0000,-0.0000,0.0000,0.0000,0.9855,0.1697,-0.0000,-0.1697,0.9855),
      ["LeftLowerLeg"] = CFrame.new(0.0000,0.0000,0.0000,1.0000,-0.0000,0.0000,0.0000,0.9939,0.1100,-0.0000,-0.1100,0.9939),
      ["LeftFoot"] = CFrame.new(0.0000,0.0000,0.0000,1.0000,-0.0000,0.0000,0.0000,0.9582,-0.2861,0.0000,0.2861,0.9582),
    }},
    {Time = 1.217, Data = {
      ["HumanoidRootPart"] = CFrame.new(0.0000,0.0000,0.0000,1.0000,0.0000,0.0000,0.0000,1.0000,0.0000,0.0000,0.0000,1.0000),
      ["LowerTorso"] = CFrame.new(-0.0011,-0.1057,2.5000,-0.0000,-0.2450,0.9695,0.0000,0.9695,0.2450,-1.0000,0.0000,-0.0000),
      ["UpperTorso"] = CFrame.new(0.0000,0.0000,0.0000,1.0000,-0.0000,-0.0000,0.0000,0.9877,0.1564,0.0000,-0.1564,0.9877),
      ["LeftUpperArm"] = CFrame.new(0.0000,0.0003,-0.0000,0.8089,-0.0069,-0.5879,-0.5874,0.0348,-0.8086,0.0260,0.9994,0.0241),
      ["LeftLowerArm"] = CFrame.new(0.0000,0.0000,0.0000,1.0000,-0.0000,0.0000,0.0000,0.9998,-0.0213,0.0000,0.0213,0.9998),
      ["LeftHand"] = CFrame.new(0.0000,0.0000,0.0000,0.9866,0.0166,-0.1621,-0.0160,0.9999,0.0049,0.1621,-0.0023,0.9868),
      ["RightUpperArm"] = CFrame.new(-0.0001,0.0003,-0.0000,0.8200,0.0098,0.5722,0.5713,0.0470,-0.8194,-0.0350,0.9988,0.0330),
      ["RightLowerArm"] = CFrame.new(-0.0005,0.0000,0.0000,1.0000,-0.0000,0.0000,0.0000,0.9998,-0.0213,0.0000,0.0213,0.9998),
      ["RightHand"] = CFrame.new(0.0000,-0.0001,0.0000,0.9832,-0.0229,0.1810,0.0221,0.9997,0.0068,-0.1811,-0.0027,0.9835),
      ["Head"] = CFrame.new(0.0000,-2.5405,-3.3265,0.5738,0.0017,-0.8190,-0.3207,0.9206,-0.2229,0.7536,0.3905,0.5288),
      ["RightUpperLeg"] = CFrame.new(0.0000,0.0000,0.0001,1.0000,-0.0000,0.0000,0.0000,0.3391,-0.9407,0.0000,0.9407,0.3391),
      ["RightLowerLeg"] = CFrame.new(0.0000,-0.0002,-0.0001,1.0000,-0.0000,0.0000,-0.0000,-0.5709,0.8210,0.0000,-0.8210,-0.5709),
      ["RightFoot"] = CFrame.new(0.0000,0.0003,0.0000,1.0000,-0.0000,0.0000,0.0000,0.9551,0.2962,-0.0000,-0.2962,0.9551),
      ["LeftUpperLeg"] = CFrame.new(0.0000,0.0000,0.0000,1.0000,-0.0000,0.0000,0.0000,0.9702,0.2424,-0.0000,-0.2424,0.9702),
      ["LeftLowerLeg"] = CFrame.new(0.0000,0.0000,0.0000,1.0000,-0.0000,0.0000,0.0000,0.9996,0.0271,-0.0000,-0.0271,0.9996),
      ["LeftFoot"] = CFrame.new(0.0000,-0.0000,0.0000,1.0000,-0.0000,0.0000,0.0000,0.9632,-0.2686,0.0000,0.2686,0.9632),
    }},
  }
}
