return {
  ["114844947920958"] = {
    {Time = 0.000, Data = {
      ["HumanoidRootPart"] = CFrame.new(0.0000,0.0000,0.0000,1.0000,0.0000,0.0000,0.0000,1.0000,0.0000,0.0000,0.0000,1.0000),
      ["LowerTorso"] = CFrame.new(-0.0000,0.0000,-0.0000,1.0000,-0.0000,0.0000,0.0000,1.0000,-0.0000,-0.0000,0.0000,1.0000),
      ["UpperTorso"] = CFrame.new(-0.0000,-0.0986,0.0834,1.0000,0.0000,0.0000,-0.0000,0.9848,-0.1736,-0.0000,0.1736,0.9848),
      ["LeftUpperArm"] = CFrame.new(-0.0000,-0.6000,0.0000,-0.0000,1.0000,-0.0000,-0.9962,-0.0000,-0.0872,-0.0872,0.0000,0.9962),
      ["LeftLowerArm"] = CFrame.new(0.0000,0.0000,0.0000,0.9962,0.0000,-0.0872,-0.0298,0.9397,-0.3407,0.0819,0.3420,0.9361),
      ["LeftHand"] = CFrame.new(0.0000,0.0000,0.0000,1.0000,0.0000,0.0000,-0.0000,0.9962,-0.0872,-0.0000,0.0872,0.9962),
      ["Head"] = CFrame.new(-2.4963,-0.0877,-0.1447,0.6428,-0.0000,0.7660,0.0667,0.9962,-0.0560,-0.7631,0.0871,0.6403),
      ["RightUpperArm"] = CFrame.new(-0.0000,0.1469,-0.1502,0.9962,-0.0872,-0.0000,0.0151,0.1730,-0.9848,0.0858,0.9811,0.1737),
      ["RightLowerArm"] = CFrame.new(0.0123,0.1409,0.0000,0.7071,0.7071,-0.0000,-0.7071,0.7071,-0.0000,0.0000,0.0000,1.0000),
      ["RightHand"] = CFrame.new(0.0000,0.0000,0.0000,0.9397,0.3420,0.0000,-0.3420,0.9397,-0.0000,-0.0000,0.0000,1.0000),
      ["LeftUpperLeg"] = CFrame.new(-0.0000,0.0000,-0.0000,0.9659,0.2588,0.0000,-0.2588,0.9659,-0.0000,-0.0000,-0.0000,1.0000),
      ["LeftLowerLeg"] = CFrame.new(-0.0000,-0.0000,-0.0000,0.9962,-0.0871,0.0000,0.0871,0.9962,0.0000,-0.0000,-0.0000,1.0000),
      ["LeftFoot"] = CFrame.new(-0.0000,-0.0000,0.0000,1.0000,0.0000,0.0000,-0.0000,0.9962,-0.0872,-0.0000,0.0872,0.9962),
      ["RightUpperLeg"] = CFrame.new(-0.0000,-0.0000,-0.0000,0.9848,-0.1736,0.0000,0.1736,0.9848,-0.0000,-0.0000,0.0000,1.0000),
      ["RightLowerLeg"] = CFrame.new(0.0000,-0.0000,0.0000,1.0000,0.0000,0.0000,-0.0000,0.9962,0.0871,-0.0000,-0.0871,0.9962),
      ["RightFoot"] = CFrame.new(-0.0000,0.0000,0.0000,1.0000,-0.0000,0.0000,0.0000,0.9962,-0.0872,-0.0000,0.0872,0.9962),
    }},
    {Time = 0.033, Data = {
      ["HumanoidRootPart"] = CFrame.new(0.0000,0.0000,0.0000,1.0000,0.0000,0.0000,0.0000,1.0000,0.0000,0.0000,0.0000,1.0000),
      ["LowerTorso"] = CFrame.new(-0.0000,0.0000,-0.0000,1.0000,-0.0000,0.0000,0.0000,1.0000,-0.0000,-0.0000,0.0000,1.0000),
      ["UpperTorso"] = CFrame.new(-0.0000,-0.0986,0.0834,1.0000,0.0000,0.0000,-0.0000,0.9848,-0.1736,-0.0000,0.1736,0.9848),
      ["LeftUpperArm"] = CFrame.new(-0.0000,-0.6000,0.0000,-0.0000,1.0000,-0.0000,-0.9962,-0.0000,-0.0872,-0.0872,0.0000,0.9962),
      ["LeftLowerArm"] = CFrame.new(0.0000,0.0000,0.0000,0.9962,0.0000,-0.0872,-0.0298,0.9397,-0.3407,0.0819,0.3420,0.9361),
      ["LeftHand"] = CFrame.new(0.0000,0.0000,0.0000,1.0000,0.0000,0.0000,-0.0000,0.9962,-0.0872,-0.0000,0.0872,0.9962),
      ["Head"] = CFrame.new(-2.4963,-0.0877,-0.1447,-0.7660,0.0000,0.6428,0.0560,0.9962,0.0667,-0.6403,0.0871,-0.7631),
      ["RightUpperArm"] = CFrame.new(-0.0000,0.1469,-0.1502,0.9962,-0.0872,-0.0000,0.0151,0.1730,-0.9848,0.0858,0.9811,0.1737),
      ["RightLowerArm"] = CFrame.new(0.0123,0.1409,0.0000,0.7071,0.7071,-0.0000,-0.7071,0.7071,-0.0000,0.0000,0.0000,1.0000),
      ["RightHand"] = CFrame.new(0.0000,0.0000,0.0000,0.9397,0.3420,0.0000,-0.3420,0.9397,-0.0000,-0.0000,0.0000,1.0000),
      ["LeftUpperLeg"] = CFrame.new(-0.0000,0.0000,-0.0000,0.9659,0.2588,0.0000,-0.2588,0.9659,-0.0000,-0.0000,-0.0000,1.0000),
      ["LeftLowerLeg"] = CFrame.new(-0.0000,-0.0000,-0.0000,0.9962,-0.0871,0.0000,0.0871,0.9962,0.0000,-0.0000,-0.0000,1.0000),
      ["LeftFoot"] = CFrame.new(-0.0000,-0.0000,0.0000,1.0000,0.0000,0.0000,-0.0000,0.9962,-0.0872,-0.0000,0.0872,0.9962),
      ["RightUpperLeg"] = CFrame.new(-0.0000,-0.0000,-0.0000,0.9848,-0.1736,0.0000,0.1736,0.9848,-0.0000,-0.0000,0.0000,1.0000),
      ["RightLowerLeg"] = CFrame.new(0.0000,-0.0000,0.0000,1.0000,0.0000,0.0000,-0.0000,0.9962,0.0871,-0.0000,-0.0871,0.9962),
      ["RightFoot"] = CFrame.new(-0.0000,0.0000,0.0000,1.0000,-0.0000,0.0000,0.0000,0.9962,-0.0872,-0.0000,0.0872,0.9962),
    }},
    {Time = 0.067, Data = {
      ["HumanoidRootPart"] = CFrame.new(0.0000,0.0000,0.0000,1.0000,0.0000,0.0000,0.0000,1.0000,0.0000,0.0000,0.0000,1.0000),
      ["LowerTorso"] = CFrame.new(-0.0000,0.0000,-0.0000,1.0000,-0.0000,0.0000,0.0000,1.0000,-0.0000,-0.0000,0.0000,1.0000),
      ["UpperTorso"] = CFrame.new(-0.0000,-0.0986,0.0834,1.0000,0.0000,0.0000,-0.0000,0.9848,-0.1736,-0.0000,0.1736,0.9848),
      ["LeftUpperArm"] = CFrame.new(-0.0000,-0.6000,0.0000,-0.0000,1.0000,-0.0000,-0.9962,-0.0000,-0.0872,-0.0872,0.0000,0.9962),
      ["LeftLowerArm"] = CFrame.new(0.0000,0.0000,0.0000,0.9962,0.0000,-0.0872,-0.0298,0.9397,-0.3407,0.0819,0.3420,0.9361),
      ["LeftHand"] = CFrame.new(0.0000,0.0000,0.0000,1.0000,0.0000,0.0000,-0.0000,0.9962,-0.0872,-0.0000,0.0872,0.9962),
      ["Head"] = CFrame.new(-2.4963,-0.0877,-0.1447,-0.6428,0.0000,-0.7660,-0.0667,0.9962,0.0560,0.7631,0.0871,-0.6403),
      ["RightUpperArm"] = CFrame.new(-0.0000,0.1469,-0.1502,0.9962,-0.0872,-0.0000,0.0151,0.1730,-0.9848,0.0858,0.9811,0.1737),
      ["RightLowerArm"] = CFrame.new(0.0123,0.1409,0.0000,0.7071,0.7071,-0.0000,-0.7071,0.7071,-0.0000,0.0000,0.0000,1.0000),
      ["RightHand"] = CFrame.new(0.0000,0.0000,0.0000,0.9397,0.3420,0.0000,-0.3420,0.9397,-0.0000,-0.0000,0.0000,1.0000),
      ["LeftUpperLeg"] = CFrame.new(-0.0000,0.0000,-0.0000,0.9659,0.2588,0.0000,-0.2588,0.9659,-0.0000,-0.0000,-0.0000,1.0000),
      ["LeftLowerLeg"] = CFrame.new(-0.0000,-0.0000,-0.0000,0.9962,-0.0871,0.0000,0.0871,0.9962,0.0000,-0.0000,-0.0000,1.0000),
      ["LeftFoot"] = CFrame.new(-0.0000,-0.0000,0.0000,1.0000,0.0000,0.0000,-0.0000,0.9962,-0.0872,-0.0000,0.0872,0.9962),
      ["RightUpperLeg"] = CFrame.new(-0.0000,-0.0000,-0.0000,0.9848,-0.1736,0.0000,0.1736,0.9848,-0.0000,-0.0000,0.0000,1.0000),
      ["RightLowerLeg"] = CFrame.new(0.0000,-0.0000,0.0000,1.0000,0.0000,0.0000,-0.0000,0.9962,0.0871,-0.0000,-0.0871,0.9962),
      ["RightFoot"] = CFrame.new(-0.0000,0.0000,0.0000,1.0000,-0.0000,0.0000,0.0000,0.9962,-0.0872,-0.0000,0.0872,0.9962),
    }},
    {Time = 0.100, Data = {
      ["HumanoidRootPart"] = CFrame.new(0.0000,0.0000,0.0000,1.0000,0.0000,0.0000,0.0000,1.0000,0.0000,0.0000,0.0000,1.0000),
      ["LowerTorso"] = CFrame.new(-0.0000,0.0000,-0.0000,1.0000,-0.0000,0.0000,0.0000,1.0000,-0.0000,-0.0000,0.0000,1.0000),
      ["UpperTorso"] = CFrame.new(-0.0000,-0.0986,0.0834,1.0000,0.0000,0.0000,-0.0000,0.9848,-0.1736,-0.0000,0.1736,0.9848),
      ["LeftUpperArm"] = CFrame.new(-0.0000,-0.6000,0.0000,-0.0000,1.0000,-0.0000,-0.9962,-0.0000,-0.0872,-0.0872,0.0000,0.9962),
      ["LeftLowerArm"] = CFrame.new(0.0000,0.0000,0.0000,0.9962,0.0000,-0.0872,-0.0298,0.9397,-0.3407,0.0819,0.3420,0.9361),
      ["LeftHand"] = CFrame.new(0.0000,0.0000,0.0000,1.0000,0.0000,0.0000,-0.0000,0.9962,-0.0872,-0.0000,0.0872,0.9962),
      ["Head"] = CFrame.new(-2.4963,-0.0877,-0.1447,0.7660,-0.0000,-0.6428,-0.0560,0.9962,-0.0667,0.6403,0.0871,0.7631),
      ["RightUpperArm"] = CFrame.new(-0.0000,0.1469,-0.1502,0.9962,-0.0872,-0.0000,0.0151,0.1730,-0.9848,0.0858,0.9811,0.1737),
      ["RightLowerArm"] = CFrame.new(0.0123,0.1409,0.0000,0.7071,0.7071,-0.0000,-0.7071,0.7071,-0.0000,0.0000,0.0000,1.0000),
      ["RightHand"] = CFrame.new(0.0000,0.0000,0.0000,0.9397,0.3420,0.0000,-0.3420,0.9397,-0.0000,-0.0000,0.0000,1.0000),
      ["LeftUpperLeg"] = CFrame.new(-0.0000,0.0000,-0.0000,0.9659,0.2588,0.0000,-0.2588,0.9659,-0.0000,-0.0000,-0.0000,1.0000),
      ["LeftLowerLeg"] = CFrame.new(-0.0000,-0.0000,-0.0000,0.9962,-0.0871,0.0000,0.0871,0.9962,0.0000,-0.0000,-0.0000,1.0000),
      ["LeftFoot"] = CFrame.new(-0.0000,-0.0000,0.0000,1.0000,0.0000,0.0000,-0.0000,0.9962,-0.0872,-0.0000,0.0872,0.9962),
      ["RightUpperLeg"] = CFrame.new(-0.0000,-0.0000,-0.0000,0.9848,-0.1736,0.0000,0.1736,0.9848,-0.0000,-0.0000,0.0000,1.0000),
      ["RightLowerLeg"] = CFrame.new(0.0000,-0.0000,0.0000,1.0000,0.0000,0.0000,-0.0000,0.9962,0.0871,-0.0000,-0.0871,0.9962),
      ["RightFoot"] = CFrame.new(-0.0000,0.0000,0.0000,1.0000,-0.0000,0.0000,0.0000,0.9962,-0.0872,-0.0000,0.0872,0.9962),
    }},
    {Time = 0.133, Data = {
      ["HumanoidRootPart"] = CFrame.new(0.0000,0.0000,0.0000,1.0000,0.0000,0.0000,0.0000,1.0000,0.0000,0.0000,0.0000,1.0000),
      ["LowerTorso"] = CFrame.new(-0.0000,0.0000,-0.0000,1.0000,-0.0000,0.0000,0.0000,1.0000,-0.0000,-0.0000,0.0000,1.0000),
      ["UpperTorso"] = CFrame.new(-0.0000,-0.0986,0.0834,1.0000,0.0000,0.0000,-0.0000,0.9848,-0.1736,-0.0000,0.1736,0.9848),
      ["LeftUpperArm"] = CFrame.new(-0.0000,-0.6000,0.0000,-0.0000,1.0000,-0.0000,-0.9962,-0.0000,-0.0872,-0.0872,0.0000,0.9962),
      ["LeftLowerArm"] = CFrame.new(0.0000,0.0000,0.0000,0.9962,0.0000,-0.0872,-0.0298,0.9397,-0.3407,0.0819,0.3420,0.9361),
      ["LeftHand"] = CFrame.new(0.0000,0.0000,0.0000,1.0000,0.0000,0.0000,-0.0000,0.9962,-0.0872,-0.0000,0.0872,0.9962),
      ["Head"] = CFrame.new(-2.4963,-0.0877,-0.1447,0.6428,-0.0000,0.7660,0.0667,0.9962,-0.0560,-0.7631,0.0871,0.6403),
      ["RightUpperArm"] = CFrame.new(-0.0000,0.1469,-0.1502,0.9962,-0.0872,-0.0000,0.0151,0.1730,-0.9848,0.0858,0.9811,0.1737),
      ["RightLowerArm"] = CFrame.new(0.0123,0.1409,0.0000,0.7071,0.7071,-0.0000,-0.7071,0.7071,-0.0000,0.0000,0.0000,1.0000),
      ["RightHand"] = CFrame.new(0.0000,0.0000,0.0000,0.9397,0.3420,0.0000,-0.3420,0.9397,-0.0000,-0.0000,0.0000,1.0000),
      ["LeftUpperLeg"] = CFrame.new(-0.0000,0.0000,-0.0000,0.9659,0.2588,0.0000,-0.2588,0.9659,-0.0000,-0.0000,-0.0000,1.0000),
      ["LeftLowerLeg"] = CFrame.new(-0.0000,-0.0000,-0.0000,0.9962,-0.0871,0.0000,0.0871,0.9962,0.0000,-0.0000,-0.0000,1.0000),
      ["LeftFoot"] = CFrame.new(-0.0000,-0.0000,0.0000,1.0000,0.0000,0.0000,-0.0000,0.9962,-0.0872,-0.0000,0.0872,0.9962),
      ["RightUpperLeg"] = CFrame.new(-0.0000,-0.0000,-0.0000,0.9848,-0.1736,0.0000,0.1736,0.9848,-0.0000,-0.0000,0.0000,1.0000),
      ["RightLowerLeg"] = CFrame.new(0.0000,-0.0000,0.0000,1.0000,0.0000,0.0000,-0.0000,0.9962,0.0871,-0.0000,-0.0871,0.9962),
      ["RightFoot"] = CFrame.new(-0.0000,0.0000,0.0000,1.0000,-0.0000,0.0000,0.0000,0.9962,-0.0872,-0.0000,0.0872,0.9962),
    }},
  }
}
