return {
  ["108020345823731"] = {
    {Time = 0.000, Data = {
      ["HumanoidRootPart"] = CFrame.new(0.0000,0.0000,0.0000,1.0000,0.0000,0.0000,0.0000,1.0000,0.0000,0.0000,0.0000,1.0000),
      ["LowerTorso"] = CFrame.new(0.0033,-0.1045,0.0000,0.9749,-0.0594,0.2148,0.0580,0.9982,0.0128,-0.2151,0.0000,0.9766),
      ["UpperTorso"] = CFrame.new(0.0000,0.0000,0.0000,0.9781,0.0966,-0.1842,-0.0992,0.9951,-0.0048,0.1828,0.0230,0.9829),
      ["LeftUpperArm"] = CFrame.new(0.0000,0.0000,0.0000,0.9960,0.0897,0.0034,-0.0879,0.9827,-0.1631,-0.0180,0.1621,0.9866),
      ["LeftLowerArm"] = CFrame.new(0.0000,-0.0003,0.0000,1.0000,-0.0000,0.0000,0.0000,0.9986,-0.0537,0.0000,0.0537,0.9986),
      ["LeftHand"] = CFrame.new(0.0000,-0.0003,0.0000,1.0000,-0.0000,0.0000,0.0000,0.9997,0.0263,-0.0000,-0.0263,0.9997),
      ["Head"] = CFrame.new(0.0000,0.0000,0.0000,0.9992,-0.0210,-0.0335,0.0243,0.9945,0.1023,0.0312,-0.1031,0.9942),
      ["RightUpperArm"] = CFrame.new(0.0000,0.0000,0.0000,0.7157,-0.2500,-0.6521,-0.0137,0.9285,-0.3710,0.6983,0.2744,0.6612),
      ["RightLowerArm"] = CFrame.new(0.0000,-0.0002,0.0000,1.0000,-0.0000,0.0000,0.0000,0.2890,-0.9573,0.0000,0.9573,0.2890),
      ["RightHand"] = CFrame.new(0.0324,-0.0849,-0.0208,0.9971,-0.0340,0.0686,0.0452,0.9845,-0.1693,-0.0618,0.1719,0.9832),
      ["LeftUpperLeg"] = CFrame.new(0.0000,0.0000,0.0000,0.9817,-0.0307,-0.1879,0.0792,0.9634,0.2562,0.1731,-0.2664,0.9482),
      ["LeftLowerLeg"] = CFrame.new(0.0000,-0.0001,0.0000,1.0000,-0.0000,0.0000,0.0000,0.9834,0.1814,-0.0000,-0.1814,0.9834),
      ["LeftFoot"] = CFrame.new(-0.0049,-0.0218,-0.0531,0.9911,0.1332,-0.0000,-0.1273,0.9467,-0.2959,-0.0394,0.2933,0.9552),
      ["RightUpperLeg"] = CFrame.new(0.0000,0.0000,0.0000,0.9498,0.0872,-0.3005,-0.1842,0.9322,-0.3117,0.2529,0.3514,0.9014),
      ["RightLowerLeg"] = CFrame.new(0.0000,-0.0003,0.0000,1.0000,-0.0000,0.0000,0.0000,0.9895,0.1447,-0.0000,-0.1447,0.9895),
      ["RightFoot"] = CFrame.new(0.0000,-0.0001,0.0000,0.9933,-0.1154,-0.0110,0.1159,0.9845,0.1319,-0.0044,-0.1323,0.9912),
    }},
    {Time = 0.033, Data = {
      ["HumanoidRootPart"] = CFrame.new(0.0000,0.0000,0.0000,1.0000,0.0000,0.0000,0.0000,1.0000,0.0000,0.0000,0.0000,1.0000),
      ["LowerTorso"] = CFrame.new(0.0034,-0.1092,0.0001,0.9765,-0.0569,0.2078,0.0556,0.9984,0.0118,-0.2081,-0.0000,0.9781),
      ["UpperTorso"] = CFrame.new(0.0000,0.0000,0.0000,0.9797,0.0929,-0.1779,-0.0953,0.9954,-0.0046,0.1767,0.0215,0.9840),
      ["LeftUpperArm"] = CFrame.new(0.0000,0.0000,0.0000,0.9957,0.0930,0.0021,-0.0915,0.9834,-0.1565,-0.0166,0.1556,0.9877),
      ["LeftLowerArm"] = CFrame.new(0.0000,-0.0003,0.0000,1.0000,-0.0000,0.0000,0.0000,0.9986,-0.0537,0.0000,0.0537,0.9986),
      ["LeftHand"] = CFrame.new(0.0000,-0.0003,0.0000,1.0000,-0.0000,0.0000,0.0000,0.9997,0.0263,-0.0000,-0.0263,0.9997),
      ["Head"] = CFrame.new(0.0000,0.0000,0.0000,0.9992,-0.0206,-0.0330,0.0238,0.9946,0.1012,0.0308,-0.1019,0.9943),
      ["RightUpperArm"] = CFrame.new(0.0000,0.0000,0.0000,0.7168,-0.2498,-0.6510,-0.0138,0.9283,-0.3715,0.6971,0.2753,0.6620),
      ["RightLowerArm"] = CFrame.new(0.0000,-0.0002,0.0000,1.0000,-0.0000,0.0000,0.0000,0.2882,-0.9576,0.0000,0.9576,0.2882),
      ["RightHand"] = CFrame.new(0.0324,-0.0849,-0.0208,0.9971,-0.0340,0.0686,0.0452,0.9845,-0.1693,-0.0618,0.1719,0.9832),
      ["LeftUpperLeg"] = CFrame.new(0.0000,0.0000,0.0000,0.9832,-0.0365,-0.1786,0.0637,0.9869,0.1486,0.1708,-0.1574,0.9726),
      ["LeftLowerLeg"] = CFrame.new(0.0000,-0.0001,0.0000,1.0000,-0.0000,0.0000,0.0000,0.8922,0.4516,-0.0000,-0.4516,0.8922),
      ["LeftFoot"] = CFrame.new(-0.0049,-0.0218,-0.0531,0.9936,0.1127,0.0052,-0.1076,0.9602,-0.2577,-0.0340,0.2555,0.9662),
      ["RightUpperLeg"] = CFrame.new(0.0000,0.0000,0.0000,0.9519,0.0764,-0.2966,-0.1832,0.9181,-0.3516,0.2454,0.3890,0.8879),
      ["RightLowerLeg"] = CFrame.new(0.0000,-0.0003,0.0000,1.0000,-0.0000,0.0000,0.0000,0.9731,0.2303,-0.0000,-0.2303,0.9731),
      ["RightFoot"] = CFrame.new(0.0000,-0.0001,0.0000,0.9931,-0.1166,-0.0128,0.1172,0.9844,0.1312,-0.0027,-0.1318,0.9913),
    }},
    {Time = 0.067, Data = {
      ["HumanoidRootPart"] = CFrame.new(0.0000,0.0000,0.0000,1.0000,0.0000,0.0000,0.0000,1.0000,0.0000,0.0000,0.0000,1.0000),
      ["LowerTorso"] = CFrame.new(0.0035,-0.1152,0.0004,0.9809,-0.0502,0.1881,0.0493,0.9987,0.0096,-0.1884,-0.0001,0.9821),
      ["UpperTorso"] = CFrame.new(0.0000,0.0000,0.0000,0.9836,0.0829,-0.1604,-0.0847,0.9964,-0.0041,0.1595,0.0176,0.9870),
      ["LeftUpperArm"] = CFrame.new(0.0000,0.0000,0.0000,0.9949,0.1004,-0.0007,-0.0996,0.9855,-0.1376,-0.0131,0.1370,0.9905),
      ["LeftLowerArm"] = CFrame.new(0.0000,-0.0003,0.0000,1.0000,-0.0000,0.0000,0.0000,0.9986,-0.0537,0.0000,0.0537,0.9986),
      ["LeftHand"] = CFrame.new(0.0000,-0.0003,0.0000,1.0000,-0.0000,0.0000,0.0000,0.9997,0.0263,-0.0000,-0.0263,0.9997),
      ["Head"] = CFrame.new(0.0000,0.0000,0.0000,0.9993,-0.0194,-0.0318,0.0224,0.9949,0.0981,0.0297,-0.0987,0.9947),
      ["RightUpperArm"] = CFrame.new(0.0000,0.0000,0.0000,0.7195,-0.2491,-0.6483,-0.0148,0.9278,-0.3729,0.6943,0.2779,0.6638),
      ["RightLowerArm"] = CFrame.new(0.0000,-0.0002,0.0000,1.0000,-0.0000,0.0000,0.0000,0.3026,-0.9531,0.0000,0.9531,0.3026),
      ["RightHand"] = CFrame.new(0.0324,-0.0849,-0.0208,0.9971,-0.0340,0.0686,0.0452,0.9845,-0.1693,-0.0618,0.1719,0.9832),
      ["LeftUpperLeg"] = CFrame.new(0.0000,0.0000,0.0000,0.9862,-0.0180,-0.1646,0.0314,0.9964,0.0789,0.1626,-0.0830,0.9832),
      ["LeftLowerLeg"] = CFrame.new(0.0000,-0.0001,0.0000,1.0000,-0.0000,0.0000,0.0000,0.7508,0.6605,-0.0000,-0.6605,0.7508),
      ["LeftFoot"] = CFrame.new(-0.0049,-0.0218,-0.0531,0.9975,0.0697,0.0126,-0.0663,0.9819,-0.1775,-0.0248,0.1762,0.9840),
      ["RightUpperLeg"] = CFrame.new(0.0000,0.0000,0.0000,0.9568,0.0700,-0.2821,-0.1827,0.8998,-0.3963,0.2261,0.4307,0.8737),
      ["RightLowerLeg"] = CFrame.new(0.0000,-0.0003,0.0000,1.0000,-0.0000,0.0000,0.0000,0.9377,0.3473,-0.0000,-0.3473,0.9377),
      ["RightFoot"] = CFrame.new(0.0000,-0.0001,0.0000,0.9928,-0.1190,-0.0163,0.1201,0.9845,0.1276,0.0009,-0.1287,0.9917),
    }},
    {Time = 0.100, Data = {
      ["HumanoidRootPart"] = CFrame.new(0.0000,0.0000,0.0000,1.0000,0.0000,0.0000,0.0000,1.0000,0.0000,0.0000,0.0000,1.0000),
      ["LowerTorso"] = CFrame.new(0.0034,-0.1110,0.0007,0.9867,-0.0405,0.1573,0.0400,0.9992,0.0066,-0.1574,-0.0002,0.9875),
      ["UpperTorso"] = CFrame.new(0.0000,0.0000,0.0000,0.9887,0.0678,-0.1334,-0.0689,0.9976,-0.0033,0.1329,0.0124,0.9911),
      ["LeftUpperArm"] = CFrame.new(0.0000,0.0000,0.0000,0.9944,0.1052,-0.0037,-0.1050,0.9887,-0.1073,-0.0076,0.1071,0.9942),
      ["LeftLowerArm"] = CFrame.new(0.0000,-0.0003,0.0000,1.0000,-0.0000,0.0000,0.0000,0.9986,-0.0537,0.0000,0.0537,0.9986),
      ["LeftHand"] = CFrame.new(0.0000,-0.0003,0.0000,1.0000,-0.0000,0.0000,0.0000,0.9997,0.0263,-0.0000,-0.0263,0.9997),
      ["Head"] = CFrame.new(0.0000,0.0000,0.0000,0.9994,-0.0174,-0.0299,0.0202,0.9954,0.0933,0.0281,-0.0938,0.9952),
      ["RightUpperArm"] = CFrame.new(0.0000,0.0000,0.0000,0.7223,-0.2485,-0.6454,-0.0170,0.9265,-0.3758,0.6913,0.2824,0.6650),
      ["RightLowerArm"] = CFrame.new(0.0000,-0.0002,0.0000,1.0000,-0.0000,0.0000,0.0000,0.3538,-0.9353,0.0000,0.9353,0.3538),
      ["RightHand"] = CFrame.new(0.0324,-0.0849,-0.0208,0.9971,-0.0340,0.0686,0.0452,0.9845,-0.1693,-0.0618,0.1719,0.9832),
      ["LeftUpperLeg"] = CFrame.new(0.0000,0.0000,0.0000,0.9889,0.0206,-0.1473,-0.0175,0.9996,0.0220,0.1477,-0.0192,0.9888),
      ["LeftLowerLeg"] = CFrame.new(0.0000,-0.0001,0.0000,1.0000,-0.0000,0.0000,0.0000,0.6452,0.7640,-0.0000,-0.7640,0.6452),
      ["LeftFoot"] = CFrame.new(-0.0049,-0.0218,-0.0531,0.9998,0.0136,0.0176,-0.0123,0.9973,-0.0722,-0.0185,0.0720,0.9972),
      ["RightUpperLeg"] = CFrame.new(0.0000,0.0000,0.0000,0.9647,0.0753,-0.2524,-0.1750,0.8994,-0.4006,0.1968,0.4306,0.8808),
      ["RightLowerLeg"] = CFrame.new(0.0000,-0.0003,0.0000,1.0000,-0.0000,0.0000,0.0000,0.9284,0.3716,-0.0000,-0.3716,0.9284),
      ["RightFoot"] = CFrame.new(0.0000,-0.0001,0.0000,0.9923,-0.1222,-0.0206,0.1238,0.9851,0.1192,0.0057,-0.1208,0.9927),
    }},
    {Time = 0.133, Data = {
      ["HumanoidRootPart"] = CFrame.new(0.0000,0.0000,0.0000,1.0000,0.0000,0.0000,0.0000,1.0000,0.0000,0.0000,0.0000,1.0000),
      ["LowerTorso"] = CFrame.new(0.0022,-0.0811,0.0010,0.9927,-0.0287,0.1169,0.0284,0.9996,0.0036,-0.1169,-0.0002,0.9931),
      ["UpperTorso"] = CFrame.new(0.0000,0.0000,0.0000,0.9939,0.0489,-0.0984,-0.0494,0.9988,-0.0023,0.0982,0.0071,0.9951),
      ["LeftUpperArm"] = CFrame.new(0.0000,0.0000,0.0000,0.9944,0.1057,-0.0060,-0.1058,0.9921,-0.0679,-0.0012,0.0682,0.9977),
      ["LeftLowerArm"] = CFrame.new(0.0000,-0.0003,0.0000,1.0000,-0.0000,0.0000,0.0000,0.9986,-0.0537,0.0000,0.0537,0.9986),
      ["LeftHand"] = CFrame.new(0.0000,-0.0003,0.0000,1.0000,-0.0000,0.0000,0.0000,0.9997,0.0263,-0.0000,-0.0263,0.9997),
      ["Head"] = CFrame.new(0.0000,0.0000,0.0000,0.9995,-0.0149,-0.0274,0.0173,0.9960,0.0871,0.0260,-0.0875,0.9958),
      ["RightUpperArm"] = CFrame.new(0.0000,0.0000,0.0000,0.7253,-0.2492,-0.6418,-0.0221,0.9233,-0.3835,0.6881,0.2923,0.6641),
      ["RightLowerArm"] = CFrame.new(0.0000,-0.0002,0.0000,1.0000,-0.0000,0.0000,0.0000,0.4173,-0.9088,0.0000,0.9088,0.4173),
      ["RightHand"] = CFrame.new(0.0324,-0.0849,-0.0208,0.9971,-0.0340,0.0686,0.0452,0.9845,-0.1693,-0.0618,0.1719,0.9832),
      ["LeftUpperLeg"] = CFrame.new(0.0000,0.0000,0.0000,0.9902,0.0539,-0.1286,-0.0633,0.9955,-0.0705,0.1243,0.0780,0.9892),
      ["LeftLowerLeg"] = CFrame.new(0.0000,-0.0001,0.0000,1.0000,-0.0000,0.0000,0.0000,0.5847,0.8112,-0.0000,-0.8112,0.5847),
      ["LeftFoot"] = CFrame.new(-0.0049,-0.0218,-0.0531,0.9988,-0.0454,0.0175,0.0447,0.9982,0.0389,-0.0192,-0.0380,0.9991),
      ["RightUpperLeg"] = CFrame.new(0.0000,0.0000,0.0000,0.9733,0.1033,-0.2047,-0.1665,0.9323,-0.3211,0.1577,0.3466,0.9247),
      ["RightLowerLeg"] = CFrame.new(0.0000,-0.0003,0.0000,1.0000,-0.0000,0.0000,0.0000,0.9558,0.2942,-0.0000,-0.2942,0.9558),
      ["RightFoot"] = CFrame.new(0.0000,-0.0001,0.0000,0.9917,-0.1258,-0.0247,0.1277,0.9863,0.1040,0.0112,-0.1063,0.9943),
    }},
    {Time = 0.167, Data = {
      ["HumanoidRootPart"] = CFrame.new(0.0000,0.0000,0.0000,1.0000,0.0000,0.0000,0.0000,1.0000,0.0000,0.0000,0.0000,1.0000),
      ["LowerTorso"] = CFrame.new(0.0003,-0.0401,0.0013,0.9975,-0.0158,0.0685,0.0158,0.9999,0.0012,-0.0685,-0.0001,0.9976),
      ["UpperTorso"] = CFrame.new(0.0000,0.0000,0.0000,0.9980,0.0275,-0.0572,-0.0277,0.9996,-0.0012,0.0572,0.0028,0.9984),
      ["LeftUpperArm"] = CFrame.new(0.0000,0.0000,0.0000,0.9947,0.1022,-0.0069,-0.1023,0.9945,-0.0243,0.0044,0.0248,0.9997),
      ["LeftLowerArm"] = CFrame.new(0.0000,-0.0003,0.0000,1.0000,-0.0000,0.0000,0.0000,0.9986,-0.0537,0.0000,0.0537,0.9986),
      ["LeftHand"] = CFrame.new(0.0000,-0.0003,0.0000,1.0000,-0.0000,0.0000,0.0000,0.9997,0.0263,-0.0000,-0.0263,0.9997),
      ["Head"] = CFrame.new(0.0000,0.0000,0.0000,0.9996,-0.0119,-0.0246,0.0138,0.9967,0.0799,0.0235,-0.0803,0.9965),
      ["RightUpperArm"] = CFrame.new(0.0000,0.0000,0.0000,0.7292,-0.2548,-0.6351,-0.0259,0.9172,-0.3977,0.6838,0.3064,0.6622),
      ["RightLowerArm"] = CFrame.new(0.0000,-0.0002,0.0000,1.0000,-0.0000,0.0000,0.0000,0.4683,-0.8836,0.0000,0.8836,0.4683),
      ["RightHand"] = CFrame.new(0.0324,-0.0849,-0.0208,0.9971,-0.0340,0.0686,0.0452,0.9845,-0.1693,-0.0618,0.1719,0.9832),
      ["LeftUpperLeg"] = CFrame.new(0.0000,0.0000,0.0000,0.9913,0.0708,-0.1107,-0.0944,0.9697,-0.2254,0.0914,0.2339,0.9680),
      ["LeftLowerLeg"] = CFrame.new(0.0000,-0.0001,0.0000,1.0000,-0.0000,0.0000,0.0000,0.5245,0.8514,-0.0000,-0.8514,0.5245),
      ["LeftFoot"] = CFrame.new(-0.0049,-0.0218,-0.0531,0.9953,-0.0964,0.0121,0.0939,0.9864,0.1351,-0.0249,-0.1333,0.9908),
      ["RightUpperLeg"] = CFrame.new(0.0000,0.0000,0.0000,0.9813,0.1355,-0.1364,-0.1560,0.9759,-0.1527,0.1124,0.1712,0.9788),
      ["RightLowerLeg"] = CFrame.new(0.0000,-0.0003,0.0000,1.0000,-0.0000,0.0000,0.0000,0.9989,0.0459,-0.0000,-0.0459,0.9989),
      ["RightFoot"] = CFrame.new(0.0000,-0.0001,0.0000,0.9912,-0.1295,-0.0275,0.1313,0.9881,0.0801,0.0168,-0.0830,0.9964),
    }},
    {Time = 0.200, Data = {
      ["HumanoidRootPart"] = CFrame.new(0.0000,0.0000,0.0000,1.0000,0.0000,0.0000,0.0000,1.0000,0.0000,0.0000,0.0000,1.0000),
      ["LowerTorso"] = CFrame.new(-0.0017,-0.0148,0.0016,0.9999,-0.0030,0.0142,0.0030,1.0000,0.0001,-0.0142,-0.0000,0.9999),
      ["UpperTorso"] = CFrame.new(0.0000,0.0000,0.0000,0.9999,0.0054,-0.0117,-0.0054,1.0000,-0.0002,0.0117,0.0003,0.9999),
      ["LeftUpperArm"] = CFrame.new(0.0000,0.0000,0.0000,0.9947,0.1026,-0.0057,-0.1025,0.9945,0.0191,0.0076,-0.0184,0.9998),
      ["LeftLowerArm"] = CFrame.new(0.0000,-0.0003,0.0000,1.0000,-0.0000,0.0000,0.0000,0.9986,-0.0537,0.0000,0.0537,0.9986),
      ["LeftHand"] = CFrame.new(0.0000,-0.0003,0.0000,1.0000,-0.0000,0.0000,0.0000,0.9997,0.0263,-0.0000,-0.0263,0.9997),
      ["Head"] = CFrame.new(0.0000,0.0000,0.0000,0.9997,-0.0085,-0.0215,0.0100,0.9973,0.0721,0.0208,-0.0723,0.9972),
      ["RightUpperArm"] = CFrame.new(0.0000,0.0000,0.0000,0.7365,-0.2631,-0.6232,-0.0269,0.9092,-0.4156,0.6759,0.3228,0.6625),
      ["RightLowerArm"] = CFrame.new(0.0000,-0.0002,0.0000,1.0000,-0.0000,0.0000,0.0000,0.5066,-0.8622,0.0000,0.8622,0.5066),
      ["RightHand"] = CFrame.new(0.0324,-0.0849,-0.0208,0.9971,-0.0340,0.0686,0.0452,0.9845,-0.1693,-0.0618,0.1719,0.9832),
      ["LeftUpperLeg"] = CFrame.new(0.0000,0.0000,0.0000,0.9932,0.0750,-0.0886,-0.1058,0.8996,-0.4238,0.0479,0.4303,0.9014),
      ["LeftLowerLeg"] = CFrame.new(0.0000,-0.0001,0.0000,1.0000,-0.0000,0.0000,0.0000,0.4644,0.8856,-0.0000,-0.8856,0.4644),
      ["LeftFoot"] = CFrame.new(-0.0049,-0.0218,-0.0531,0.9931,-0.1173,0.0080,0.1141,0.9780,0.1746,-0.0283,-0.1725,0.9846),
      ["RightUpperLeg"] = CFrame.new(0.0000,0.0000,0.0000,0.9877,0.1375,-0.0743,-0.1439,0.9855,-0.0899,0.0609,0.0994,0.9932),
      ["RightLowerLeg"] = CFrame.new(0.0000,-0.0003,0.0000,1.0000,-0.0000,0.0000,0.0000,0.9989,0.0459,-0.0000,-0.0459,0.9989),
      ["RightFoot"] = CFrame.new(0.0000,-0.0001,0.0000,0.9909,-0.1322,-0.0269,0.1333,0.9903,0.0404,0.0212,-0.0437,0.9988),
    }},
    {Time = 0.233, Data = {
      ["HumanoidRootPart"] = CFrame.new(0.0000,0.0000,0.0000,1.0000,0.0000,0.0000,0.0000,1.0000,0.0000,0.0000,0.0000,1.0000),
      ["LowerTorso"] = CFrame.new(-0.0034,-0.0156,0.0019,0.9990,0.0086,-0.0439,-0.0086,1.0000,0.0013,0.0439,-0.0009,0.9990),
      ["UpperTorso"] = CFrame.new(0.0000,0.0000,0.0000,0.9992,-0.0158,0.0360,0.0158,0.9999,0.0008,-0.0360,-0.0002,0.9994),
      ["LeftUpperArm"] = CFrame.new(0.0000,0.0000,0.0000,0.9943,0.1063,-0.0011,-0.1061,0.9925,0.0608,0.0075,-0.0603,0.9981),
      ["LeftLowerArm"] = CFrame.new(0.0000,-0.0003,0.0000,1.0000,-0.0000,0.0000,0.0000,0.9986,-0.0537,0.0000,0.0537,0.9986),
      ["LeftHand"] = CFrame.new(0.0000,-0.0003,0.0000,1.0000,-0.0000,0.0000,0.0000,0.9997,0.0263,-0.0000,-0.0263,0.9997),
      ["Head"] = CFrame.new(0.0000,0.0000,0.0000,0.9998,-0.0047,-0.0183,0.0059,0.9979,0.0640,0.0180,-0.0641,0.9978),
      ["RightUpperArm"] = CFrame.new(0.0000,0.0000,0.0000,0.7452,-0.2679,-0.6107,-0.0284,0.9022,-0.4304,0.6662,0.3381,0.6647),
      ["RightLowerArm"] = CFrame.new(0.0000,-0.0002,0.0000,1.0000,-0.0000,0.0000,0.0000,0.5436,-0.8393,0.0000,0.8393,0.5436),
      ["RightHand"] = CFrame.new(0.0324,-0.0849,-0.0208,0.9971,-0.0340,0.0686,0.0452,0.9845,-0.1693,-0.0618,0.1719,0.9832),
      ["LeftUpperLeg"] = CFrame.new(0.0000,0.0000,0.0000,0.9955,0.0814,-0.0488,-0.0942,0.7851,-0.6122,-0.0115,0.6140,0.7892),
      ["LeftLowerLeg"] = CFrame.new(0.0000,-0.0001,0.0000,1.0000,-0.0000,0.0000,0.0000,0.4836,0.8753,-0.0000,-0.8753,0.4836),
      ["LeftFoot"] = CFrame.new(-0.0049,-0.0218,-0.0531,0.9937,-0.1116,0.0067,0.1093,0.9822,0.1529,-0.0237,-0.1512,0.9882),
      ["RightUpperLeg"] = CFrame.new(0.0000,0.0000,0.0000,0.9906,0.1356,-0.0172,-0.1367,0.9852,-0.1034,0.0029,0.1048,0.9945),
      ["RightLowerLeg"] = CFrame.new(0.0000,-0.0003,0.0000,1.0000,-0.0000,0.0000,0.0000,0.9887,0.1498,-0.0000,-0.1498,0.9887),
      ["RightFoot"] = CFrame.new(0.0000,-0.0001,0.0000,0.9907,-0.1343,-0.0221,0.1340,0.9908,-0.0170,0.0242,0.0138,0.9996),
    }},
    {Time = 0.267, Data = {
      ["HumanoidRootPart"] = CFrame.new(0.0000,0.0000,0.0000,1.0000,0.0000,0.0000,0.0000,1.0000,0.0000,0.0000,0.0000,1.0000),
      ["LowerTorso"] = CFrame.new(-0.0047,-0.0243,0.0022,0.9945,0.0191,-0.1029,-0.0185,0.9998,0.0061,0.1030,-0.0042,0.9947),
      ["UpperTorso"] = CFrame.new(0.0000,0.0000,0.0000,0.9958,-0.0355,0.0840,0.0355,0.9994,0.0024,-0.0840,0.0006,0.9965),
      ["LeftUpperArm"] = CFrame.new(0.0000,0.0000,0.0000,0.9937,0.1116,0.0076,-0.1118,0.9887,0.0998,0.0036,-0.1000,0.9950),
      ["LeftLowerArm"] = CFrame.new(0.0000,-0.0003,0.0000,1.0000,-0.0000,0.0000,0.0000,0.9986,-0.0537,0.0000,0.0537,0.9986),
      ["LeftHand"] = CFrame.new(0.0000,-0.0003,0.0000,1.0000,-0.0000,0.0000,0.0000,0.9997,0.0263,-0.0000,-0.0263,0.9997),
      ["Head"] = CFrame.new(0.0000,0.0000,0.0000,0.9999,-0.0008,-0.0152,0.0017,0.9984,0.0558,0.0151,-0.0559,0.9983),
      ["RightUpperArm"] = CFrame.new(0.0000,0.0000,0.0000,0.7528,-0.2702,-0.6002,-0.0305,0.8966,-0.4418,0.6575,0.3509,0.6667),
      ["RightLowerArm"] = CFrame.new(0.0000,-0.0002,0.0000,1.0000,-0.0000,0.0000,0.0000,0.5750,-0.8182,0.0000,0.8182,0.5750),
      ["RightHand"] = CFrame.new(0.0324,-0.0849,-0.0208,0.9971,-0.0340,0.0686,0.0452,0.9845,-0.1693,-0.0618,0.1719,0.9832),
      ["LeftUpperLeg"] = CFrame.new(0.0000,0.0000,0.0000,0.9955,0.0925,0.0200,-0.0537,0.7259,-0.6857,-0.0779,0.6815,0.7276),
      ["LeftLowerLeg"] = CFrame.new(0.0000,-0.0001,0.0000,1.0000,-0.0000,0.0000,0.0000,0.6116,0.7912,-0.0000,-0.7912,0.6116),
      ["LeftFoot"] = CFrame.new(-0.0049,-0.0218,-0.0531,0.9963,-0.0862,0.0054,0.0854,0.9921,0.0921,-0.0133,-0.0913,0.9957),
      ["RightUpperLeg"] = CFrame.new(0.0000,0.0000,0.0000,0.9904,0.1321,0.0415,-0.1269,0.9859,-0.1088,-0.0553,0.1025,0.9932),
      ["RightLowerLeg"] = CFrame.new(0.0000,-0.0003,0.0000,1.0000,-0.0000,0.0000,0.0000,0.9552,0.2960,-0.0000,-0.2960,0.9552),
      ["RightFoot"] = CFrame.new(0.0000,-0.0001,0.0000,0.9906,-0.1358,-0.0138,0.1340,0.9869,-0.0901,0.0258,0.0874,0.9958),
    }},
    {Time = 0.300, Data = {
      ["HumanoidRootPart"] = CFrame.new(0.0000,0.0000,0.0000,1.0000,0.0000,0.0000,0.0000,1.0000,0.0000,0.0000,0.0000,1.0000),
      ["LowerTorso"] = CFrame.new(-0.0056,-0.0381,0.0024,0.9867,0.0283,-0.1599,-0.0265,0.9996,0.0136,0.1602,-0.0092,0.9870),
      ["UpperTorso"] = CFrame.new(0.0000,0.0000,0.0000,0.9901,-0.0531,0.1298,0.0529,0.9986,0.0046,-0.1299,0.0023,0.9915),
      ["LeftUpperArm"] = CFrame.new(0.0000,0.0000,0.0000,0.9931,0.1156,0.0192,-0.1172,0.9839,0.1352,-0.0033,-0.1365,0.9906),
      ["LeftLowerArm"] = CFrame.new(0.0000,-0.0003,0.0000,1.0000,-0.0000,0.0000,0.0000,0.9986,-0.0537,0.0000,0.0537,0.9986),
      ["LeftHand"] = CFrame.new(0.0000,-0.0003,0.0000,1.0000,-0.0000,0.0000,0.0000,0.9997,0.0263,-0.0000,-0.0263,0.9997),
      ["Head"] = CFrame.new(0.0000,0.0000,0.0000,0.9999,0.0032,-0.0122,-0.0026,0.9988,0.0481,0.0123,-0.0481,0.9988),
      ["RightUpperArm"] = CFrame.new(0.0000,0.0000,0.0000,0.7588,-0.2691,-0.5931,-0.0352,0.8924,-0.4498,0.6504,0.3622,0.6677),
      ["RightLowerArm"] = CFrame.new(0.0000,-0.0002,0.0000,1.0000,-0.0000,0.0000,0.0000,0.5966,-0.8026,0.0000,0.8026,0.5966),
      ["RightHand"] = CFrame.new(0.0324,-0.0849,-0.0208,0.9971,-0.0340,0.0686,0.0452,0.9845,-0.1693,-0.0618,0.1719,0.9832),
      ["LeftUpperLeg"] = CFrame.new(0.0000,0.0000,0.0000,0.9881,0.0971,0.1189,0.0102,0.7314,-0.6819,-0.1532,0.6750,0.7217),
      ["LeftLowerLeg"] = CFrame.new(0.0000,-0.0001,0.0000,1.0000,-0.0000,0.0000,0.0000,0.8371,0.5470,-0.0000,-0.5470,0.8371),
      ["LeftFoot"] = CFrame.new(-0.0049,-0.0218,-0.0531,0.9989,-0.0472,0.0028,0.0471,0.9987,0.0215,-0.0038,-0.0214,0.9998),
      ["RightUpperLeg"] = CFrame.new(0.0000,0.0000,0.0000,0.9865,0.1269,0.1032,-0.1186,0.9895,-0.0829,-0.1126,0.0696,0.9912),
      ["RightLowerLeg"] = CFrame.new(0.0000,-0.0003,0.0000,1.0000,-0.0000,0.0000,0.0000,0.9286,0.3712,-0.0000,-0.3712,0.9286),
      ["RightFoot"] = CFrame.new(0.0000,-0.0001,0.0000,0.9906,-0.1364,-0.0027,0.1339,0.9756,-0.1738,0.0264,0.1719,0.9848),
    }},
    {Time = 0.333, Data = {
      ["HumanoidRootPart"] = CFrame.new(0.0000,0.0000,0.0000,1.0000,0.0000,0.0000,0.0000,1.0000,0.0000,0.0000,0.0000,1.0000),
      ["LowerTorso"] = CFrame.new(-0.0062,-0.0550,0.0026,0.9766,0.0365,-0.2119,-0.0324,0.9992,0.0224,0.2125,-0.0150,0.9770),
      ["UpperTorso"] = CFrame.new(0.0000,0.0000,0.0000,0.9828,-0.0681,0.1714,0.0679,0.9977,0.0073,-0.1715,0.0045,0.9852),
      ["LeftUpperArm"] = CFrame.new(0.0000,0.0000,0.0000,0.9924,0.1185,0.0323,-0.1223,0.9785,0.1660,-0.0120,-0.1687,0.9856),
      ["LeftLowerArm"] = CFrame.new(0.0000,-0.0003,0.0000,1.0000,-0.0000,0.0000,0.0000,0.9986,-0.0537,0.0000,0.0537,0.9986),
      ["LeftHand"] = CFrame.new(0.0000,-0.0003,0.0000,1.0000,-0.0000,0.0000,0.0000,0.9997,0.0263,-0.0000,-0.0263,0.9997),
      ["Head"] = CFrame.new(0.0000,0.0000,0.0000,0.9999,0.0072,-0.0095,-0.0068,0.9991,0.0411,0.0098,-0.0410,0.9991),
      ["RightUpperArm"] = CFrame.new(0.0000,0.0000,0.0000,0.7632,-0.2658,-0.5890,-0.0408,0.8899,-0.4543,0.6449,0.3708,0.6683),
      ["RightLowerArm"] = CFrame.new(0.0000,-0.0002,0.0000,1.0000,-0.0000,0.0000,0.0000,0.6046,-0.7965,0.0000,0.7965,0.6046),
      ["RightHand"] = CFrame.new(0.0324,-0.0849,-0.0208,0.9971,-0.0340,0.0686,0.0452,0.9845,-0.1693,-0.0618,0.1719,0.9832),
      ["LeftUpperLeg"] = CFrame.new(0.0000,0.0000,0.0000,0.9702,0.0595,0.2350,0.0835,0.8281,-0.5544,-0.2276,0.5574,0.7984),
      ["LeftLowerLeg"] = CFrame.new(0.0000,-0.0001,0.0000,1.0000,-0.0000,0.0000,0.0000,0.9787,0.2054,-0.0000,-0.2054,0.9787),
      ["LeftFoot"] = CFrame.new(-0.0049,-0.0218,-0.0531,1.0000,-0.0000,0.0000,0.0000,0.9998,-0.0216,-0.0000,0.0216,0.9998),
      ["RightUpperLeg"] = CFrame.new(0.0000,0.0000,0.0000,0.9800,0.1148,0.1625,-0.1108,0.9933,-0.0339,-0.1653,0.0152,0.9861),
      ["RightLowerLeg"] = CFrame.new(0.0000,-0.0003,0.0000,1.0000,-0.0000,0.0000,0.0000,0.9161,0.4009,-0.0000,-0.4009,0.9161),
      ["RightFoot"] = CFrame.new(0.0000,-0.0001,0.0000,0.9907,-0.1360,0.0098,0.1338,0.9561,-0.2605,0.0261,0.2594,0.9654),
    }},
    {Time = 0.367, Data = {
      ["HumanoidRootPart"] = CFrame.new(0.0000,0.0000,0.0000,1.0000,0.0000,0.0000,0.0000,1.0000,0.0000,0.0000,0.0000,1.0000),
      ["LowerTorso"] = CFrame.new(-0.0066,-0.0728,0.0027,0.9657,0.0432,-0.2559,-0.0364,0.9988,0.0312,0.2569,-0.0208,0.9662),
      ["UpperTorso"] = CFrame.new(0.0000,0.0000,0.0000,0.9752,-0.0802,0.2065,0.0799,0.9968,0.0099,-0.2066,0.0069,0.9784),
      ["LeftUpperArm"] = CFrame.new(0.0000,0.0000,0.0000,0.9917,0.1205,0.0451,-0.1270,0.9733,0.1912,-0.0209,-0.1954,0.9805),
      ["LeftLowerArm"] = CFrame.new(0.0000,-0.0003,0.0000,1.0000,-0.0000,0.0000,0.0000,0.9986,-0.0537,0.0000,0.0537,0.9986),
      ["LeftHand"] = CFrame.new(0.0000,-0.0003,0.0000,1.0000,-0.0000,0.0000,0.0000,0.9997,0.0263,-0.0000,-0.0263,0.9997),
      ["Head"] = CFrame.new(0.0000,0.0000,0.0000,0.9999,0.0110,-0.0073,-0.0107,0.9993,0.0351,0.0077,-0.0350,0.9994),
      ["RightUpperArm"] = CFrame.new(0.0000,0.0000,0.0000,0.7662,-0.2612,-0.5871,-0.0466,0.8887,-0.4561,0.6409,0.3768,0.6688),
      ["RightLowerArm"] = CFrame.new(0.0000,-0.0002,0.0000,1.0000,-0.0000,0.0000,0.0000,0.6039,-0.7971,0.0000,0.7971,0.6039),
      ["RightHand"] = CFrame.new(0.0324,-0.0849,-0.0208,0.9971,-0.0340,0.0686,0.0452,0.9845,-0.1693,-0.0618,0.1719,0.9832),
      ["LeftUpperLeg"] = CFrame.new(0.0000,0.0000,0.0000,0.9454,0.0095,0.3257,0.1520,0.8712,-0.4668,-0.2882,0.4909,0.8222),
      ["LeftLowerLeg"] = CFrame.new(0.0000,-0.0001,0.0000,1.0000,-0.0000,0.0000,0.0000,0.9986,0.0527,-0.0000,-0.0527,0.9986),
      ["LeftFoot"] = CFrame.new(-0.0049,-0.0218,-0.0531,0.9988,0.0466,0.0137,-0.0472,0.9980,0.0428,-0.0116,-0.0434,0.9990),
      ["RightUpperLeg"] = CFrame.new(0.0000,0.0000,0.0000,0.9722,0.0964,0.2134,-0.1035,0.9944,0.0224,-0.2100,-0.0439,0.9767),
      ["RightLowerLeg"] = CFrame.new(0.0000,-0.0003,0.0000,1.0000,-0.0000,0.0000,0.0000,0.9135,0.4068,-0.0000,-0.4068,0.9135),
      ["RightFoot"] = CFrame.new(0.0000,-0.0001,0.0000,0.9907,-0.1341,0.0216,0.1335,0.9320,-0.3370,0.0250,0.3368,0.9412),
    }},
    {Time = 0.400, Data = {
      ["HumanoidRootPart"] = CFrame.new(0.0000,0.0000,0.0000,1.0000,0.0000,0.0000,0.0000,1.0000,0.0000,0.0000,0.0000,1.0000),
      ["LowerTorso"] = CFrame.new(-0.0069,-0.0896,0.0028,0.9561,0.0483,-0.2890,-0.0388,0.9985,0.0386,0.2905,-0.0257,0.9565),
      ["UpperTorso"] = CFrame.new(0.0000,0.0000,0.0000,0.9684,-0.0889,0.2329,0.0885,0.9960,0.0121,-0.2330,0.0089,0.9724),
      ["LeftUpperArm"] = CFrame.new(0.0000,0.0000,0.0000,0.9910,0.1218,0.0559,-0.1310,0.9689,0.2100,-0.0286,-0.2154,0.9761),
      ["LeftLowerArm"] = CFrame.new(0.0000,-0.0003,0.0000,1.0000,-0.0000,0.0000,0.0000,0.9986,-0.0537,0.0000,0.0537,0.9986),
      ["LeftHand"] = CFrame.new(0.0000,-0.0003,0.0000,1.0000,-0.0000,0.0000,0.0000,0.9997,0.0263,-0.0000,-0.0263,0.9997),
      ["Head"] = CFrame.new(0.0000,0.0000,0.0000,0.9999,0.0145,-0.0056,-0.0143,0.9994,0.0306,0.0061,-0.0305,0.9995),
      ["RightUpperArm"] = CFrame.new(0.0000,0.0000,0.0000,0.7680,-0.2567,-0.5868,-0.0515,0.8885,-0.4560,0.6384,0.3804,0.6691),
      ["RightLowerArm"] = CFrame.new(0.0000,-0.0002,0.0000,1.0000,-0.0000,0.0000,0.0000,0.6016,-0.7988,0.0000,0.7988,0.6016),
      ["RightHand"] = CFrame.new(0.0324,-0.0849,-0.0208,0.9971,-0.0340,0.0686,0.0452,0.9845,-0.1693,-0.0618,0.1719,0.9832),
      ["LeftUpperLeg"] = CFrame.new(0.0000,0.0000,0.0000,0.9205,-0.0251,0.3898,0.2047,0.8810,-0.4266,-0.3327,0.4725,0.8161),
      ["LeftLowerLeg"] = CFrame.new(0.0000,-0.0001,0.0000,1.0000,-0.0000,0.0000,0.0000,0.9989,0.0459,-0.0000,-0.0459,0.9989),
      ["LeftFoot"] = CFrame.new(-0.0049,-0.0218,-0.0531,0.9959,0.0822,0.0389,-0.0870,0.9853,0.1468,-0.0262,-0.1496,0.9884),
      ["RightUpperLeg"] = CFrame.new(0.0000,0.0000,0.0000,0.9649,0.0767,0.2512,-0.0980,0.9925,0.0734,-0.2437,-0.0954,0.9651),
      ["RightLowerLeg"] = CFrame.new(0.0000,-0.0003,0.0000,1.0000,-0.0000,0.0000,0.0000,0.9114,0.4116,-0.0000,-0.4116,0.9114),
      ["RightFoot"] = CFrame.new(0.0000,-0.0001,0.0000,0.9908,-0.1320,0.0312,0.1335,0.9085,-0.3959,0.0239,0.3964,0.9177),
    }},
    {Time = 0.433, Data = {
      ["HumanoidRootPart"] = CFrame.new(0.0000,0.0000,0.0000,1.0000,0.0000,0.0000,0.0000,1.0000,0.0000,0.0000,0.0000,1.0000),
      ["LowerTorso"] = CFrame.new(-0.0071,-0.1033,0.0029,0.9497,0.0513,-0.3088,-0.0399,0.9983,0.0434,0.3105,-0.0289,0.9501),
      ["UpperTorso"] = CFrame.new(0.0000,0.0000,0.0000,0.9640,-0.0939,0.2487,0.0935,0.9955,0.0134,-0.2488,0.0103,0.9685),
      ["LeftUpperArm"] = CFrame.new(0.0000,0.0000,0.0000,0.9904,0.1230,0.0630,-0.1341,0.9659,0.2214,-0.0336,-0.2277,0.9731),
      ["LeftLowerArm"] = CFrame.new(0.0000,-0.0003,0.0000,1.0000,-0.0000,0.0000,0.0000,0.9986,-0.0537,0.0000,0.0537,0.9986),
      ["LeftHand"] = CFrame.new(0.0000,-0.0003,0.0000,1.0000,-0.0000,0.0000,0.0000,0.9997,0.0263,-0.0000,-0.0263,0.9997),
      ["Head"] = CFrame.new(0.0000,0.0000,0.0000,0.9998,0.0176,-0.0046,-0.0175,0.9995,0.0279,0.0051,-0.0278,0.9996),
      ["RightUpperArm"] = CFrame.new(0.0000,0.0000,0.0000,0.7691,-0.2534,-0.5868,-0.0545,0.8887,-0.4552,0.6368,0.3821,0.6697),
      ["RightLowerArm"] = CFrame.new(0.0000,-0.0002,0.0000,1.0000,-0.0000,0.0000,0.0000,0.5978,-0.8016,0.0000,0.8016,0.5978),
      ["RightHand"] = CFrame.new(0.0324,-0.0849,-0.0208,0.9971,-0.0340,0.0686,0.0452,0.9845,-0.1693,-0.0618,0.1719,0.9832),
      ["LeftUpperLeg"] = CFrame.new(0.0000,0.0000,0.0000,0.9045,-0.0503,0.4236,0.2349,0.8877,-0.3961,-0.3560,0.4577,0.8147),
      ["LeftLowerLeg"] = CFrame.new(0.0000,-0.0001,0.0000,1.0000,-0.0000,0.0000,0.0000,0.9989,0.0459,-0.0000,-0.0459,0.9989),
      ["LeftFoot"] = CFrame.new(-0.0049,-0.0218,-0.0531,0.9928,0.1031,0.0617,-0.1149,0.9651,0.2353,-0.0353,-0.2407,0.9700),
      ["RightUpperLeg"] = CFrame.new(0.0000,0.0000,0.0000,0.9596,0.0693,0.2726,-0.0958,0.9918,0.0848,-0.2645,-0.1075,0.9584),
      ["RightLowerLeg"] = CFrame.new(0.0000,-0.0003,0.0000,1.0000,-0.0000,0.0000,0.0000,0.9040,0.4275,-0.0000,-0.4275,0.9040),
      ["RightFoot"] = CFrame.new(0.0000,-0.0001,0.0000,0.9908,-0.1303,0.0374,0.1336,0.8918,-0.4322,0.0230,0.4332,0.9010),
    }},
    {Time = 0.467, Data = {
      ["HumanoidRootPart"] = CFrame.new(0.0000,0.0000,0.0000,1.0000,0.0000,0.0000,0.0000,1.0000,0.0000,0.0000,0.0000,1.0000),
      ["LowerTorso"] = CFrame.new(-0.0073,-0.1126,0.0029,0.9483,0.0520,-0.3132,-0.0400,0.9982,0.0445,0.3149,-0.0296,0.9487),
      ["UpperTorso"] = CFrame.new(0.0000,0.0000,0.0000,0.9630,-0.0950,0.2521,0.0946,0.9954,0.0137,-0.2523,0.0106,0.9676),
      ["LeftUpperArm"] = CFrame.new(0.0000,0.0000,0.0000,0.9901,0.1243,0.0649,-0.1359,0.9650,0.2242,-0.0348,-0.2308,0.9724),
      ["LeftLowerArm"] = CFrame.new(0.0000,-0.0003,0.0000,1.0000,-0.0000,0.0000,0.0000,0.9986,-0.0537,0.0000,0.0537,0.9986),
      ["LeftHand"] = CFrame.new(0.0000,-0.0003,0.0000,1.0000,-0.0000,0.0000,0.0000,0.9997,0.0263,-0.0000,-0.0263,0.9997),
      ["Head"] = CFrame.new(0.0000,0.0000,0.0000,0.9998,0.0202,-0.0045,-0.0201,0.9994,0.0274,0.0050,-0.0273,0.9996),
      ["RightUpperArm"] = CFrame.new(0.0000,0.0000,0.0000,0.7693,-0.2524,-0.5869,-0.0546,0.8893,-0.4540,0.6365,0.3813,0.6704),
      ["RightLowerArm"] = CFrame.new(0.0000,-0.0002,0.0000,1.0000,-0.0000,0.0000,0.0000,0.5923,-0.8057,0.0000,0.8057,0.5923),
      ["RightHand"] = CFrame.new(0.0324,-0.0849,-0.0208,0.9971,-0.0340,0.0686,0.0452,0.9845,-0.1693,-0.0618,0.1719,0.9832),
      ["LeftUpperLeg"] = CFrame.new(0.0000,0.0000,0.0000,0.9008,-0.0601,0.4301,0.2413,0.8926,-0.3808,-0.3610,0.4468,0.8186),
      ["LeftLowerLeg"] = CFrame.new(0.0000,-0.0001,0.0000,1.0000,-0.0000,0.0000,0.0000,0.9983,0.0585,-0.0000,-0.0585,0.9983),
      ["LeftFoot"] = CFrame.new(-0.0049,-0.0218,-0.0531,0.9913,0.1093,0.0728,-0.1254,0.9528,0.2766,-0.0391,-0.2833,0.9582),
      ["RightUpperLeg"] = CFrame.new(0.0000,0.0000,0.0000,0.9585,0.0692,0.2765,-0.0947,0.9923,0.0797,-0.2689,-0.1026,0.9577),
      ["RightLowerLeg"] = CFrame.new(0.0000,-0.0003,0.0000,1.0000,-0.0000,0.0000,0.0000,0.8742,0.4856,-0.0000,-0.4856,0.8742),
      ["RightFoot"] = CFrame.new(0.0000,-0.0001,0.0000,0.9912,-0.1266,0.0396,0.1309,0.8849,-0.4471,0.0216,0.4483,0.8936),
    }},
    {Time = 0.500, Data = {
      ["HumanoidRootPart"] = CFrame.new(0.0000,0.0000,0.0000,1.0000,0.0000,0.0000,0.0000,1.0000,0.0000,0.0000,0.0000,1.0000),
      ["LowerTorso"] = CFrame.new(-0.0076,-0.1173,0.0029,0.9525,0.0499,-0.3004,-0.0393,0.9984,0.0414,0.3019,-0.0276,0.9529),
      ["UpperTorso"] = CFrame.new(0.0000,0.0000,0.0000,0.9660,-0.0916,0.2418,0.0912,0.9958,0.0128,-0.2419,0.0097,0.9702),
      ["LeftUpperArm"] = CFrame.new(0.0000,0.0000,0.0000,0.9902,0.1258,0.0614,-0.1363,0.9663,0.2182,-0.0319,-0.2244,0.9740),
      ["LeftLowerArm"] = CFrame.new(0.0000,-0.0003,0.0000,1.0000,-0.0000,0.0000,0.0000,0.9986,-0.0537,0.0000,0.0537,0.9986),
      ["LeftHand"] = CFrame.new(0.0000,-0.0003,0.0000,1.0000,-0.0000,0.0000,0.0000,0.9997,0.0263,-0.0000,-0.0263,0.9997),
      ["Head"] = CFrame.new(0.0000,0.0000,0.0000,0.9997,0.0223,-0.0070,-0.0221,0.9993,0.0299,0.0077,-0.0298,0.9995),
      ["RightUpperArm"] = CFrame.new(0.0000,0.0000,0.0000,0.7691,-0.2536,-0.5867,-0.0517,0.8903,-0.4525,0.6370,0.3783,0.6716),
      ["RightLowerArm"] = CFrame.new(0.0000,-0.0002,0.0000,1.0000,-0.0000,0.0000,0.0000,0.5850,-0.8110,0.0000,0.8110,0.5850),
      ["RightHand"] = CFrame.new(0.0324,-0.0849,-0.0208,0.9971,-0.0340,0.0686,0.0452,0.9845,-0.1693,-0.0618,0.1719,0.9832),
      ["LeftUpperLeg"] = CFrame.new(0.0000,0.0000,0.0000,0.9086,-0.0414,0.4156,0.2330,0.8761,-0.4221,-0.3467,0.4804,0.8057),
      ["LeftLowerLeg"] = CFrame.new(0.0000,-0.0001,0.0000,1.0000,-0.0000,0.0000,0.0000,0.9746,0.2238,-0.0000,-0.2238,0.9746),
      ["LeftFoot"] = CFrame.new(-0.0049,-0.0218,-0.0531,0.9923,0.1036,0.0678,-0.1179,0.9581,0.2609,-0.0379,-0.2669,0.9630),
      ["RightUpperLeg"] = CFrame.new(0.0000,0.0000,0.0000,0.9620,0.0755,0.2623,-0.0863,0.9958,0.0297,-0.2590,-0.0512,0.9645),
      ["RightLowerLeg"] = CFrame.new(0.0000,-0.0003,0.0000,1.0000,-0.0000,0.0000,0.0000,0.8119,0.5838,-0.0000,-0.5838,0.8119),
      ["RightFoot"] = CFrame.new(0.0000,-0.0001,0.0000,0.9927,-0.1149,0.0374,0.1195,0.8864,-0.4472,0.0183,0.4484,0.8937),
    }},
    {Time = 0.533, Data = {
      ["HumanoidRootPart"] = CFrame.new(0.0000,0.0000,0.0000,1.0000,0.0000,0.0000,0.0000,1.0000,0.0000,0.0000,0.0000,1.0000),
      ["LowerTorso"] = CFrame.new(-0.0078,-0.1195,0.0029,0.9611,0.0454,-0.2726,-0.0372,0.9987,0.0351,0.2739,-0.0235,0.9615),
      ["UpperTorso"] = CFrame.new(0.0000,0.0000,0.0000,0.9720,-0.0840,0.2195,0.0837,0.9964,0.0109,-0.2196,0.0078,0.9756),
      ["LeftUpperArm"] = CFrame.new(0.0000,0.0000,0.0000,0.9904,0.1272,0.0534,-0.1355,0.9697,0.2033,-0.0259,-0.2086,0.9777),
      ["LeftLowerArm"] = CFrame.new(0.0000,-0.0003,0.0000,1.0000,-0.0000,0.0000,0.0000,0.9986,-0.0537,0.0000,0.0537,0.9986),
      ["LeftHand"] = CFrame.new(0.0000,-0.0003,0.0000,1.0000,-0.0000,0.0000,0.0000,0.9997,0.0263,-0.0000,-0.0263,0.9997),
      ["Head"] = CFrame.new(0.0000,0.0000,0.0000,0.9996,0.0239,-0.0121,-0.0235,0.9991,0.0354,0.0130,-0.0351,0.9993),
      ["RightUpperArm"] = CFrame.new(0.0000,0.0000,0.0000,0.7681,-0.2562,-0.5868,-0.0462,0.8919,-0.4499,0.6386,0.3727,0.6732),
      ["RightLowerArm"] = CFrame.new(0.0000,-0.0002,0.0000,1.0000,-0.0000,0.0000,0.0000,0.5758,-0.8176,0.0000,0.8176,0.5758),
      ["RightHand"] = CFrame.new(0.0324,-0.0849,-0.0208,0.9971,-0.0340,0.0686,0.0452,0.9845,-0.1693,-0.0618,0.1719,0.9832),
      ["LeftUpperLeg"] = CFrame.new(0.0000,0.0000,0.0000,0.9226,-0.0303,0.3845,0.2204,0.8595,-0.4611,-0.3165,0.5102,0.7997),
      ["LeftLowerLeg"] = CFrame.new(0.0000,-0.0001,0.0000,1.0000,-0.0000,0.0000,0.0000,0.9252,0.3794,-0.0000,-0.3794,0.9252),
      ["LeftFoot"] = CFrame.new(-0.0049,-0.0218,-0.0531,0.9945,0.0887,0.0553,-0.0987,0.9710,0.2179,-0.0343,-0.2221,0.9744),
      ["RightUpperLeg"] = CFrame.new(0.0000,0.0000,0.0000,0.9691,0.0663,0.2375,-0.0648,0.9978,-0.0142,-0.2379,-0.0017,0.9713),
      ["RightLowerLeg"] = CFrame.new(0.0000,-0.0003,0.0000,1.0000,-0.0000,0.0000,0.0000,0.7325,0.6808,-0.0000,-0.6808,0.7325),
      ["RightFoot"] = CFrame.new(0.0000,-0.0001,0.0000,0.9958,-0.0859,0.0310,0.0907,0.8905,-0.4459,0.0107,0.4468,0.8946),
    }},
    {Time = 0.567, Data = {
      ["HumanoidRootPart"] = CFrame.new(0.0000,0.0000,0.0000,1.0000,0.0000,0.0000,0.0000,1.0000,0.0000,0.0000,0.0000,1.0000),
      ["LowerTorso"] = CFrame.new(-0.0080,-0.1200,0.0029,0.9717,0.0390,-0.2329,-0.0337,0.9991,0.0268,0.2337,-0.0182,0.9721),
      ["UpperTorso"] = CFrame.new(0.0000,0.0000,0.0000,0.9795,-0.0730,0.1876,0.0727,0.9973,0.0084,-0.1877,0.0054,0.9822),
      ["LeftUpperArm"] = CFrame.new(0.0000,0.0000,0.0000,0.9909,0.1278,0.0422,-0.1334,0.9744,0.1811,-0.0180,-0.1851,0.9826),
      ["LeftLowerArm"] = CFrame.new(0.0000,-0.0003,0.0000,1.0000,-0.0000,0.0000,0.0000,0.9986,-0.0537,0.0000,0.0537,0.9986),
      ["LeftHand"] = CFrame.new(0.0000,-0.0003,0.0000,1.0000,-0.0000,0.0000,0.0000,0.9997,0.0263,-0.0000,-0.0263,0.9997),
      ["Head"] = CFrame.new(0.0000,0.0000,0.0000,0.9995,0.0251,-0.0188,-0.0243,0.9988,0.0429,0.0198,-0.0424,0.9989),
      ["RightUpperArm"] = CFrame.new(0.0000,0.0000,0.0000,0.7664,-0.2592,-0.5878,-0.0392,0.8944,-0.4455,0.6412,0.3645,0.6753),
      ["RightLowerArm"] = CFrame.new(0.0000,-0.0002,0.0000,1.0000,-0.0000,0.0000,0.0000,0.5646,-0.8253,0.0000,0.8253,0.5646),
      ["RightHand"] = CFrame.new(0.0324,-0.0849,-0.0208,0.9971,-0.0340,0.0686,0.0452,0.9845,-0.1693,-0.0618,0.1719,0.9832),
      ["LeftUpperLeg"] = CFrame.new(0.0000,0.0000,0.0000,0.9398,-0.0356,0.3400,0.2020,0.8601,-0.4684,-0.2758,0.5089,0.8155),
      ["LeftLowerLeg"] = CFrame.new(0.0000,-0.0001,0.0000,1.0000,-0.0000,0.0000,0.0000,0.8704,0.4923,-0.0000,-0.4923,0.8704),
      ["LeftFoot"] = CFrame.new(-0.0049,-0.0218,-0.0531,0.9968,0.0695,0.0407,-0.0751,0.9843,0.1597,-0.0290,-0.1622,0.9863),
      ["RightUpperLeg"] = CFrame.new(0.0000,0.0000,0.0000,0.9776,0.0377,0.2070,-0.0320,0.9990,-0.0312,-0.2080,0.0239,0.9778),
      ["RightLowerLeg"] = CFrame.new(0.0000,-0.0003,0.0000,1.0000,-0.0000,0.0000,0.0000,0.6701,0.7422,-0.0000,-0.7422,0.6701),
      ["RightFoot"] = CFrame.new(0.0000,-0.0001,0.0000,0.9985,-0.0502,0.0231,0.0552,0.8954,-0.4417,0.0015,0.4423,0.8968),
    }},
    {Time = 0.600, Data = {
      ["HumanoidRootPart"] = CFrame.new(0.0000,0.0000,0.0000,1.0000,0.0000,0.0000,0.0000,1.0000,0.0000,0.0000,0.0000,1.0000),
      ["LowerTorso"] = CFrame.new(-0.0079,-0.1160,0.0028,0.9824,0.0313,-0.1839,-0.0284,0.9994,0.0179,0.1844,-0.0124,0.9828),
      ["UpperTorso"] = CFrame.new(0.0000,0.0000,0.0000,0.9872,-0.0589,0.1483,0.0587,0.9983,0.0057,-0.1484,0.0031,0.9889),
      ["LeftUpperArm"] = CFrame.new(0.0000,0.0000,0.0000,0.9915,0.1268,0.0291,-0.1297,0.9798,0.1521,-0.0092,-0.1546,0.9879),
      ["LeftLowerArm"] = CFrame.new(0.0000,-0.0003,0.0000,1.0000,-0.0000,0.0000,0.0000,0.9986,-0.0537,0.0000,0.0537,0.9986),
      ["LeftHand"] = CFrame.new(0.0000,-0.0003,0.0000,1.0000,-0.0000,0.0000,0.0000,0.9997,0.0263,-0.0000,-0.0263,0.9997),
      ["Head"] = CFrame.new(0.0000,0.0000,0.0000,0.9993,0.0261,-0.0259,-0.0247,0.9984,0.0518,0.0272,-0.0511,0.9983),
      ["RightUpperArm"] = CFrame.new(0.0000,0.0000,0.0000,0.7630,-0.2618,-0.5910,-0.0327,0.8975,-0.4399,0.6455,0.3550,0.6762),
      ["RightLowerArm"] = CFrame.new(0.0000,-0.0002,0.0000,1.0000,-0.0000,0.0000,0.0000,0.5513,-0.8343,0.0000,0.8343,0.5513),
      ["RightHand"] = CFrame.new(0.0324,-0.0849,-0.0208,0.9971,-0.0340,0.0686,0.0452,0.9845,-0.1693,-0.0618,0.1719,0.9832),
      ["LeftUpperLeg"] = CFrame.new(0.0000,0.0000,0.0000,0.9572,-0.0548,0.2841,0.1842,0.8726,-0.4524,-0.2231,0.4854,0.8454),
      ["LeftLowerLeg"] = CFrame.new(0.0000,-0.0001,0.0000,1.0000,-0.0000,0.0000,0.0000,0.8498,0.5271,-0.0000,-0.5271,0.8498),
      ["LeftFoot"] = CFrame.new(-0.0049,-0.0218,-0.0531,0.9985,0.0481,0.0261,-0.0503,0.9946,0.0904,-0.0216,-0.0916,0.9956),
      ["RightUpperLeg"] = CFrame.new(0.0000,0.0000,0.0000,0.9850,0.0013,0.1724,0.0083,0.9985,-0.0547,-0.1722,0.0553,0.9835),
      ["RightLowerLeg"] = CFrame.new(0.0000,-0.0003,0.0000,1.0000,-0.0000,0.0000,0.0000,0.6238,0.7816,-0.0000,-0.7816,0.6238),
      ["RightFoot"] = CFrame.new(0.0000,-0.0001,0.0000,0.9998,-0.0121,0.0148,0.0173,0.9009,-0.4337,-0.0081,0.4339,0.9009),
    }},
    {Time = 0.633, Data = {
      ["HumanoidRootPart"] = CFrame.new(0.0000,0.0000,0.0000,1.0000,0.0000,0.0000,0.0000,1.0000,0.0000,0.0000,0.0000,1.0000),
      ["LowerTorso"] = CFrame.new(-0.0072,-0.0946,0.0023,0.9914,0.0224,-0.1287,-0.0214,0.9997,0.0096,0.1289,-0.0068,0.9916),
      ["UpperTorso"] = CFrame.new(0.0000,0.0000,0.0000,0.9937,-0.0424,0.1041,0.0423,0.9991,0.0033,-0.1042,0.0012,0.9946),
      ["LeftUpperArm"] = CFrame.new(0.0000,0.0000,0.0000,0.9926,0.1204,0.0155,-0.1214,0.9856,0.1179,-0.0011,-0.1189,0.9929),
      ["LeftLowerArm"] = CFrame.new(0.0000,-0.0003,0.0000,1.0000,-0.0000,0.0000,0.0000,0.9986,-0.0537,0.0000,0.0537,0.9986),
      ["LeftHand"] = CFrame.new(0.0000,-0.0003,0.0000,1.0000,-0.0000,0.0000,0.0000,0.9997,0.0263,-0.0000,-0.0263,0.9997),
      ["Head"] = CFrame.new(0.0000,0.0000,0.0000,0.9991,0.0268,-0.0325,-0.0247,0.9978,0.0613,0.0341,-0.0605,0.9976),
      ["RightUpperArm"] = CFrame.new(0.0000,0.0000,0.0000,0.7577,-0.2638,-0.5969,-0.0280,0.9007,-0.4336,0.6520,0.3453,0.6751),
      ["RightLowerArm"] = CFrame.new(0.0000,-0.0002,0.0000,1.0000,-0.0000,0.0000,0.0000,0.5358,-0.8444,0.0000,0.8444,0.5358),
      ["RightHand"] = CFrame.new(0.0324,-0.0849,-0.0208,0.9971,-0.0340,0.0686,0.0452,0.9845,-0.1693,-0.0618,0.1719,0.9832),
      ["LeftUpperLeg"] = CFrame.new(0.0000,0.0000,0.0000,0.9725,-0.0808,0.2185,0.1627,0.9069,-0.3886,-0.1668,0.4135,0.8951),
      ["LeftLowerLeg"] = CFrame.new(0.0000,-0.0001,0.0000,1.0000,-0.0000,0.0000,0.0000,0.8507,0.5257,-0.0000,-0.5257,0.8507),
      ["LeftFoot"] = CFrame.new(-0.0049,-0.0218,-0.0531,0.9995,0.0271,0.0134,-0.0273,0.9995,0.0148,-0.0130,-0.0152,0.9998),
      ["RightUpperLeg"] = CFrame.new(0.0000,0.0000,0.0000,0.9901,-0.0319,0.1369,0.0494,0.9907,-0.1265,-0.1316,0.1320,0.9825),
      ["RightLowerLeg"] = CFrame.new(0.0000,-0.0003,0.0000,1.0000,-0.0000,0.0000,0.0000,0.5806,0.8142,-0.0000,-0.8142,0.5806),
      ["RightFoot"] = CFrame.new(0.0000,-0.0001,0.0000,0.9997,0.0239,0.0073,-0.0186,0.9070,-0.4207,-0.0166,0.4204,0.9072),
    }},
    {Time = 0.667, Data = {
      ["HumanoidRootPart"] = CFrame.new(0.0000,0.0000,0.0000,1.0000,0.0000,0.0000,0.0000,1.0000,0.0000,0.0000,0.0000,1.0000),
      ["LowerTorso"] = CFrame.new(-0.0058,-0.0655,0.0017,0.9974,0.0129,-0.0707,-0.0127,0.9999,0.0033,0.0707,-0.0024,0.9975),
      ["UpperTorso"] = CFrame.new(0.0000,0.0000,0.0000,0.9981,-0.0241,0.0574,0.0241,0.9997,0.0014,-0.0574,0.0000,0.9983),
      ["LeftUpperArm"] = CFrame.new(0.0000,0.0000,0.0000,0.9938,0.1111,0.0037,-0.1110,0.9905,0.0808,0.0053,-0.0807,0.9967),
      ["LeftLowerArm"] = CFrame.new(0.0000,-0.0003,0.0000,1.0000,-0.0000,0.0000,0.0000,0.9986,-0.0537,0.0000,0.0537,0.9986),
      ["LeftHand"] = CFrame.new(0.0000,-0.0003,0.0000,1.0000,-0.0000,0.0000,0.0000,0.9997,0.0263,-0.0000,-0.0263,0.9997),
      ["Head"] = CFrame.new(0.0000,0.0000,0.0000,0.9989,0.0273,-0.0376,-0.0246,0.9972,0.0708,0.0395,-0.0698,0.9968),
      ["RightUpperArm"] = CFrame.new(0.0000,0.0000,0.0000,0.7504,-0.2646,-0.6057,-0.0256,0.9040,-0.4267,0.6605,0.3357,0.6716),
      ["RightLowerArm"] = CFrame.new(0.0000,-0.0002,0.0000,1.0000,-0.0000,0.0000,0.0000,0.5178,-0.8555,0.0000,0.8555,0.5178),
      ["RightHand"] = CFrame.new(0.0324,-0.0849,-0.0208,0.9971,-0.0340,0.0686,0.0452,0.9845,-0.1693,-0.0618,0.1719,0.9832),
      ["LeftUpperLeg"] = CFrame.new(0.0000,0.0000,0.0000,0.9839,-0.1033,0.1458,0.1427,0.9454,-0.2931,-0.1075,0.3092,0.9449),
      ["LeftLowerLeg"] = CFrame.new(0.0000,-0.0001,0.0000,1.0000,-0.0000,0.0000,0.0000,0.8900,0.4560,-0.0000,-0.4560,0.8900),
      ["LeftFoot"] = CFrame.new(-0.0049,-0.0218,-0.0531,0.9999,0.0092,0.0041,-0.0090,0.9981,-0.0617,-0.0046,0.0616,0.9981),
      ["RightUpperLeg"] = CFrame.new(0.0000,0.0000,0.0000,0.9930,-0.0541,0.1053,0.0801,0.9620,-0.2609,-0.0872,0.2675,0.9596),
      ["RightLowerLeg"] = CFrame.new(0.0000,-0.0003,0.0000,1.0000,-0.0000,0.0000,0.0000,0.5283,0.8491,-0.0000,-0.8491,0.5283),
      ["RightFoot"] = CFrame.new(0.0000,-0.0001,0.0000,0.9986,0.0534,0.0017,-0.0482,0.9145,-0.4017,-0.0229,0.4011,0.9158),
    }},
    {Time = 0.700, Data = {
      ["HumanoidRootPart"] = CFrame.new(0.0000,0.0000,0.0000,1.0000,0.0000,0.0000,0.0000,1.0000,0.0000,0.0000,0.0000,1.0000),
      ["LowerTorso"] = CFrame.new(-0.0043,-0.0475,0.0011,0.9999,0.0026,-0.0136,-0.0026,1.0000,0.0002,0.0136,-0.0001,0.9999),
      ["UpperTorso"] = CFrame.new(0.0000,0.0000,0.0000,0.9999,-0.0049,0.0111,0.0049,1.0000,0.0002,-0.0111,-0.0002,0.9999),
      ["LeftUpperArm"] = CFrame.new(0.0000,0.0000,0.0000,0.9946,0.1036,-0.0042,-0.1033,0.9937,0.0430,0.0087,-0.0423,0.9991),
      ["LeftLowerArm"] = CFrame.new(0.0000,-0.0003,0.0000,1.0000,-0.0000,0.0000,0.0000,0.9986,-0.0537,0.0000,0.0537,0.9986),
      ["LeftHand"] = CFrame.new(0.0000,-0.0003,0.0000,1.0000,-0.0000,0.0000,0.0000,0.9997,0.0263,-0.0000,-0.0263,0.9997),
      ["Head"] = CFrame.new(0.0000,0.0000,0.0000,0.9988,0.0276,-0.0401,-0.0244,0.9965,0.0794,0.0421,-0.0783,0.9960),
      ["RightUpperArm"] = CFrame.new(0.0000,0.0000,0.0000,0.7416,-0.2627,-0.6173,-0.0248,0.9088,-0.4166,0.6704,0.3242,0.6674),
      ["RightLowerArm"] = CFrame.new(0.0000,-0.0002,0.0000,1.0000,-0.0000,0.0000,0.0000,0.4972,-0.8676,0.0000,0.8676,0.4972),
      ["RightHand"] = CFrame.new(0.0324,-0.0849,-0.0208,0.9971,-0.0340,0.0686,0.0452,0.9845,-0.1693,-0.0618,0.1719,0.9832),
      ["LeftUpperLeg"] = CFrame.new(0.0000,0.0000,0.0000,0.9908,-0.1124,0.0750,0.1257,0.9705,-0.2057,-0.0497,0.2132,0.9757),
      ["LeftLowerLeg"] = CFrame.new(0.0000,-0.0001,0.0000,1.0000,-0.0000,0.0000,0.0000,0.9150,0.4034,-0.0000,-0.4034,0.9150),
      ["LeftFoot"] = CFrame.new(-0.0049,-0.0218,-0.0531,1.0000,0.0018,0.0008,-0.0017,0.9917,-0.1288,-0.0010,0.1288,0.9917),
      ["RightUpperLeg"] = CFrame.new(0.0000,0.0000,0.0000,0.9950,-0.0668,0.0743,0.0918,0.9046,-0.4162,-0.0394,0.4209,0.9062),
      ["RightLowerLeg"] = CFrame.new(0.0000,-0.0003,0.0000,1.0000,-0.0000,0.0000,0.0000,0.4833,0.8755,-0.0000,-0.8755,0.4833),
      ["RightFoot"] = CFrame.new(0.0000,-0.0001,0.0000,0.9979,0.0653,0.0004,-0.0605,0.9259,-0.3730,-0.0247,0.3721,0.9279),
    }},
    {Time = 0.733, Data = {
      ["HumanoidRootPart"] = CFrame.new(0.0000,0.0000,0.0000,1.0000,0.0000,0.0000,0.0000,1.0000,0.0000,0.0000,0.0000,1.0000),
      ["LowerTorso"] = CFrame.new(-0.0027,-0.0481,0.0007,0.9992,-0.0082,0.0389,0.0082,1.0000,0.0004,-0.0389,-0.0000,0.9992),
      ["UpperTorso"] = CFrame.new(0.0000,0.0000,0.0000,0.9994,0.0147,-0.0321,-0.0147,0.9999,-0.0006,0.0321,0.0011,0.9995),
      ["LeftUpperArm"] = CFrame.new(0.0000,0.0000,0.0000,0.9950,0.0992,-0.0083,-0.0991,0.9951,0.0050,0.0088,-0.0042,1.0000),
      ["LeftLowerArm"] = CFrame.new(0.0000,-0.0003,0.0000,1.0000,-0.0000,0.0000,0.0000,0.9986,-0.0537,0.0000,0.0537,0.9986),
      ["LeftHand"] = CFrame.new(0.0000,-0.0003,0.0000,1.0000,-0.0000,0.0000,0.0000,0.9997,0.0263,-0.0000,-0.0263,0.9997),
      ["Head"] = CFrame.new(0.0000,0.0000,0.0000,0.9989,0.0263,-0.0399,-0.0227,0.9960,0.0865,0.0420,-0.0855,0.9955),
      ["RightUpperArm"] = CFrame.new(0.0000,0.0000,0.0000,0.7332,-0.2589,-0.6288,-0.0242,0.9142,-0.4046,0.6796,0.3119,0.6640),
      ["RightLowerArm"] = CFrame.new(0.0000,-0.0002,0.0000,1.0000,-0.0000,0.0000,0.0000,0.4740,-0.8805,0.0000,0.8805,0.4740),
      ["RightHand"] = CFrame.new(0.0324,-0.0849,-0.0208,0.9971,-0.0340,0.0686,0.0452,0.9845,-0.1693,-0.0618,0.1719,0.9832),
      ["LeftUpperLeg"] = CFrame.new(0.0000,0.0000,0.0000,0.9936,-0.1118,0.0131,0.1125,0.9835,-0.1413,0.0029,0.1419,0.9899),
      ["LeftLowerLeg"] = CFrame.new(0.0000,-0.0001,0.0000,1.0000,-0.0000,0.0000,0.0000,0.9154,0.4026,-0.0000,-0.4026,0.9154),
      ["LeftFoot"] = CFrame.new(-0.0049,-0.0218,-0.0531,1.0000,0.0060,0.0003,-0.0059,0.9831,-0.1829,-0.0014,0.1829,0.9831),
      ["RightUpperLeg"] = CFrame.new(0.0000,0.0000,0.0000,0.9968,-0.0726,0.0327,0.0785,0.8259,-0.5583,0.0135,0.5591,0.8290),
      ["RightLowerLeg"] = CFrame.new(0.0000,-0.0003,0.0000,1.0000,-0.0000,0.0000,0.0000,0.4806,0.8769,-0.0000,-0.8769,0.4806),
      ["RightFoot"] = CFrame.new(0.0000,-0.0001,0.0000,0.9982,0.0601,0.0016,-0.0560,0.9402,-0.3358,-0.0217,0.3352,0.9419),
    }},
    {Time = 0.767, Data = {
      ["HumanoidRootPart"] = CFrame.new(0.0000,0.0000,0.0000,1.0000,0.0000,0.0000,0.0000,1.0000,0.0000,0.0000,0.0000,1.0000),
      ["LowerTorso"] = CFrame.new(-0.0013,-0.0544,0.0004,0.9962,-0.0192,0.0854,0.0191,0.9998,0.0017,-0.0854,-0.0001,0.9963),
      ["UpperTorso"] = CFrame.new(0.0000,0.0000,0.0000,0.9969,0.0336,-0.0711,-0.0338,0.9994,-0.0014,0.0710,0.0038,0.9975),
      ["LeftUpperArm"] = CFrame.new(0.0000,0.0000,0.0000,0.9953,0.0962,-0.0088,-0.0964,0.9948,-0.0322,0.0057,0.0329,0.9994),
      ["LeftLowerArm"] = CFrame.new(0.0000,-0.0003,0.0000,1.0000,-0.0000,0.0000,0.0000,0.9986,-0.0537,0.0000,0.0537,0.9986),
      ["LeftHand"] = CFrame.new(0.0000,-0.0003,0.0000,1.0000,-0.0000,0.0000,0.0000,0.9997,0.0263,-0.0000,-0.0263,0.9997),
      ["Head"] = CFrame.new(0.0000,0.0000,0.0000,0.9990,0.0211,-0.0391,-0.0174,0.9956,0.0920,0.0409,-0.0912,0.9950),
      ["RightUpperArm"] = CFrame.new(0.0000,0.0000,0.0000,0.7264,-0.2550,-0.6382,-0.0232,0.9190,-0.3936,0.6869,0.3008,0.6616),
      ["RightLowerArm"] = CFrame.new(0.0000,-0.0002,0.0000,1.0000,-0.0000,0.0000,0.0000,0.4434,-0.8963,0.0000,0.8963,0.4434),
      ["RightHand"] = CFrame.new(0.0324,-0.0849,-0.0208,0.9971,-0.0340,0.0686,0.0452,0.9845,-0.1693,-0.0618,0.1719,0.9832),
      ["LeftUpperLeg"] = CFrame.new(0.0000,0.0000,0.0000,0.9935,-0.1058,-0.0408,0.1023,0.9915,-0.0803,0.0489,0.0756,0.9959),
      ["LeftLowerLeg"] = CFrame.new(0.0000,-0.0001,0.0000,1.0000,-0.0000,0.0000,0.0000,0.9159,0.4015,-0.0000,-0.4015,0.9159),
      ["LeftFoot"] = CFrame.new(-0.0049,-0.0218,-0.0531,0.9998,0.0200,0.0006,-0.0194,0.9743,-0.2245,-0.0051,0.2244,0.9745),
      ["RightUpperLeg"] = CFrame.new(0.0000,0.0000,0.0000,0.9968,-0.0762,-0.0236,0.0419,0.7521,-0.6578,0.0678,0.6547,0.7529),
      ["RightLowerLeg"] = CFrame.new(0.0000,-0.0003,0.0000,1.0000,-0.0000,0.0000,0.0000,0.5011,0.8654,-0.0000,-0.8654,0.5011),
      ["RightFoot"] = CFrame.new(0.0000,-0.0001,0.0000,0.9992,0.0407,0.0039,-0.0377,0.9546,-0.2953,-0.0158,0.2950,0.9554),
    }},
    {Time = 0.800, Data = {
      ["HumanoidRootPart"] = CFrame.new(0.0000,0.0000,0.0000,1.0000,0.0000,0.0000,0.0000,1.0000,0.0000,0.0000,0.0000,1.0000),
      ["LowerTorso"] = CFrame.new(0.0000,-0.0640,0.0003,0.9917,-0.0299,0.1254,0.0296,0.9996,0.0038,-0.1254,-0.0001,0.9921),
      ["UpperTorso"] = CFrame.new(0.0000,0.0000,0.0000,0.9931,0.0513,-0.1051,-0.0518,0.9987,-0.0023,0.1049,0.0077,0.9945),
      ["LeftUpperArm"] = CFrame.new(0.0000,0.0000,0.0000,0.9956,0.0937,-0.0079,-0.0940,0.9933,-0.0675,0.0015,0.0679,0.9977),
      ["LeftLowerArm"] = CFrame.new(0.0000,-0.0003,0.0000,1.0000,-0.0000,0.0000,0.0000,0.9986,-0.0537,0.0000,0.0537,0.9986),
      ["LeftHand"] = CFrame.new(0.0000,-0.0003,0.0000,1.0000,-0.0000,0.0000,0.0000,0.9997,0.0263,-0.0000,-0.0263,0.9997),
      ["Head"] = CFrame.new(0.0000,0.0000,0.0000,0.9992,0.0130,-0.0380,-0.0093,0.9953,0.0960,0.0391,-0.0956,0.9947),
      ["RightUpperArm"] = CFrame.new(0.0000,0.0000,0.0000,0.7216,-0.2522,-0.6447,-0.0216,0.9226,-0.3851,0.6919,0.2918,0.6603),
      ["RightLowerArm"] = CFrame.new(0.0000,-0.0002,0.0000,1.0000,-0.0000,0.0000,0.0000,0.4005,-0.9163,0.0000,0.9163,0.4005),
      ["RightHand"] = CFrame.new(0.0324,-0.0849,-0.0208,0.9971,-0.0340,0.0686,0.0452,0.9845,-0.1693,-0.0618,0.1719,0.9832),
      ["LeftUpperLeg"] = CFrame.new(0.0000,0.0000,0.0000,0.9917,-0.0947,-0.0872,0.0941,0.9955,-0.0112,0.0878,0.0029,0.9961),
      ["LeftLowerLeg"] = CFrame.new(0.0000,-0.0001,0.0000,1.0000,-0.0000,0.0000,0.0000,0.9237,0.3831,-0.0000,-0.3831,0.9237),
      ["LeftFoot"] = CFrame.new(-0.0049,-0.0218,-0.0531,0.9991,0.0414,0.0008,-0.0399,0.9662,-0.2547,-0.0113,0.2545,0.9670),
      ["RightUpperLeg"] = CFrame.new(0.0000,0.0000,0.0000,0.9926,-0.0776,-0.0931,-0.0107,0.7084,-0.7057,0.1207,0.7015,0.7024),
      ["RightLowerLeg"] = CFrame.new(0.0000,-0.0003,0.0000,1.0000,-0.0000,0.0000,0.0000,0.5702,0.8215,-0.0000,-0.8215,0.5702),
      ["RightFoot"] = CFrame.new(0.0000,-0.0001,0.0000,0.9999,0.0111,0.0066,-0.0090,0.9661,-0.2579,-0.0092,0.2578,0.9662),
    }},
    {Time = 0.833, Data = {
      ["HumanoidRootPart"] = CFrame.new(0.0000,0.0000,0.0000,1.0000,0.0000,0.0000,0.0000,1.0000,0.0000,0.0000,0.0000,1.0000),
      ["LowerTorso"] = CFrame.new(0.0012,-0.0754,0.0001,0.9866,-0.0397,0.1583,0.0392,0.9992,0.0064,-0.1585,-0.0001,0.9874),
      ["UpperTorso"] = CFrame.new(0.0000,0.0000,0.0000,0.9887,0.0670,-0.1338,-0.0680,0.9977,-0.0031,0.1333,0.0121,0.9910),
      ["LeftUpperArm"] = CFrame.new(0.0000,0.0000,0.0000,0.9958,0.0919,-0.0052,-0.0919,0.9908,-0.0996,-0.0040,0.0997,0.9950),
      ["LeftLowerArm"] = CFrame.new(0.0000,-0.0003,0.0000,1.0000,-0.0000,0.0000,0.0000,0.9986,-0.0537,0.0000,0.0537,0.9986),
      ["LeftHand"] = CFrame.new(0.0000,-0.0003,0.0000,1.0000,-0.0000,0.0000,0.0000,0.9997,0.0263,-0.0000,-0.0263,0.9997),
      ["Head"] = CFrame.new(0.0000,0.0000,0.0000,0.9993,0.0034,-0.0367,0.0002,0.9951,0.0989,0.0369,-0.0988,0.9944),
      ["RightUpperArm"] = CFrame.new(0.0000,0.0000,0.0000,0.7185,-0.2505,-0.6489,-0.0196,0.9252,-0.3789,0.6953,0.2849,0.6599),
      ["RightLowerArm"] = CFrame.new(0.0000,-0.0002,0.0000,1.0000,-0.0000,0.0000,0.0000,0.3632,-0.9317,0.0000,0.9317,0.3632),
      ["RightHand"] = CFrame.new(0.0324,-0.0849,-0.0208,0.9971,-0.0340,0.0686,0.0452,0.9845,-0.1693,-0.0618,0.1719,0.9832),
      ["LeftUpperLeg"] = CFrame.new(0.0000,0.0000,0.0000,0.9889,-0.0796,-0.1253,0.0879,0.9942,0.0619,0.1196,-0.0722,0.9902),
      ["LeftLowerLeg"] = CFrame.new(0.0000,-0.0001,0.0000,1.0000,-0.0000,0.0000,0.0000,0.9371,0.3491,-0.0000,-0.3491,0.9371),
      ["LeftFoot"] = CFrame.new(-0.0049,-0.0218,-0.0531,0.9977,0.0672,0.0007,-0.0644,0.9592,-0.2754,-0.0192,0.2747,0.9613),
      ["RightUpperLeg"] = CFrame.new(0.0000,0.0000,0.0000,0.9829,-0.0732,-0.1688,-0.0706,0.6972,-0.7134,0.1699,0.7131,0.6801),
      ["RightLowerLeg"] = CFrame.new(0.0000,-0.0003,0.0000,1.0000,-0.0000,0.0000,0.0000,0.6315,0.7754,-0.0000,-0.7754,0.6315),
      ["RightFoot"] = CFrame.new(0.0000,-0.0001,0.0000,0.9997,-0.0244,0.0095,0.0259,0.9725,-0.2313,-0.0036,0.2314,0.9728),
    }},
    {Time = 0.867, Data = {
      ["HumanoidRootPart"] = CFrame.new(0.0000,0.0000,0.0000,1.0000,0.0000,0.0000,0.0000,1.0000,0.0000,0.0000,0.0000,1.0000),
      ["LowerTorso"] = CFrame.new(0.0021,-0.0869,0.0000,0.9817,-0.0481,0.1840,0.0473,0.9988,0.0089,-0.1843,-0.0000,0.9829),
      ["UpperTorso"] = CFrame.new(0.0000,0.0000,0.0000,0.9844,0.0799,-0.1565,-0.0815,0.9967,-0.0038,0.1556,0.0165,0.9877),
      ["LeftUpperArm"] = CFrame.new(0.0000,0.0000,0.0000,0.9959,0.0906,-0.0021,-0.0902,0.9878,-0.1269,-0.0095,0.1265,0.9919),
      ["LeftLowerArm"] = CFrame.new(0.0000,-0.0003,0.0000,1.0000,-0.0000,0.0000,0.0000,0.9986,-0.0537,0.0000,0.0537,0.9986),
      ["LeftHand"] = CFrame.new(0.0000,-0.0003,0.0000,1.0000,-0.0000,0.0000,0.0000,0.9997,0.0263,-0.0000,-0.0263,0.9997),
      ["Head"] = CFrame.new(0.0000,0.0000,0.0000,0.9994,-0.0062,-0.0354,0.0097,0.9949,0.1007,0.0346,-0.1010,0.9943),
      ["RightUpperArm"] = CFrame.new(0.0000,0.0000,0.0000,0.7167,-0.2499,-0.6511,-0.0173,0.9270,-0.3748,0.6972,0.2799,0.6600),
      ["RightLowerArm"] = CFrame.new(0.0000,-0.0002,0.0000,1.0000,-0.0000,0.0000,0.0000,0.3315,-0.9435,0.0000,0.9435,0.3315),
      ["RightHand"] = CFrame.new(0.0324,-0.0849,-0.0208,0.9971,-0.0340,0.0686,0.0452,0.9845,-0.1693,-0.0618,0.1719,0.9832),
      ["LeftUpperLeg"] = CFrame.new(0.0000,0.0000,0.0000,0.9860,-0.0623,-0.1544,0.0835,0.9874,0.1344,0.1441,-0.1454,0.9788),
      ["LeftLowerLeg"] = CFrame.new(0.0000,-0.0001,0.0000,1.0000,-0.0000,0.0000,0.0000,0.9539,0.3000,-0.0000,-0.3000,0.9539),
      ["LeftFoot"] = CFrame.new(-0.0049,-0.0218,-0.0531,0.9957,0.0928,0.0004,-0.0888,0.9540,-0.2864,-0.0270,0.2852,0.9581),
      ["RightUpperLeg"] = CFrame.new(0.0000,0.0000,0.0000,0.9699,-0.0517,-0.2381,-0.1243,0.7356,-0.6659,0.2095,0.6754,0.7071),
      ["RightLowerLeg"] = CFrame.new(0.0000,-0.0003,0.0000,1.0000,-0.0000,0.0000,0.0000,0.7228,0.6911,-0.0000,-0.6911,0.7228),
      ["RightFoot"] = CFrame.new(0.0000,-0.0001,0.0000,0.9981,-0.0587,0.0159,0.0608,0.9723,-0.2256,-0.0022,0.2262,0.9741),
    }},
    {Time = 0.900, Data = {
      ["HumanoidRootPart"] = CFrame.new(0.0000,0.0000,0.0000,1.0000,0.0000,0.0000,0.0000,1.0000,0.0000,0.0000,0.0000,1.0000),
      ["LowerTorso"] = CFrame.new(0.0028,-0.0976,0.0000,0.9774,-0.0552,0.2040,0.0540,0.9985,0.0113,-0.2043,0.0000,0.9789),
      ["UpperTorso"] = CFrame.new(0.0000,0.0000,0.0000,0.9805,0.0906,-0.1744,-0.0928,0.9957,-0.0044,0.1732,0.0205,0.9847),
      ["LeftUpperArm"] = CFrame.new(0.0000,0.0000,0.0000,0.9959,0.0899,0.0012,-0.0887,0.9847,-0.1497,-0.0146,0.1490,0.9887),
      ["LeftLowerArm"] = CFrame.new(0.0000,-0.0003,0.0000,1.0000,-0.0000,0.0000,0.0000,0.9986,-0.0537,0.0000,0.0537,0.9986),
      ["LeftHand"] = CFrame.new(0.0000,-0.0003,0.0000,1.0000,-0.0000,0.0000,0.0000,0.9997,0.0263,-0.0000,-0.0263,0.9997),
      ["Head"] = CFrame.new(0.0000,0.0000,0.0000,0.9993,-0.0152,-0.0343,0.0186,0.9946,0.1019,0.0325,-0.1024,0.9942),
      ["RightUpperArm"] = CFrame.new(0.0000,0.0000,0.0000,0.7159,-0.2498,-0.6520,-0.0152,0.9281,-0.3721,0.6980,0.2763,0.6606),
      ["RightLowerArm"] = CFrame.new(0.0000,-0.0002,0.0000,1.0000,-0.0000,0.0000,0.0000,0.3046,-0.9525,0.0000,0.9525,0.3046),
      ["RightHand"] = CFrame.new(0.0324,-0.0849,-0.0208,0.9971,-0.0340,0.0686,0.0452,0.9845,-0.1693,-0.0618,0.1719,0.9832),
      ["LeftUpperLeg"] = CFrame.new(0.0000,0.0000,0.0000,0.9833,-0.0438,-0.1764,0.0805,0.9751,0.2066,0.1630,-0.2173,0.9624),
      ["LeftLowerLeg"] = CFrame.new(0.0000,-0.0001,0.0000,1.0000,-0.0000,0.0000,0.0000,0.9719,0.2353,-0.0000,-0.2353,0.9719),
      ["LeftFoot"] = CFrame.new(-0.0049,-0.0218,-0.0531,0.9935,0.1138,0.0002,-0.1087,0.9500,-0.2926,-0.0335,0.2907,0.9562),
      ["RightUpperLeg"] = CFrame.new(0.0000,0.0000,0.0000,0.9575,0.0138,-0.2882,-0.1655,0.8445,-0.5094,0.2363,0.5354,0.8109),
      ["RightLowerLeg"] = CFrame.new(0.0000,-0.0003,0.0000,1.0000,-0.0000,0.0000,0.0000,0.9103,0.4139,-0.0000,-0.4139,0.9103),
      ["RightFoot"] = CFrame.new(0.0000,-0.0001,0.0000,0.9960,-0.0870,0.0215,0.0896,0.9715,-0.2197,-0.0018,0.2207,0.9753),
    }},
    {Time = 0.917, Data = {
      ["HumanoidRootPart"] = CFrame.new(0.0000,0.0000,0.0000,1.0000,0.0000,0.0000,0.0000,1.0000,0.0000,0.0000,0.0000,1.0000),
      ["LowerTorso"] = CFrame.new(0.0030,-0.1002,0.0000,0.9764,-0.0568,0.2083,0.0556,0.9984,0.0118,-0.2086,0.0000,0.9780),
      ["UpperTorso"] = CFrame.new(0.0000,0.0000,0.0000,0.9796,0.0929,-0.1783,-0.0953,0.9954,-0.0045,0.1770,0.0214,0.9840),
      ["LeftUpperArm"] = CFrame.new(0.0000,0.0000,0.0000,0.9960,0.0898,0.0020,-0.0884,0.9840,-0.1549,-0.0159,0.1541,0.9879),
      ["LeftLowerArm"] = CFrame.new(0.0000,-0.0003,0.0000,1.0000,-0.0000,0.0000,0.0000,0.9986,-0.0537,0.0000,0.0537,0.9986),
      ["LeftHand"] = CFrame.new(0.0000,-0.0003,0.0000,1.0000,-0.0000,0.0000,0.0000,0.9997,0.0263,-0.0000,-0.0263,0.9997),
      ["Head"] = CFrame.new(0.0000,0.0000,0.0000,0.9993,-0.0174,-0.0340,0.0208,0.9946,0.1021,0.0320,-0.1027,0.9942),
      ["RightUpperArm"] = CFrame.new(0.0000,0.0000,0.0000,0.7158,-0.2498,-0.6521,-0.0146,0.9283,-0.3716,0.6982,0.2755,0.6608),
      ["RightLowerArm"] = CFrame.new(0.0000,-0.0002,0.0000,1.0000,-0.0000,0.0000,0.0000,0.2985,-0.9544,0.0000,0.9544,0.2985),
      ["RightHand"] = CFrame.new(0.0324,-0.0849,-0.0208,0.9971,-0.0340,0.0686,0.0452,0.9845,-0.1693,-0.0618,0.1719,0.9832),
      ["LeftUpperLeg"] = CFrame.new(0.0000,0.0000,0.0000,0.9827,-0.0391,-0.1810,0.0800,0.9712,0.2245,0.1670,-0.2351,0.9575),
      ["LeftLowerLeg"] = CFrame.new(0.0000,-0.0001,0.0000,1.0000,-0.0000,0.0000,0.0000,0.9761,0.2171,-0.0000,-0.2171,0.9761),
      ["LeftFoot"] = CFrame.new(-0.0049,-0.0218,-0.0531,0.9923,0.1235,0.0001,-0.1180,0.9482,-0.2948,-0.0365,0.2926,0.9556),
      ["RightUpperLeg"] = CFrame.new(0.0000,0.0000,0.0000,0.9538,0.0357,-0.2982,-0.1743,0.8745,-0.4527,0.2446,0.4838,0.8403),
      ["RightLowerLeg"] = CFrame.new(0.0000,-0.0003,0.0000,1.0000,-0.0000,0.0000,0.0000,0.9511,0.3089,-0.0000,-0.3089,0.9511),
      ["RightFoot"] = CFrame.new(0.0000,-0.0001,0.0000,0.9947,-0.1002,0.0241,0.1030,0.9708,-0.2166,-0.0017,0.2179,0.9760),
    }},
  }
}
