return {
  ["93640787371376"] = {
    {Time = 0.000, Data = {
      ["HumanoidRootPart"] = CFrame.new(0.0000,0.0000,0.0000,1.0000,0.0000,0.0000,0.0000,1.0000,0.0000,0.0000,0.0000,1.0000),
      ["LowerTorso"] = CFrame.new(-0.0694,-0.1092,-0.4803,0.9261,0.0066,-0.3771,0.2145,0.8133,0.5408,0.3103,-0.5818,0.7518),
      ["UpperTorso"] = CFrame.new(0.0000,0.0000,0.0000,0.9294,-0.0536,0.3652,0.0046,0.9910,0.1338,-0.3691,-0.1227,0.9213),
      ["LeftUpperArm"] = CFrame.new(-0.0027,-0.0248,0.0744,0.9836,0.0714,0.1658,-0.1798,0.3063,0.9348,0.0160,-0.9493,0.3141),
      ["LeftLowerArm"] = CFrame.new(-0.0007,0.0000,-0.0077,0.9998,0.0002,-0.0187,-0.0003,1.0000,-0.0084,0.0187,0.0084,0.9998),
      ["LeftHand"] = CFrame.new(0.0000,-0.0014,-0.0073,0.9938,0.1113,0.0041,-0.1112,0.9935,-0.0222,-0.0066,0.0216,0.9997),
      ["RightUpperArm"] = CFrame.new(0.0338,-0.0622,0.0584,0.9751,0.0208,-0.2209,0.1957,0.3886,0.9004,0.1046,-0.9212,0.3749),
      ["RightLowerArm"] = CFrame.new(0.0002,0.0000,-0.0077,0.9999,-0.0002,0.0122,0.0003,1.0000,-0.0084,-0.0122,0.0084,0.9999),
      ["RightHand"] = CFrame.new(0.0000,0.0000,0.0000,0.9955,-0.0940,-0.0073,0.0943,0.9921,0.0822,-0.0005,-0.0825,0.9966),
      ["Head"] = CFrame.new(0.0000,0.0000,0.0000,0.9997,-0.0142,0.0207,0.0231,0.8474,-0.5305,-0.0100,0.5308,0.8474),
      ["RightUpperLeg"] = CFrame.new(0.0000,0.0000,0.0101,0.9442,-0.1391,0.2986,0.0068,0.9145,0.4046,-0.3293,-0.3800,0.8644),
      ["RightLowerLeg"] = CFrame.new(0.0000,0.0000,-0.0001,1.0000,-0.0000,0.0000,0.0000,0.9395,0.3425,-0.0000,-0.3425,0.9395),
      ["RightFoot"] = CFrame.new(0.0000,0.0000,0.0000,1.0000,-0.0075,-0.0018,0.0073,0.9962,-0.0866,0.0024,0.0866,0.9962),
      ["LeftUpperLeg"] = CFrame.new(-0.0165,-0.0760,-0.0344,0.9223,0.3849,0.0342,-0.0247,0.1469,-0.9888,-0.3856,0.9112,0.1450),
      ["LeftLowerLeg"] = CFrame.new(0.0000,0.0000,0.0000,1.0000,-0.0000,0.0000,0.0000,0.9356,0.3530,-0.0000,-0.3530,0.9356),
      ["LeftFoot"] = CFrame.new(0.0000,0.0000,0.0000,0.9994,0.0258,0.0238,-0.0344,0.8560,0.5159,-0.0071,-0.5164,0.8563),
    }},
    {Time = 0.033, Data = {
      ["HumanoidRootPart"] = CFrame.new(0.0000,0.0000,0.0000,1.0000,0.0000,0.0000,0.0000,1.0000,0.0000,0.0000,0.0000,1.0000),
      ["LowerTorso"] = CFrame.new(-0.0610,-0.3031,-0.4667,0.9643,0.0173,-0.2644,0.1444,0.8022,0.5794,0.2221,-0.5969,0.7710),
      ["UpperTorso"] = CFrame.new(0.0000,0.0000,0.0000,0.9708,0.0188,0.2393,-0.0465,0.9928,0.1108,-0.2355,-0.1187,0.9646),
      ["LeftUpperArm"] = CFrame.new(-0.0027,-0.0248,0.0744,0.9836,0.0714,0.1658,-0.1798,0.3063,0.9348,0.0160,-0.9493,0.3141),
      ["LeftLowerArm"] = CFrame.new(-0.0007,0.0000,-0.0077,0.9998,0.0002,-0.0187,-0.0003,1.0000,-0.0084,0.0187,0.0084,0.9998),
      ["LeftHand"] = CFrame.new(0.0000,-0.0014,-0.0073,0.9938,0.1113,0.0041,-0.1112,0.9935,-0.0222,-0.0066,0.0216,0.9997),
      ["RightUpperArm"] = CFrame.new(0.0339,-0.0628,0.0591,0.9750,0.0202,-0.2213,0.1969,0.3833,0.9024,0.1030,-0.9234,0.3697),
      ["RightLowerArm"] = CFrame.new(0.0002,0.0000,-0.0077,0.9999,-0.0002,0.0122,0.0003,1.0000,-0.0084,-0.0122,0.0084,0.9999),
      ["RightHand"] = CFrame.new(0.0000,0.0000,0.0000,0.9957,-0.0922,-0.0066,0.0924,0.9928,0.0767,-0.0005,-0.0770,0.9970),
      ["Head"] = CFrame.new(0.0000,0.0000,0.0000,0.9960,-0.0609,0.0661,0.0866,0.8474,-0.5239,-0.0241,0.5275,0.8492),
      ["RightUpperLeg"] = CFrame.new(0.0000,0.0000,0.0101,0.9577,0.0256,0.2868,0.1101,0.8877,-0.4471,-0.2660,0.4597,0.8473),
      ["RightLowerLeg"] = CFrame.new(0.0000,0.0000,-0.0001,1.0000,-0.0000,0.0000,0.0000,0.0373,0.9993,-0.0000,-0.9993,0.0373),
      ["RightFoot"] = CFrame.new(0.0000,0.0000,0.0000,0.9955,0.0923,0.0219,-0.0828,0.9577,-0.2756,-0.0464,0.2725,0.9610),
      ["LeftUpperLeg"] = CFrame.new(-0.0165,-0.0760,-0.0344,0.9762,0.2170,-0.0034,0.0327,-0.1630,-0.9861,-0.2145,0.9625,-0.1662),
      ["LeftLowerLeg"] = CFrame.new(0.0000,0.0000,0.0000,1.0000,-0.0000,0.0000,0.0000,0.1379,0.9904,-0.0000,-0.9904,0.1379),
      ["LeftFoot"] = CFrame.new(0.0000,0.0000,0.0000,0.9939,0.0976,0.0516,-0.0812,0.9630,-0.2571,-0.0747,0.2514,0.9650),
    }},
    {Time = 0.067, Data = {
      ["HumanoidRootPart"] = CFrame.new(0.0000,0.0000,0.0000,1.0000,0.0000,0.0000,0.0000,1.0000,0.0000,0.0000,0.0000,1.0000),
      ["LowerTorso"] = CFrame.new(-0.0573,-0.2525,-0.4957,0.9872,0.0243,-0.1573,0.0761,0.7959,0.6007,0.1398,-0.6050,0.7839),
      ["UpperTorso"] = CFrame.new(0.0000,0.0000,0.0000,0.9900,0.0433,0.1340,-0.0552,0.9947,0.0867,-0.1295,-0.0932,0.9872),
      ["LeftUpperArm"] = CFrame.new(-0.0027,-0.0248,0.0744,0.9836,0.0714,0.1658,-0.1798,0.3063,0.9348,0.0160,-0.9493,0.3141),
      ["LeftLowerArm"] = CFrame.new(-0.0007,0.0000,-0.0077,0.9998,0.0002,-0.0187,-0.0003,1.0000,-0.0084,0.0187,0.0084,0.9998),
      ["LeftHand"] = CFrame.new(0.0000,-0.0014,-0.0073,0.9938,0.1113,0.0041,-0.1112,0.9935,-0.0222,-0.0066,0.0216,0.9997),
      ["RightUpperArm"] = CFrame.new(0.0339,-0.0634,0.0599,0.9749,0.0196,-0.2217,0.1981,0.3779,0.9044,0.1015,-0.9256,0.3646),
      ["RightLowerArm"] = CFrame.new(0.0002,0.0000,-0.0077,0.9999,-0.0002,0.0122,0.0003,1.0000,-0.0084,-0.0122,0.0084,0.9999),
      ["RightHand"] = CFrame.new(0.0000,0.0000,0.0000,0.9959,-0.0904,-0.0060,0.0906,0.9933,0.0712,-0.0005,-0.0715,0.9974),
      ["Head"] = CFrame.new(0.0000,0.0000,0.0000,0.9946,-0.0751,0.0719,0.1014,0.8535,-0.5112,-0.0230,0.5157,0.8565),
      ["RightUpperLeg"] = CFrame.new(0.0000,0.0000,0.0101,0.9655,0.0983,0.2412,0.1968,0.3314,-0.9227,-0.1707,0.9384,0.3006),
      ["RightLowerLeg"] = CFrame.new(0.0000,0.0000,-0.0001,1.0000,-0.0000,0.0000,-0.0000,-0.4198,0.9076,0.0000,-0.9076,-0.4198),
      ["RightFoot"] = CFrame.new(0.0000,0.0000,0.0000,0.9802,0.1929,0.0457,-0.1800,0.9627,-0.2019,-0.0829,0.1897,0.9783),
      ["LeftUpperLeg"] = CFrame.new(-0.0165,-0.0760,-0.0344,0.9949,0.0504,0.0879,0.0740,0.2311,-0.9701,-0.0692,0.9716,0.2262),
      ["LeftLowerLeg"] = CFrame.new(0.0000,0.0000,0.0000,1.0000,-0.0000,0.0000,0.0000,0.1812,0.9834,-0.0000,-0.9834,0.1812),
      ["LeftFoot"] = CFrame.new(0.0000,0.0000,0.0000,0.9872,0.1434,0.0692,-0.0845,0.8403,-0.5355,-0.1349,0.5229,0.8417),
    }},
    {Time = 0.100, Data = {
      ["HumanoidRootPart"] = CFrame.new(0.0000,0.0000,0.0000,1.0000,0.0000,0.0000,0.0000,1.0000,0.0000,0.0000,0.0000,1.0000),
      ["LowerTorso"] = CFrame.new(-0.0579,0.0429,-0.5672,0.9979,0.0291,-0.0578,0.0119,0.7950,0.6065,0.0637,-0.6059,0.7930),
      ["UpperTorso"] = CFrame.new(0.0000,0.0000,0.0000,0.9984,0.0178,0.0544,-0.0208,0.9983,0.0541,-0.0533,-0.0551,0.9971),
      ["LeftUpperArm"] = CFrame.new(-0.0027,-0.0248,0.0744,0.9836,0.0714,0.1658,-0.1798,0.3063,0.9348,0.0160,-0.9493,0.3141),
      ["LeftLowerArm"] = CFrame.new(-0.0007,0.0000,-0.0077,0.9998,0.0002,-0.0187,-0.0003,1.0000,-0.0084,0.0187,0.0084,0.9998),
      ["LeftHand"] = CFrame.new(0.0000,-0.0014,-0.0073,0.9938,0.1113,0.0041,-0.1112,0.9935,-0.0222,-0.0066,0.0216,0.9997),
      ["RightUpperArm"] = CFrame.new(0.0339,-0.0640,0.0606,0.9748,0.0189,-0.2221,0.1993,0.3726,0.9063,0.0999,-0.9278,0.3594),
      ["RightLowerArm"] = CFrame.new(0.0002,0.0000,-0.0077,0.9999,-0.0002,0.0122,0.0003,1.0000,-0.0084,-0.0122,0.0084,0.9999),
      ["RightHand"] = CFrame.new(0.0000,0.0000,0.0000,0.9960,-0.0886,-0.0054,0.0888,0.9939,0.0657,-0.0005,-0.0660,0.9978),
      ["Head"] = CFrame.new(0.0000,0.0000,0.0000,0.9975,-0.0588,0.0380,0.0699,0.8709,-0.4864,-0.0045,0.4879,0.8729),
      ["RightUpperLeg"] = CFrame.new(0.0000,0.0000,0.0101,0.9953,0.0133,0.0955,0.0958,-0.2501,-0.9635,0.0111,0.9681,-0.2502),
      ["RightLowerLeg"] = CFrame.new(0.0000,0.0000,-0.0001,1.0000,-0.0000,0.0000,-0.0000,-0.3394,0.9406,0.0000,-0.9406,-0.3394),
      ["RightFoot"] = CFrame.new(0.0000,0.0000,0.0000,0.9893,0.1419,0.0336,-0.1373,0.9841,-0.1130,-0.0491,0.1072,0.9930),
      ["LeftUpperLeg"] = CFrame.new(-0.0165,-0.0760,-0.0344,0.9965,-0.0824,0.0145,0.0824,0.9361,-0.3420,0.0147,0.3420,0.9396),
      ["LeftLowerLeg"] = CFrame.new(0.0000,0.0000,0.0000,1.0000,-0.0000,0.0000,0.0000,1.0000,0.0018,-0.0000,-0.0018,1.0000),
      ["LeftFoot"] = CFrame.new(0.0000,0.0000,0.0000,0.9890,0.1326,0.0650,-0.1315,0.9911,-0.0199,-0.0671,0.0111,0.9977),
    }},
    {Time = 0.133, Data = {
      ["HumanoidRootPart"] = CFrame.new(0.0000,0.0000,0.0000,1.0000,0.0000,0.0000,0.0000,1.0000,0.0000,0.0000,0.0000,1.0000),
      ["LowerTorso"] = CFrame.new(-0.0370,0.0829,-0.5825,0.9981,0.0479,0.0382,-0.0613,0.7931,0.6059,-0.0013,-0.6071,0.7946),
      ["UpperTorso"] = CFrame.new(0.0000,0.0000,0.0000,0.9996,-0.0106,-0.0247,0.0110,0.9998,0.0187,0.0245,-0.0190,0.9995),
      ["LeftUpperArm"] = CFrame.new(-0.0027,-0.0248,0.0744,0.9836,0.0714,0.1658,-0.1798,0.3063,0.9348,0.0160,-0.9493,0.3141),
      ["LeftLowerArm"] = CFrame.new(-0.0007,0.0000,-0.0077,0.9998,0.0002,-0.0187,-0.0003,1.0000,-0.0084,0.0187,0.0084,0.9998),
      ["LeftHand"] = CFrame.new(0.0000,-0.0014,-0.0073,0.9938,0.1113,0.0041,-0.1112,0.9935,-0.0222,-0.0066,0.0216,0.9997),
      ["RightUpperArm"] = CFrame.new(0.0340,-0.0645,0.0614,0.9748,0.0183,-0.2225,0.2004,0.3672,0.9083,0.0983,-0.9300,0.3543),
      ["RightLowerArm"] = CFrame.new(0.0002,0.0000,-0.0077,0.9999,-0.0002,0.0122,0.0003,1.0000,-0.0084,-0.0122,0.0084,0.9999),
      ["RightHand"] = CFrame.new(0.0000,0.0000,0.0000,0.9962,-0.0868,-0.0048,0.0870,0.9944,0.0602,-0.0005,-0.0604,0.9982),
      ["Head"] = CFrame.new(0.0000,0.0000,0.0000,0.9983,-0.0552,0.0159,0.0563,0.8874,-0.4575,0.0111,0.4576,0.8891),
      ["RightUpperLeg"] = CFrame.new(0.0000,0.0000,0.0101,0.9960,-0.0810,0.0374,-0.0021,-0.4400,-0.8980,0.0892,0.8943,-0.4384),
      ["RightLowerLeg"] = CFrame.new(0.0000,0.0000,-0.0001,1.0000,-0.0000,0.0000,-0.0000,-0.0053,1.0000,0.0000,-1.0000,-0.0053),
      ["RightFoot"] = CFrame.new(0.0000,0.0000,0.0000,0.9996,0.0287,0.0068,-0.0250,0.9478,-0.3180,-0.0155,0.3177,0.9481),
      ["LeftUpperLeg"] = CFrame.new(-0.0165,-0.0760,-0.0344,0.9983,-0.0573,0.0142,0.0591,0.9670,-0.2477,0.0005,0.2481,0.9687),
      ["LeftLowerLeg"] = CFrame.new(0.0000,0.0000,0.0000,1.0000,-0.0000,0.0000,0.0000,0.9793,0.2025,-0.0000,-0.2025,0.9793),
      ["LeftFoot"] = CFrame.new(0.0000,0.0000,0.0000,0.9990,0.0348,0.0273,-0.0394,0.9803,0.1934,-0.0201,-0.1943,0.9807),
    }},
    {Time = 0.167, Data = {
      ["HumanoidRootPart"] = CFrame.new(0.0000,0.0000,0.0000,1.0000,0.0000,0.0000,0.0000,1.0000,0.0000,0.0000,0.0000,1.0000),
      ["LowerTorso"] = CFrame.new(-0.0213,0.0313,-0.5652,0.9914,0.0643,0.1137,-0.1195,0.7978,0.5910,-0.0527,-0.5995,0.7986),
      ["UpperTorso"] = CFrame.new(0.0000,0.0000,0.0000,0.9939,-0.0416,-0.1022,0.0399,0.9990,-0.0189,0.1029,0.0147,0.9946),
      ["LeftUpperArm"] = CFrame.new(-0.0027,-0.0248,0.0744,0.9836,0.0714,0.1658,-0.1798,0.3063,0.9348,0.0160,-0.9493,0.3141),
      ["LeftLowerArm"] = CFrame.new(-0.0007,0.0000,-0.0077,0.9998,0.0002,-0.0187,-0.0003,1.0000,-0.0084,0.0187,0.0084,0.9998),
      ["LeftHand"] = CFrame.new(0.0000,-0.0014,-0.0073,0.9938,0.1113,0.0041,-0.1112,0.9935,-0.0222,-0.0066,0.0216,0.9997),
      ["RightUpperArm"] = CFrame.new(0.0340,-0.0651,0.0621,0.9747,0.0177,-0.2229,0.2016,0.3618,0.9102,0.0967,-0.9321,0.3491),
      ["RightLowerArm"] = CFrame.new(0.0002,0.0000,-0.0077,0.9999,-0.0002,0.0122,0.0003,1.0000,-0.0084,-0.0122,0.0084,0.9999),
      ["RightHand"] = CFrame.new(0.0000,0.0000,0.0000,0.9964,-0.0850,-0.0042,0.0851,0.9949,0.0547,-0.0005,-0.0549,0.9985),
      ["Head"] = CFrame.new(0.0000,0.0000,0.0000,0.9990,-0.0428,0.0127,0.0442,0.9084,-0.4157,0.0062,0.4158,0.9094),
      ["RightUpperLeg"] = CFrame.new(0.0000,0.0000,0.0101,0.9916,-0.1260,0.0290,0.0022,-0.2079,-0.9782,0.1293,0.9700,-0.2058),
      ["RightLowerLeg"] = CFrame.new(0.0000,0.0000,-0.0001,1.0000,-0.0000,0.0000,0.0000,0.5738,0.8190,-0.0000,-0.8190,0.5738),
      ["RightFoot"] = CFrame.new(0.0000,0.0000,0.0000,1.0000,0.0064,0.0015,-0.0061,0.9871,-0.1599,-0.0025,0.1599,0.9871),
      ["LeftUpperLeg"] = CFrame.new(-0.0165,-0.0760,-0.0344,0.9978,-0.0318,-0.0578,0.0175,0.9725,-0.2322,0.0636,0.2306,0.9710),
      ["LeftLowerLeg"] = CFrame.new(0.0000,0.0000,0.0000,1.0000,-0.0000,0.0000,0.0000,0.7291,0.6844,-0.0000,-0.6844,0.7291),
      ["LeftFoot"] = CFrame.new(0.0000,0.0000,0.0000,0.9999,-0.0135,0.0087,0.0119,0.9870,0.1604,-0.0107,-0.1602,0.9870),
    }},
    {Time = 0.200, Data = {
      ["HumanoidRootPart"] = CFrame.new(0.0000,0.0000,0.0000,1.0000,0.0000,0.0000,0.0000,1.0000,0.0000,0.0000,0.0000,1.0000),
      ["LowerTorso"] = CFrame.new(-0.0107,-0.1120,-0.5153,0.9825,0.0795,0.1683,-0.1622,0.8091,0.5649,-0.0913,-0.5823,0.8078),
      ["UpperTorso"] = CFrame.new(0.0000,0.0000,0.0000,0.9813,-0.0748,-0.1773,0.0654,0.9962,-0.0583,0.1810,0.0456,0.9824),
      ["LeftUpperArm"] = CFrame.new(-0.0027,-0.0248,0.0744,0.9836,0.0714,0.1658,-0.1798,0.3063,0.9348,0.0160,-0.9493,0.3141),
      ["LeftLowerArm"] = CFrame.new(-0.0007,0.0000,-0.0077,0.9998,0.0002,-0.0187,-0.0003,1.0000,-0.0084,0.0187,0.0084,0.9998),
      ["LeftHand"] = CFrame.new(0.0000,-0.0014,-0.0073,0.9938,0.1113,0.0041,-0.1112,0.9935,-0.0222,-0.0066,0.0216,0.9997),
      ["RightUpperArm"] = CFrame.new(0.0340,-0.0656,0.0629,0.9746,0.0170,-0.2233,0.2027,0.3564,0.9121,0.0951,-0.9342,0.3439),
      ["RightLowerArm"] = CFrame.new(0.0002,0.0000,-0.0077,0.9999,-0.0002,0.0122,0.0003,1.0000,-0.0084,-0.0122,0.0084,0.9999),
      ["RightHand"] = CFrame.new(0.0000,0.0000,0.0000,0.9965,-0.0832,-0.0036,0.0833,0.9953,0.0492,-0.0005,-0.0494,0.9988),
      ["Head"] = CFrame.new(0.0000,0.0000,0.0000,0.9993,-0.0235,0.0294,0.0326,0.9317,-0.3617,-0.0189,0.3624,0.9318),
      ["RightUpperLeg"] = CFrame.new(0.0000,0.0000,0.0101,0.9844,-0.1706,-0.0438,0.0206,0.3583,-0.9334,0.1750,0.9179,0.3562),
      ["RightLowerLeg"] = CFrame.new(0.0000,0.0000,-0.0001,1.0000,-0.0000,0.0000,0.0000,1.0000,0.0018,-0.0000,-0.0018,1.0000),
      ["RightFoot"] = CFrame.new(0.0000,0.0000,0.0000,0.9994,0.0331,0.0078,-0.0332,0.9003,0.4340,0.0073,-0.4340,0.9009),
      ["LeftUpperLeg"] = CFrame.new(-0.0165,-0.0760,-0.0344,0.9878,0.0282,-0.1533,0.0094,0.9710,0.2389,0.1556,-0.2375,0.9589),
      ["LeftLowerLeg"] = CFrame.new(0.0000,0.0000,0.0000,1.0000,-0.0000,0.0000,0.0000,0.6995,0.7146,-0.0000,-0.7146,0.6995),
      ["LeftFoot"] = CFrame.new(0.0000,0.0000,0.0000,0.9998,-0.0188,0.0066,0.0170,0.9789,0.2038,-0.0103,-0.2036,0.9790),
    }},
    {Time = 0.233, Data = {
      ["HumanoidRootPart"] = CFrame.new(0.0000,0.0000,0.0000,1.0000,0.0000,0.0000,0.0000,1.0000,0.0000,0.0000,0.0000,1.0000),
      ["LowerTorso"] = CFrame.new(-0.0583,-0.3200,-0.5533,0.9729,-0.0182,0.2303,-0.1216,0.8075,0.5772,-0.1965,-0.5895,0.7835),
      ["UpperTorso"] = CFrame.new(0.0000,0.0000,0.0000,0.9746,-0.0115,-0.2235,0.0048,0.9995,-0.0307,0.2238,0.0288,0.9742),
      ["LeftUpperArm"] = CFrame.new(-0.0027,-0.0248,0.0744,0.9836,0.0714,0.1658,-0.1798,0.3063,0.9348,0.0160,-0.9493,0.3141),
      ["LeftLowerArm"] = CFrame.new(-0.0007,0.0000,-0.0077,0.9998,0.0002,-0.0187,-0.0003,1.0000,-0.0084,0.0187,0.0084,0.9998),
      ["LeftHand"] = CFrame.new(0.0000,-0.0014,-0.0073,0.9938,0.1113,0.0041,-0.1112,0.9935,-0.0222,-0.0066,0.0216,0.9997),
      ["RightUpperArm"] = CFrame.new(0.0341,-0.0662,0.0637,0.9745,0.0164,-0.2236,0.2038,0.3510,0.9139,0.0935,-0.9362,0.3387),
      ["RightLowerArm"] = CFrame.new(0.0002,0.0000,-0.0077,0.9999,-0.0002,0.0122,0.0003,1.0000,-0.0084,-0.0122,0.0084,0.9999),
      ["RightHand"] = CFrame.new(0.0000,0.0000,0.0000,0.9967,-0.0814,-0.0031,0.0815,0.9957,0.0437,-0.0005,-0.0438,0.9990),
      ["Head"] = CFrame.new(0.0000,0.0000,0.0000,1.0000,0.0020,-0.0038,-0.0033,0.9194,-0.3932,0.0027,0.3932,0.9194),
      ["RightUpperLeg"] = CFrame.new(0.0000,0.0000,0.0101,0.9565,-0.2916,0.0028,0.0248,0.0717,-0.9971,0.2906,0.9538,0.0758),
      ["RightLowerLeg"] = CFrame.new(0.0000,0.0000,-0.0001,1.0000,-0.0000,0.0000,0.0000,0.3421,0.9397,-0.0000,-0.9397,0.3421),
      ["RightFoot"] = CFrame.new(0.0000,0.0000,0.0000,0.9939,0.1071,0.0254,-0.0960,0.9566,-0.2753,-0.0537,0.2712,0.9610),
      ["LeftUpperLeg"] = CFrame.new(-0.0165,-0.0760,-0.0344,0.9734,0.0797,-0.2149,-0.0969,0.9928,-0.0706,0.2077,0.0895,0.9741),
      ["LeftLowerLeg"] = CFrame.new(0.0000,0.0000,0.0000,1.0000,-0.0000,0.0000,0.0000,0.1726,0.9850,-0.0000,-0.9850,0.1726),
      ["LeftFoot"] = CFrame.new(0.0000,0.0000,0.0000,0.9994,-0.0358,-0.0000,0.0334,0.9331,-0.3582,0.0128,0.3579,0.9337),
    }},
    {Time = 0.267, Data = {
      ["HumanoidRootPart"] = CFrame.new(0.0000,0.0000,0.0000,1.0000,0.0000,0.0000,0.0000,1.0000,0.0000,0.0000,0.0000,1.0000),
      ["LowerTorso"] = CFrame.new(-0.0772,-0.4213,-0.5623,0.9779,-0.0460,0.2037,-0.0844,0.8051,0.5870,-0.1910,-0.5913,0.7835),
      ["UpperTorso"] = CFrame.new(0.0000,0.0000,0.0000,0.9779,0.0100,-0.2087,-0.0110,0.9999,-0.0036,0.2087,0.0058,0.9780),
      ["LeftUpperArm"] = CFrame.new(-0.0027,-0.0248,0.0744,0.9836,0.0714,0.1658,-0.1798,0.3063,0.9348,0.0160,-0.9493,0.3141),
      ["LeftLowerArm"] = CFrame.new(-0.0007,0.0000,-0.0077,0.9998,0.0002,-0.0187,-0.0003,1.0000,-0.0084,0.0187,0.0084,0.9998),
      ["LeftHand"] = CFrame.new(0.0000,-0.0014,-0.0073,0.9938,0.1113,0.0041,-0.1112,0.9935,-0.0222,-0.0066,0.0216,0.9997),
      ["RightUpperArm"] = CFrame.new(0.0341,-0.0667,0.0644,0.9745,0.0158,-0.2240,0.2049,0.3456,0.9157,0.0919,-0.9382,0.3335),
      ["RightLowerArm"] = CFrame.new(0.0002,0.0000,-0.0077,0.9999,-0.0002,0.0122,0.0003,1.0000,-0.0084,-0.0122,0.0084,0.9999),
      ["RightHand"] = CFrame.new(0.0000,0.0000,0.0000,0.9968,-0.0796,-0.0026,0.0796,0.9961,0.0382,-0.0005,-0.0383,0.9993),
      ["Head"] = CFrame.new(0.0000,0.0000,0.0000,0.9998,0.0177,0.0016,-0.0154,0.9071,-0.4205,-0.0089,0.4204,0.9073),
      ["RightUpperLeg"] = CFrame.new(0.0000,0.0000,0.0101,0.9619,-0.2694,-0.0463,0.0582,0.3673,-0.9283,0.2671,0.8902,0.3690),
      ["RightLowerLeg"] = CFrame.new(0.0000,0.0000,-0.0001,1.0000,-0.0000,0.0000,0.0000,0.2366,0.9716,-0.0000,-0.9716,0.2366),
      ["RightFoot"] = CFrame.new(0.0000,0.0000,0.0000,0.9898,0.1389,0.0329,-0.1066,0.8726,-0.4767,-0.0949,0.4683,0.8785),
      ["LeftUpperLeg"] = CFrame.new(-0.0165,-0.0760,-0.0344,0.9787,0.0353,-0.2020,-0.1259,0.8809,-0.4563,0.1619,0.4721,0.8666),
      ["LeftLowerLeg"] = CFrame.new(0.0000,0.0000,0.0000,1.0000,-0.0000,0.0000,-0.0000,-0.3939,0.9192,0.0000,-0.9192,-0.3939),
      ["LeftFoot"] = CFrame.new(0.0000,0.0000,0.0000,0.9989,-0.0472,-0.0044,0.0281,0.6646,-0.7467,0.0381,0.7457,0.6651),
    }},
    {Time = 0.300, Data = {
      ["HumanoidRootPart"] = CFrame.new(0.0000,0.0000,0.0000,1.0000,0.0000,0.0000,0.0000,1.0000,0.0000,0.0000,0.0000,1.0000),
      ["LowerTorso"] = CFrame.new(-0.0674,-0.4150,-0.5432,0.9960,-0.0036,0.0888,-0.0496,0.8061,0.5897,-0.0737,-0.5917,0.8028),
      ["UpperTorso"] = CFrame.new(0.0000,0.0000,0.0000,0.9949,0.0003,-0.1005,0.0023,0.9997,0.0260,0.1005,-0.0261,0.9946),
      ["LeftUpperArm"] = CFrame.new(-0.0027,-0.0248,0.0744,0.9836,0.0714,0.1658,-0.1798,0.3063,0.9348,0.0160,-0.9493,0.3141),
      ["LeftLowerArm"] = CFrame.new(-0.0007,0.0000,-0.0077,0.9998,0.0002,-0.0187,-0.0003,1.0000,-0.0084,0.0187,0.0084,0.9998),
      ["LeftHand"] = CFrame.new(0.0000,-0.0014,-0.0073,0.9938,0.1113,0.0041,-0.1112,0.9935,-0.0222,-0.0066,0.0216,0.9997),
      ["RightUpperArm"] = CFrame.new(0.0341,-0.0672,0.0652,0.9744,0.0151,-0.2243,0.2060,0.3402,0.9175,0.0902,-0.9402,0.3283),
      ["RightLowerArm"] = CFrame.new(0.0002,0.0000,-0.0077,0.9999,-0.0002,0.0122,0.0003,1.0000,-0.0084,-0.0122,0.0084,0.9999),
      ["RightHand"] = CFrame.new(0.0000,0.0000,0.0000,0.9970,-0.0778,-0.0021,0.0778,0.9964,0.0327,-0.0005,-0.0327,0.9995),
      ["Head"] = CFrame.new(0.0000,0.0000,0.0000,0.9998,-0.0057,0.0202,0.0141,0.8944,-0.4470,-0.0155,0.4471,0.8943),
      ["RightUpperLeg"] = CFrame.new(0.0000,0.0000,0.0101,0.9875,-0.1573,-0.0113,0.0966,0.6599,-0.7451,0.1246,0.7347,0.6668),
      ["RightLowerLeg"] = CFrame.new(0.0000,0.0000,-0.0001,1.0000,-0.0000,0.0000,0.0000,0.4191,0.9079,-0.0000,-0.9079,0.4191),
      ["RightFoot"] = CFrame.new(0.0000,0.0000,0.0000,0.9920,0.1232,0.0292,-0.0988,0.8973,-0.4302,-0.0792,0.4238,0.9023),
      ["LeftUpperLeg"] = CFrame.new(-0.0165,-0.0760,-0.0344,0.9991,-0.0132,-0.0404,-0.0340,0.3247,-0.9452,0.0256,0.9457,0.3240),
      ["LeftLowerLeg"] = CFrame.new(0.0000,0.0000,0.0000,1.0000,-0.0000,0.0000,-0.0000,-0.8067,0.5910,0.0000,-0.5910,-0.8067),
      ["LeftFoot"] = CFrame.new(0.0000,0.0000,0.0000,0.9998,-0.0162,0.0076,0.0158,0.5985,-0.8010,0.0085,0.8010,0.5986),
    }},
    {Time = 0.333, Data = {
      ["HumanoidRootPart"] = CFrame.new(0.0000,0.0000,0.0000,1.0000,0.0000,0.0000,0.0000,1.0000,0.0000,0.0000,0.0000,1.0000),
      ["LowerTorso"] = CFrame.new(-0.0793,-0.2016,-0.5283,0.9987,-0.0278,-0.0415,0.0468,0.8116,0.5824,0.0175,-0.5836,0.8119),
      ["UpperTorso"] = CFrame.new(0.0000,0.0000,0.0000,0.9991,-0.0004,0.0432,-0.0022,0.9982,0.0596,-0.0432,-0.0596,0.9973),
      ["LeftUpperArm"] = CFrame.new(-0.0027,-0.0248,0.0744,0.9836,0.0714,0.1658,-0.1798,0.3063,0.9348,0.0160,-0.9493,0.3141),
      ["LeftLowerArm"] = CFrame.new(-0.0007,0.0000,-0.0077,0.9998,0.0002,-0.0187,-0.0003,1.0000,-0.0084,0.0187,0.0084,0.9998),
      ["LeftHand"] = CFrame.new(0.0000,-0.0014,-0.0073,0.9938,0.1113,0.0041,-0.1112,0.9935,-0.0222,-0.0066,0.0216,0.9997),
      ["RightUpperArm"] = CFrame.new(0.0342,-0.0677,0.0660,0.9743,0.0145,-0.2247,0.2070,0.3347,0.9193,0.0886,-0.9422,0.3231),
      ["RightLowerArm"] = CFrame.new(0.0002,0.0000,-0.0077,0.9999,-0.0002,0.0122,0.0003,1.0000,-0.0084,-0.0122,0.0084,0.9999),
      ["RightHand"] = CFrame.new(0.0000,0.0000,0.0000,0.9971,-0.0759,-0.0016,0.0759,0.9967,0.0272,-0.0005,-0.0272,0.9996),
      ["Head"] = CFrame.new(0.0000,0.0000,0.0000,1.0000,0.0067,-0.0000,-0.0059,0.8836,-0.4682,-0.0031,0.4682,0.8836),
      ["RightUpperLeg"] = CFrame.new(0.0000,0.0000,0.0101,0.9975,-0.0615,0.0358,0.0646,0.9938,-0.0907,-0.0300,0.0927,0.9952),
      ["RightLowerLeg"] = CFrame.new(0.0000,0.0000,-0.0001,1.0000,-0.0000,0.0000,0.0000,1.0000,0.0018,-0.0000,-0.0018,1.0000),
      ["RightFoot"] = CFrame.new(0.0000,0.0000,0.0000,0.9936,0.1100,0.0261,-0.1128,0.9810,0.1582,-0.0082,-0.1601,0.9871),
      ["LeftUpperLeg"] = CFrame.new(-0.0165,-0.0760,-0.0344,0.9949,0.0985,0.0201,0.0683,-0.5156,-0.8541,-0.0738,0.8511,-0.5198),
      ["LeftLowerLeg"] = CFrame.new(0.0000,0.0000,0.0000,1.0000,-0.0000,0.0000,-0.0000,-0.7467,0.6651,0.0000,-0.6651,-0.7467),
      ["LeftFoot"] = CFrame.new(0.0000,0.0000,0.0000,0.9949,0.0884,0.0480,-0.0725,0.9611,-0.2664,-0.0697,0.2616,0.9627),
    }},
    {Time = 0.367, Data = {
      ["HumanoidRootPart"] = CFrame.new(0.0000,0.0000,0.0000,1.0000,0.0000,0.0000,0.0000,1.0000,0.0000,0.0000,0.0000,1.0000),
      ["LowerTorso"] = CFrame.new(-0.0699,-0.0242,-0.5429,0.9868,-0.0015,-0.1619,0.0942,0.8186,0.5666,0.1317,-0.5744,0.8079),
      ["UpperTorso"] = CFrame.new(0.0000,0.0000,0.0000,0.9838,-0.0429,0.1741,0.0273,0.9955,0.0911,-0.1772,-0.0849,0.9805),
      ["LeftUpperArm"] = CFrame.new(-0.0027,-0.0248,0.0744,0.9836,0.0714,0.1658,-0.1798,0.3063,0.9348,0.0160,-0.9493,0.3141),
      ["LeftLowerArm"] = CFrame.new(-0.0007,0.0000,-0.0077,0.9998,0.0002,-0.0187,-0.0003,1.0000,-0.0084,0.0187,0.0084,0.9998),
      ["LeftHand"] = CFrame.new(0.0000,-0.0014,-0.0073,0.9938,0.1113,0.0041,-0.1112,0.9935,-0.0222,-0.0066,0.0216,0.9997),
      ["RightUpperArm"] = CFrame.new(0.0342,-0.0682,0.0668,0.9743,0.0139,-0.2250,0.2080,0.3293,0.9210,0.0869,-0.9441,0.3179),
      ["RightLowerArm"] = CFrame.new(0.0002,0.0000,-0.0077,0.9999,-0.0002,0.0122,0.0003,1.0000,-0.0084,-0.0122,0.0084,0.9999),
      ["RightHand"] = CFrame.new(0.0000,0.0000,0.0000,0.9973,-0.0741,-0.0011,0.0741,0.9970,0.0216,-0.0005,-0.0217,0.9998),
      ["Head"] = CFrame.new(0.0000,0.0000,0.0000,0.9999,0.0040,-0.0138,-0.0102,0.8742,-0.4855,0.0102,0.4856,0.8741),
      ["RightUpperLeg"] = CFrame.new(0.0000,0.0000,0.0101,0.9847,-0.0542,0.1655,0.0459,0.9975,0.0536,-0.1680,-0.0452,0.9848),
      ["RightLowerLeg"] = CFrame.new(0.0000,0.0000,-0.0001,1.0000,-0.0000,0.0000,0.0000,1.0000,0.0018,-0.0000,-0.0018,1.0000),
      ["RightFoot"] = CFrame.new(0.0000,0.0000,0.0000,0.9977,0.0660,0.0156,-0.0678,0.9698,0.2343,0.0003,-0.2348,0.9720),
      ["LeftUpperLeg"] = CFrame.new(-0.0165,-0.0760,-0.0344,0.9796,0.1899,-0.0662,0.0642,-0.6075,-0.7918,-0.1906,0.7713,-0.6072),
      ["LeftLowerLeg"] = CFrame.new(0.0000,0.0000,0.0000,1.0000,-0.0000,0.0000,-0.0000,-0.3401,0.9404,0.0000,-0.9404,-0.3401),
      ["LeftFoot"] = CFrame.new(0.0000,0.0000,0.0000,0.9984,0.0475,0.0322,-0.0491,0.9975,0.0515,-0.0297,-0.0530,0.9982),
    }},
    {Time = 0.400, Data = {
      ["HumanoidRootPart"] = CFrame.new(0.0000,0.0000,0.0000,1.0000,0.0000,0.0000,0.0000,1.0000,0.0000,0.0000,0.0000,1.0000),
      ["LowerTorso"] = CFrame.new(-0.0392,0.1178,-0.5852,0.9596,0.0746,-0.2713,0.0916,0.8288,0.5521,0.2660,-0.5546,0.7884),
      ["UpperTorso"] = CFrame.new(0.0000,0.0000,0.0000,0.9499,-0.1238,0.2870,0.0905,0.9878,0.1265,-0.2992,-0.0942,0.9495),
      ["LeftUpperArm"] = CFrame.new(-0.0027,-0.0248,0.0744,0.9836,0.0714,0.1658,-0.1798,0.3063,0.9348,0.0160,-0.9493,0.3141),
      ["LeftLowerArm"] = CFrame.new(-0.0007,0.0000,-0.0077,0.9998,0.0002,-0.0187,-0.0003,1.0000,-0.0084,0.0187,0.0084,0.9998),
      ["LeftHand"] = CFrame.new(0.0000,-0.0014,-0.0073,0.9938,0.1113,0.0041,-0.1112,0.9935,-0.0222,-0.0066,0.0216,0.9997),
      ["RightUpperArm"] = CFrame.new(0.0342,-0.0687,0.0676,0.9742,0.0132,-0.2254,0.2091,0.3238,0.9227,0.0852,-0.9460,0.3127),
      ["RightLowerArm"] = CFrame.new(0.0002,0.0000,-0.0077,0.9999,-0.0002,0.0122,0.0003,1.0000,-0.0084,-0.0122,0.0084,0.9999),
      ["RightHand"] = CFrame.new(0.0000,0.0000,0.0000,0.9974,-0.0722,-0.0007,0.0723,0.9973,0.0161,-0.0005,-0.0161,0.9999),
      ["Head"] = CFrame.new(0.0000,0.0000,0.0000,0.9997,-0.0126,-0.0213,0.0004,0.8685,-0.4957,0.0247,0.4956,0.8682),
      ["RightUpperLeg"] = CFrame.new(0.0000,0.0000,0.0101,0.9646,-0.0968,0.2453,0.0281,0.9627,0.2692,-0.2622,-0.2527,0.9313),
      ["RightLowerLeg"] = CFrame.new(0.0000,0.0000,-0.0001,1.0000,-0.0000,0.0000,0.0000,1.0000,0.0018,-0.0000,-0.0018,1.0000),
      ["RightFoot"] = CFrame.new(0.0000,0.0000,0.0000,0.9996,-0.0265,-0.0063,0.0272,0.9701,0.2411,-0.0003,-0.2411,0.9705),
      ["LeftUpperLeg"] = CFrame.new(-0.0165,-0.0760,-0.0344,0.9338,0.3524,-0.0618,0.0891,-0.3962,-0.9138,-0.3465,0.8478,-0.4014),
      ["LeftLowerLeg"] = CFrame.new(0.0000,0.0000,0.0000,1.0000,-0.0000,0.0000,0.0000,0.3691,0.9294,-0.0000,-0.9294,0.3691),
      ["LeftFoot"] = CFrame.new(0.0000,0.0000,0.0000,0.9994,-0.0343,0.0006,0.0328,0.9581,0.2846,-0.0103,-0.2845,0.9586),
    }},
    {Time = 0.433, Data = {
      ["HumanoidRootPart"] = CFrame.new(0.0000,0.0000,0.0000,1.0000,0.0000,0.0000,0.0000,1.0000,0.0000,0.0000,0.0000,1.0000),
      ["LowerTorso"] = CFrame.new(-0.0593,-0.0333,-0.5151,0.9392,0.0289,-0.3422,0.1738,0.8195,0.5461,0.2962,-0.5724,0.7646),
      ["UpperTorso"] = CFrame.new(0.0000,0.0000,0.0000,0.9375,-0.0767,0.3394,0.0332,0.9907,0.1322,-0.3464,-0.1127,0.9313),
      ["LeftUpperArm"] = CFrame.new(-0.0027,-0.0248,0.0744,0.9836,0.0714,0.1658,-0.1798,0.3063,0.9348,0.0160,-0.9493,0.3141),
      ["LeftLowerArm"] = CFrame.new(-0.0007,0.0000,-0.0077,0.9998,0.0002,-0.0187,-0.0003,1.0000,-0.0084,0.0187,0.0084,0.9998),
      ["LeftHand"] = CFrame.new(0.0000,-0.0014,-0.0073,0.9938,0.1113,0.0041,-0.1112,0.9935,-0.0222,-0.0066,0.0216,0.9997),
      ["RightUpperArm"] = CFrame.new(0.0343,-0.0692,0.0684,0.9741,0.0126,-0.2257,0.2101,0.3183,0.9244,0.0835,-0.9479,0.3074),
      ["RightLowerArm"] = CFrame.new(0.0002,0.0000,-0.0077,0.9999,-0.0002,0.0122,0.0003,1.0000,-0.0084,-0.0122,0.0084,0.9999),
      ["RightHand"] = CFrame.new(0.0000,0.0000,0.0000,0.9975,-0.0704,-0.0003,0.0704,0.9975,0.0106,-0.0005,-0.0106,0.9999),
      ["Head"] = CFrame.new(0.0000,0.0000,0.0000,0.9999,-0.0138,0.0062,0.0150,0.8543,-0.5196,0.0019,0.5196,0.8544),
      ["RightUpperLeg"] = CFrame.new(0.0000,0.0000,0.0101,0.9525,-0.0942,0.2895,0.0091,0.9594,0.2820,-0.3043,-0.2660,0.9147),
      ["RightLowerLeg"] = CFrame.new(0.0000,0.0000,-0.0001,1.0000,-0.0000,0.0000,0.0000,0.9265,0.3762,-0.0000,-0.3762,0.9265),
      ["RightFoot"] = CFrame.new(0.0000,0.0000,0.0000,0.9998,-0.0180,-0.0043,0.0178,0.9988,-0.0457,0.0051,0.0456,0.9989),
      ["LeftUpperLeg"] = CFrame.new(-0.0165,-0.0760,-0.0344,0.9281,0.3716,-0.0229,0.0136,-0.0954,-0.9953,-0.3721,0.9235,-0.0936),
      ["LeftLowerLeg"] = CFrame.new(0.0000,0.0000,0.0000,1.0000,-0.0000,0.0000,0.0000,0.7263,0.6873,-0.0000,-0.6873,0.7263),
      ["LeftFoot"] = CFrame.new(0.0000,0.0000,0.0000,0.9998,0.0063,0.0163,-0.0121,0.9231,0.3843,-0.0126,-0.3844,0.9231),
    }},
    {Time = 0.450, Data = {
      ["HumanoidRootPart"] = CFrame.new(0.0000,0.0000,0.0000,1.0000,0.0000,0.0000,0.0000,1.0000,0.0000,0.0000,0.0000,1.0000),
      ["LowerTorso"] = CFrame.new(-0.0694,-0.1092,-0.4803,0.9261,0.0066,-0.3771,0.2145,0.8133,0.5408,0.3103,-0.5818,0.7518),
      ["UpperTorso"] = CFrame.new(0.0000,0.0000,0.0000,0.9294,-0.0536,0.3652,0.0046,0.9910,0.1338,-0.3691,-0.1227,0.9213),
      ["LeftUpperArm"] = CFrame.new(-0.0027,-0.0248,0.0744,0.9836,0.0714,0.1658,-0.1798,0.3063,0.9348,0.0160,-0.9493,0.3141),
      ["LeftLowerArm"] = CFrame.new(-0.0007,0.0000,-0.0077,0.9998,0.0002,-0.0187,-0.0003,1.0000,-0.0084,0.0187,0.0084,0.9998),
      ["LeftHand"] = CFrame.new(0.0000,-0.0014,-0.0073,0.9938,0.1113,0.0041,-0.1112,0.9935,-0.0222,-0.0066,0.0216,0.9997),
      ["RightUpperArm"] = CFrame.new(0.0343,-0.0695,0.0688,0.9741,0.0123,-0.2259,0.2106,0.3156,0.9252,0.0827,-0.9488,0.3048),
      ["RightLowerArm"] = CFrame.new(0.0002,0.0000,-0.0077,0.9999,-0.0002,0.0122,0.0003,1.0000,-0.0084,-0.0122,0.0084,0.9999),
      ["RightHand"] = CFrame.new(0.0000,0.0000,0.0000,0.9976,-0.0695,-0.0001,0.0695,0.9976,0.0079,-0.0005,-0.0078,1.0000),
      ["Head"] = CFrame.new(0.0000,0.0000,0.0000,0.9997,-0.0142,0.0207,0.0231,0.8474,-0.5305,-0.0100,0.5308,0.8474),
      ["RightUpperLeg"] = CFrame.new(0.0000,0.0000,0.0101,0.9442,-0.1391,0.2986,0.0068,0.9145,0.4046,-0.3293,-0.3800,0.8644),
      ["RightLowerLeg"] = CFrame.new(0.0000,0.0000,-0.0001,1.0000,-0.0000,0.0000,0.0000,0.9395,0.3425,-0.0000,-0.3425,0.9395),
      ["RightFoot"] = CFrame.new(0.0000,0.0000,0.0000,1.0000,-0.0075,-0.0018,0.0073,0.9962,-0.0866,0.0024,0.0866,0.9962),
      ["LeftUpperLeg"] = CFrame.new(-0.0165,-0.0760,-0.0344,0.9223,0.3849,0.0342,-0.0247,0.1469,-0.9888,-0.3856,0.9112,0.1450),
      ["LeftLowerLeg"] = CFrame.new(0.0000,0.0000,0.0000,1.0000,-0.0000,0.0000,0.0000,0.9356,0.3530,-0.0000,-0.3530,0.9356),
      ["LeftFoot"] = CFrame.new(0.0000,0.0000,0.0000,0.9994,0.0258,0.0238,-0.0344,0.8560,0.5159,-0.0071,-0.5164,0.8563),
    }},
  }
}
