return {
  ["92638267133475"] = {
    {Time = 0.000, Data = {
      ["HumanoidRootPart"] = CFrame.new(0.0000,0.0000,0.0000,1.0000,0.0000,0.0000,0.0000,1.0000,0.0000,0.0000,0.0000,1.0000),
      ["LowerTorso"] = CFrame.new(0.0000,0.0000,0.0000,1.0000,0.0000,0.0000,0.0000,1.0000,0.0000,0.0000,0.0000,1.0000),
      ["UpperTorso"] = CFrame.new(0.0000,0.0000,0.0000,1.0000,0.0000,0.0000,0.0000,1.0000,0.0000,0.0000,0.0000,1.0000),
      ["LeftUpperArm"] = CFrame.new(0.0000,-0.0000,0.0000,0.9659,-0.2588,-0.0000,-0.2588,-0.9659,0.0000,-0.0000,-0.0000,-1.0000),
      ["RightUpperArm"] = CFrame.new(0.0000,0.0000,0.0000,0.9659,0.2588,-0.0000,0.2588,-0.9659,0.0000,-0.0000,-0.0000,-1.0000),
      ["Head"] = CFrame.new(0.0000,0.9738,0.0000,1.0000,-0.0000,0.0000,0.0000,1.0000,-0.0000,-0.0000,0.0000,1.0000),
    }},
    {Time = 0.033, Data = {
      ["HumanoidRootPart"] = CFrame.new(0.0000,0.0000,0.0000,1.0000,0.0000,0.0000,0.0000,1.0000,0.0000,0.0000,0.0000,1.0000),
      ["LowerTorso"] = CFrame.new(0.0000,0.0000,0.0000,1.0000,-0.0000,0.0000,0.0000,1.0000,-0.0000,0.0000,0.0000,1.0000),
      ["UpperTorso"] = CFrame.new(0.0000,0.0000,0.0000,1.0000,0.0000,0.0000,0.0000,1.0000,0.0000,0.0000,0.0000,1.0000),
      ["LeftUpperArm"] = CFrame.new(0.0000,-0.0000,0.0000,0.9659,-0.2588,-0.0000,-0.2588,-0.9659,0.0000,-0.0000,-0.0000,-1.0000),
      ["RightUpperArm"] = CFrame.new(0.0000,0.0000,0.0000,0.9659,0.2588,-0.0000,0.2588,-0.9659,0.0000,-0.0000,-0.0000,-1.0000),
      ["Head"] = CFrame.new(0.0000,0.9738,0.0000,1.0000,-0.0000,0.0000,0.0000,1.0000,-0.0000,-0.0000,0.0000,1.0000),
    }},
    {Time = 0.067, Data = {
      ["HumanoidRootPart"] = CFrame.new(0.0000,0.0000,0.0000,1.0000,0.0000,0.0000,0.0000,1.0000,0.0000,0.0000,0.0000,1.0000),
      ["LowerTorso"] = CFrame.new(0.0000,0.0000,0.0000,1.0000,-0.0000,0.0000,0.0000,1.0000,-0.0000,0.0000,0.0000,1.0000),
      ["UpperTorso"] = CFrame.new(0.0000,0.0000,0.0000,1.0000,0.0000,0.0000,0.0000,1.0000,0.0000,0.0000,0.0000,1.0000),
      ["LeftUpperArm"] = CFrame.new(0.0000,-0.0000,0.0000,0.9659,-0.2588,-0.0000,-0.2588,-0.9659,0.0000,-0.0000,-0.0000,-1.0000),
      ["RightUpperArm"] = CFrame.new(0.0000,0.0000,0.0000,0.9659,0.2588,-0.0000,0.2588,-0.9659,0.0000,-0.0000,-0.0000,-1.0000),
      ["Head"] = CFrame.new(0.0000,0.9738,0.0000,1.0000,-0.0000,0.0000,0.0000,1.0000,-0.0000,-0.0000,0.0000,1.0000),
    }},
    {Time = 0.100, Data = {
      ["HumanoidRootPart"] = CFrame.new(0.0000,0.0000,0.0000,1.0000,0.0000,0.0000,0.0000,1.0000,0.0000,0.0000,0.0000,1.0000),
      ["LowerTorso"] = CFrame.new(0.0000,0.0000,0.0000,1.0000,-0.0000,0.0000,0.0000,1.0000,-0.0000,0.0000,0.0000,1.0000),
      ["UpperTorso"] = CFrame.new(0.0000,0.0000,0.0000,1.0000,0.0000,0.0000,0.0000,1.0000,0.0000,0.0000,0.0000,1.0000),
      ["LeftUpperArm"] = CFrame.new(0.0000,-0.0000,0.0000,0.9659,-0.2588,-0.0000,-0.2588,-0.9659,0.0000,-0.0000,-0.0000,-1.0000),
      ["RightUpperArm"] = CFrame.new(0.0000,0.0000,0.0000,0.9659,0.2588,-0.0000,0.2588,-0.9659,0.0000,-0.0000,-0.0000,-1.0000),
      ["Head"] = CFrame.new(0.0000,0.9738,0.0000,1.0000,-0.0000,0.0000,0.0000,1.0000,-0.0000,-0.0000,0.0000,1.0000),
    }},
    {Time = 0.133, Data = {
      ["HumanoidRootPart"] = CFrame.new(0.0000,0.0000,0.0000,1.0000,0.0000,0.0000,0.0000,1.0000,0.0000,0.0000,0.0000,1.0000),
      ["LowerTorso"] = CFrame.new(0.0000,0.0000,0.0000,0.9997,-0.0249,0.0000,0.0249,0.9997,-0.0000,0.0000,0.0000,1.0000),
      ["UpperTorso"] = CFrame.new(0.0000,0.0000,0.0000,1.0000,0.0000,0.0000,0.0000,1.0000,0.0000,0.0000,0.0000,1.0000),
      ["LeftUpperArm"] = CFrame.new(0.0000,-0.0000,0.0000,0.9659,-0.2588,-0.0000,-0.2588,-0.9659,0.0000,-0.0000,-0.0000,-1.0000),
      ["RightUpperArm"] = CFrame.new(0.0000,0.0000,0.0000,0.9659,0.2588,-0.0000,0.2588,-0.9659,0.0000,-0.0000,-0.0000,-1.0000),
      ["Head"] = CFrame.new(0.0000,0.9738,0.0000,1.0000,-0.0000,0.0000,0.0000,1.0000,-0.0000,-0.0000,0.0000,1.0000),
    }},
    {Time = 0.167, Data = {
      ["HumanoidRootPart"] = CFrame.new(0.0000,0.0000,0.0000,1.0000,0.0000,0.0000,0.0000,1.0000,0.0000,0.0000,0.0000,1.0000),
      ["LowerTorso"] = CFrame.new(0.0000,0.0000,0.0000,0.9988,-0.0499,0.0000,0.0499,0.9988,-0.0000,0.0000,0.0000,1.0000),
      ["UpperTorso"] = CFrame.new(0.0000,0.0000,0.0000,1.0000,0.0000,0.0000,0.0000,1.0000,0.0000,0.0000,0.0000,1.0000),
      ["LeftUpperArm"] = CFrame.new(0.0000,-0.0000,0.0000,0.9659,-0.2588,-0.0000,-0.2588,-0.9659,0.0000,-0.0000,-0.0000,-1.0000),
      ["RightUpperArm"] = CFrame.new(0.0000,0.0000,0.0000,0.9659,0.2588,-0.0000,0.2588,-0.9659,0.0000,-0.0000,-0.0000,-1.0000),
      ["Head"] = CFrame.new(0.0000,0.9738,0.0000,1.0000,-0.0000,0.0000,0.0000,1.0000,-0.0000,-0.0000,0.0000,1.0000),
    }},
    {Time = 0.200, Data = {
      ["HumanoidRootPart"] = CFrame.new(0.0000,0.0000,0.0000,1.0000,0.0000,0.0000,0.0000,1.0000,0.0000,0.0000,0.0000,1.0000),
      ["LowerTorso"] = CFrame.new(0.0000,0.0000,0.0000,0.9972,-0.0747,0.0000,0.0747,0.9972,-0.0000,0.0000,0.0000,1.0000),
      ["UpperTorso"] = CFrame.new(0.0000,0.0000,0.0000,1.0000,0.0000,0.0000,0.0000,1.0000,0.0000,0.0000,0.0000,1.0000),
      ["LeftUpperArm"] = CFrame.new(0.0000,-0.0000,0.0000,0.9659,-0.2588,-0.0000,-0.2588,-0.9659,0.0000,-0.0000,-0.0000,-1.0000),
      ["RightUpperArm"] = CFrame.new(0.0000,0.0000,0.0000,0.9659,0.2588,-0.0000,0.2588,-0.9659,0.0000,-0.0000,-0.0000,-1.0000),
      ["Head"] = CFrame.new(0.0000,0.9738,0.0000,1.0000,-0.0000,0.0000,0.0000,1.0000,-0.0000,-0.0000,0.0000,1.0000),
    }},
    {Time = 0.233, Data = {
      ["HumanoidRootPart"] = CFrame.new(0.0000,0.0000,0.0000,1.0000,0.0000,0.0000,0.0000,1.0000,0.0000,0.0000,0.0000,1.0000),
      ["LowerTorso"] = CFrame.new(0.0000,0.0000,0.0000,0.9950,-0.0996,0.0000,0.0996,0.9950,-0.0000,0.0000,0.0000,1.0000),
      ["UpperTorso"] = CFrame.new(0.0000,0.0000,0.0000,1.0000,0.0000,0.0000,0.0000,1.0000,0.0000,0.0000,0.0000,1.0000),
      ["LeftUpperArm"] = CFrame.new(0.0000,-0.0000,0.0000,0.9659,-0.2588,-0.0000,-0.2588,-0.9659,0.0000,-0.0000,-0.0000,-1.0000),
      ["RightUpperArm"] = CFrame.new(0.0000,0.0000,0.0000,0.9659,0.2588,-0.0000,0.2588,-0.9659,0.0000,-0.0000,-0.0000,-1.0000),
      ["Head"] = CFrame.new(0.0000,0.9738,0.0000,1.0000,-0.0000,0.0000,0.0000,1.0000,-0.0000,-0.0000,0.0000,1.0000),
    }},
    {Time = 0.267, Data = {
      ["HumanoidRootPart"] = CFrame.new(0.0000,0.0000,0.0000,1.0000,0.0000,0.0000,0.0000,1.0000,0.0000,0.0000,0.0000,1.0000),
      ["LowerTorso"] = CFrame.new(0.0000,0.0000,0.0000,0.9922,-0.1243,0.0000,0.1243,0.9922,-0.0000,0.0000,0.0000,1.0000),
      ["UpperTorso"] = CFrame.new(0.0000,0.0000,0.0000,1.0000,0.0000,0.0000,0.0000,1.0000,0.0000,0.0000,0.0000,1.0000),
      ["LeftUpperArm"] = CFrame.new(0.0000,-0.0000,0.0000,0.9659,-0.2588,-0.0000,-0.2588,-0.9659,0.0000,-0.0000,-0.0000,-1.0000),
      ["RightUpperArm"] = CFrame.new(0.0000,0.0000,0.0000,0.9659,0.2588,-0.0000,0.2588,-0.9659,0.0000,-0.0000,-0.0000,-1.0000),
      ["Head"] = CFrame.new(0.0000,0.9738,0.0000,1.0000,-0.0000,0.0000,0.0000,1.0000,-0.0000,-0.0000,0.0000,1.0000),
    }},
    {Time = 0.300, Data = {
      ["HumanoidRootPart"] = CFrame.new(0.0000,0.0000,0.0000,1.0000,0.0000,0.0000,0.0000,1.0000,0.0000,0.0000,0.0000,1.0000),
      ["LowerTorso"] = CFrame.new(0.0000,0.0000,0.0000,0.9888,-0.1490,0.0000,0.1490,0.9888,-0.0000,0.0000,0.0000,1.0000),
      ["UpperTorso"] = CFrame.new(0.0000,0.0000,0.0000,1.0000,0.0000,0.0000,0.0000,1.0000,0.0000,0.0000,0.0000,1.0000),
      ["LeftUpperArm"] = CFrame.new(0.0000,-0.0000,0.0000,0.9659,-0.2588,-0.0000,-0.2588,-0.9659,0.0000,-0.0000,-0.0000,-1.0000),
      ["RightUpperArm"] = CFrame.new(0.0000,0.0000,0.0000,0.9659,0.2588,-0.0000,0.2588,-0.9659,0.0000,-0.0000,-0.0000,-1.0000),
      ["Head"] = CFrame.new(0.0000,0.9738,0.0000,1.0000,-0.0000,0.0000,0.0000,1.0000,-0.0000,-0.0000,0.0000,1.0000),
    }},
    {Time = 0.333, Data = {
      ["HumanoidRootPart"] = CFrame.new(0.0000,0.0000,0.0000,1.0000,0.0000,0.0000,0.0000,1.0000,0.0000,0.0000,0.0000,1.0000),
      ["LowerTorso"] = CFrame.new(0.0000,0.0000,0.0000,0.9848,-0.1736,0.0000,0.1736,0.9848,-0.0000,0.0000,0.0000,1.0000),
      ["UpperTorso"] = CFrame.new(0.0000,0.0000,0.0000,1.0000,0.0000,0.0000,0.0000,1.0000,0.0000,0.0000,0.0000,1.0000),
      ["LeftUpperArm"] = CFrame.new(0.0000,-0.0000,0.0000,0.9659,-0.2588,-0.0000,-0.2588,-0.9659,0.0000,-0.0000,-0.0000,-1.0000),
      ["RightUpperArm"] = CFrame.new(0.0000,0.0000,0.0000,0.9659,0.2588,-0.0000,0.2588,-0.9659,0.0000,-0.0000,-0.0000,-1.0000),
      ["Head"] = CFrame.new(0.0000,0.9738,0.0000,1.0000,-0.0000,0.0000,0.0000,1.0000,-0.0000,-0.0000,0.0000,1.0000),
    }},
    {Time = 0.367, Data = {
      ["HumanoidRootPart"] = CFrame.new(0.0000,0.0000,0.0000,1.0000,0.0000,0.0000,0.0000,1.0000,0.0000,0.0000,0.0000,1.0000),
      ["LowerTorso"] = CFrame.new(0.0000,0.0000,0.0000,0.9848,-0.1736,0.0000,0.1736,0.9848,-0.0000,0.0000,0.0000,1.0000),
      ["UpperTorso"] = CFrame.new(0.0000,0.0000,0.0000,1.0000,0.0000,0.0000,0.0000,1.0000,0.0000,0.0000,0.0000,1.0000),
      ["LeftUpperArm"] = CFrame.new(0.0000,-0.0000,0.0000,0.9659,-0.2588,-0.0000,-0.2588,-0.9659,0.0000,-0.0000,-0.0000,-1.0000),
      ["RightUpperArm"] = CFrame.new(0.0000,0.0000,0.0000,0.9659,0.2588,-0.0000,0.2588,-0.9659,0.0000,-0.0000,-0.0000,-1.0000),
      ["Head"] = CFrame.new(0.0000,0.9738,0.0000,1.0000,-0.0000,0.0000,0.0000,1.0000,-0.0000,-0.0000,0.0000,1.0000),
    }},
    {Time = 0.400, Data = {
      ["HumanoidRootPart"] = CFrame.new(0.0000,0.0000,0.0000,1.0000,0.0000,0.0000,0.0000,1.0000,0.0000,0.0000,0.0000,1.0000),
      ["LowerTorso"] = CFrame.new(0.0000,0.0000,0.0000,0.9848,-0.1736,0.0000,0.1736,0.9848,-0.0000,0.0000,0.0000,1.0000),
      ["UpperTorso"] = CFrame.new(0.0000,0.0000,0.0000,1.0000,0.0000,0.0000,0.0000,1.0000,0.0000,0.0000,0.0000,1.0000),
      ["LeftUpperArm"] = CFrame.new(0.0000,-0.0000,0.0000,0.9659,-0.2588,-0.0000,-0.2588,-0.9659,0.0000,-0.0000,-0.0000,-1.0000),
      ["RightUpperArm"] = CFrame.new(0.0000,0.0000,0.0000,0.9659,0.2588,-0.0000,0.2588,-0.9659,0.0000,-0.0000,-0.0000,-1.0000),
      ["Head"] = CFrame.new(0.0000,0.9738,0.0000,1.0000,-0.0000,0.0000,0.0000,1.0000,-0.0000,-0.0000,0.0000,1.0000),
    }},
    {Time = 0.433, Data = {
      ["HumanoidRootPart"] = CFrame.new(0.0000,0.0000,0.0000,1.0000,0.0000,0.0000,0.0000,1.0000,0.0000,0.0000,0.0000,1.0000),
      ["LowerTorso"] = CFrame.new(0.0000,0.0000,0.0000,0.9848,-0.1736,0.0000,0.1736,0.9848,-0.0000,0.0000,0.0000,1.0000),
      ["UpperTorso"] = CFrame.new(0.0000,0.0000,0.0000,1.0000,0.0000,0.0000,0.0000,1.0000,0.0000,0.0000,0.0000,1.0000),
      ["LeftUpperArm"] = CFrame.new(0.0000,-0.0000,0.0000,0.9659,-0.2588,-0.0000,-0.2588,-0.9659,0.0000,-0.0000,-0.0000,-1.0000),
      ["RightUpperArm"] = CFrame.new(0.0000,0.0000,0.0000,0.9659,0.2588,-0.0000,0.2588,-0.9659,0.0000,-0.0000,-0.0000,-1.0000),
      ["Head"] = CFrame.new(0.0000,0.9738,0.0000,1.0000,-0.0000,0.0000,0.0000,1.0000,-0.0000,-0.0000,0.0000,1.0000),
    }},
    {Time = 0.467, Data = {
      ["HumanoidRootPart"] = CFrame.new(0.0000,0.0000,0.0000,1.0000,0.0000,0.0000,0.0000,1.0000,0.0000,0.0000,0.0000,1.0000),
      ["LowerTorso"] = CFrame.new(0.0000,0.0000,0.0000,0.9848,-0.1736,0.0000,0.1736,0.9848,-0.0000,0.0000,0.0000,1.0000),
      ["UpperTorso"] = CFrame.new(0.0000,0.0000,0.0000,1.0000,0.0000,0.0000,0.0000,1.0000,0.0000,0.0000,0.0000,1.0000),
      ["LeftUpperArm"] = CFrame.new(0.0000,-0.0000,0.0000,0.9659,-0.2588,-0.0000,-0.2588,-0.9659,0.0000,-0.0000,-0.0000,-1.0000),
      ["RightUpperArm"] = CFrame.new(0.0000,0.0000,0.0000,0.9659,0.2588,-0.0000,0.2588,-0.9659,0.0000,-0.0000,-0.0000,-1.0000),
      ["Head"] = CFrame.new(0.0000,0.9738,0.0000,1.0000,-0.0000,0.0000,0.0000,1.0000,-0.0000,-0.0000,0.0000,1.0000),
    }},
    {Time = 0.500, Data = {
      ["HumanoidRootPart"] = CFrame.new(0.0000,0.0000,0.0000,1.0000,0.0000,0.0000,0.0000,1.0000,0.0000,0.0000,0.0000,1.0000),
      ["LowerTorso"] = CFrame.new(0.0000,0.0000,0.0000,0.9848,-0.1736,0.0000,0.1736,0.9848,-0.0000,0.0000,0.0000,1.0000),
      ["UpperTorso"] = CFrame.new(0.0000,0.0000,0.0000,1.0000,0.0000,0.0000,0.0000,1.0000,0.0000,0.0000,0.0000,1.0000),
      ["LeftUpperArm"] = CFrame.new(0.0000,-0.0000,0.0000,0.9659,-0.2588,-0.0000,-0.2588,-0.9659,0.0000,-0.0000,-0.0000,-1.0000),
      ["RightUpperArm"] = CFrame.new(0.0000,0.0000,0.0000,0.9659,0.2588,-0.0000,0.2588,-0.9659,0.0000,-0.0000,-0.0000,-1.0000),
      ["Head"] = CFrame.new(0.0000,0.9738,0.0000,1.0000,-0.0000,0.0000,0.0000,1.0000,-0.0000,-0.0000,0.0000,1.0000),
    }},
    {Time = 0.533, Data = {
      ["HumanoidRootPart"] = CFrame.new(0.0000,0.0000,0.0000,1.0000,0.0000,0.0000,0.0000,1.0000,0.0000,0.0000,0.0000,1.0000),
      ["LowerTorso"] = CFrame.new(0.0000,0.0000,0.0000,0.9888,-0.1490,0.0000,0.1490,0.9888,-0.0000,0.0000,0.0000,1.0000),
      ["UpperTorso"] = CFrame.new(0.0000,0.0000,0.0000,1.0000,0.0000,0.0000,0.0000,1.0000,0.0000,0.0000,0.0000,1.0000),
      ["LeftUpperArm"] = CFrame.new(0.0000,-0.0000,0.0000,0.9659,-0.2588,-0.0000,-0.2588,-0.9659,0.0000,-0.0000,-0.0000,-1.0000),
      ["RightUpperArm"] = CFrame.new(0.0000,0.0000,0.0000,0.9659,0.2588,-0.0000,0.2588,-0.9659,0.0000,-0.0000,-0.0000,-1.0000),
      ["Head"] = CFrame.new(0.0000,0.9738,0.0000,1.0000,-0.0000,0.0000,0.0000,1.0000,-0.0000,-0.0000,0.0000,1.0000),
    }},
    {Time = 0.567, Data = {
      ["HumanoidRootPart"] = CFrame.new(0.0000,0.0000,0.0000,1.0000,0.0000,0.0000,0.0000,1.0000,0.0000,0.0000,0.0000,1.0000),
      ["LowerTorso"] = CFrame.new(0.0000,0.0000,0.0000,0.9922,-0.1243,0.0000,0.1243,0.9922,-0.0000,0.0000,0.0000,1.0000),
      ["UpperTorso"] = CFrame.new(0.0000,0.0000,0.0000,1.0000,0.0000,0.0000,0.0000,1.0000,0.0000,0.0000,0.0000,1.0000),
      ["LeftUpperArm"] = CFrame.new(0.0000,-0.0000,0.0000,0.9659,-0.2588,-0.0000,-0.2588,-0.9659,0.0000,-0.0000,-0.0000,-1.0000),
      ["RightUpperArm"] = CFrame.new(0.0000,0.0000,0.0000,0.9659,0.2588,-0.0000,0.2588,-0.9659,0.0000,-0.0000,-0.0000,-1.0000),
      ["Head"] = CFrame.new(0.0000,0.9738,0.0000,1.0000,-0.0000,0.0000,0.0000,1.0000,-0.0000,-0.0000,0.0000,1.0000),
    }},
    {Time = 0.600, Data = {
      ["HumanoidRootPart"] = CFrame.new(0.0000,0.0000,0.0000,1.0000,0.0000,0.0000,0.0000,1.0000,0.0000,0.0000,0.0000,1.0000),
      ["LowerTorso"] = CFrame.new(0.0000,0.0000,0.0000,0.9950,-0.0996,0.0000,0.0996,0.9950,-0.0000,0.0000,0.0000,1.0000),
      ["UpperTorso"] = CFrame.new(0.0000,0.0000,0.0000,1.0000,0.0000,0.0000,0.0000,1.0000,0.0000,0.0000,0.0000,1.0000),
      ["LeftUpperArm"] = CFrame.new(0.0000,-0.0000,0.0000,0.9659,-0.2588,-0.0000,-0.2588,-0.9659,0.0000,-0.0000,-0.0000,-1.0000),
      ["RightUpperArm"] = CFrame.new(0.0000,0.0000,0.0000,0.9659,0.2588,-0.0000,0.2588,-0.9659,0.0000,-0.0000,-0.0000,-1.0000),
      ["Head"] = CFrame.new(0.0000,0.9738,0.0000,1.0000,-0.0000,0.0000,0.0000,1.0000,-0.0000,-0.0000,0.0000,1.0000),
    }},
    {Time = 0.633, Data = {
      ["HumanoidRootPart"] = CFrame.new(0.0000,0.0000,0.0000,1.0000,0.0000,0.0000,0.0000,1.0000,0.0000,0.0000,0.0000,1.0000),
      ["LowerTorso"] = CFrame.new(0.0000,0.0000,0.0000,0.9972,-0.0747,0.0000,0.0747,0.9972,-0.0000,0.0000,0.0000,1.0000),
      ["UpperTorso"] = CFrame.new(0.0000,0.0000,0.0000,1.0000,0.0000,0.0000,0.0000,1.0000,0.0000,0.0000,0.0000,1.0000),
      ["LeftUpperArm"] = CFrame.new(0.0000,-0.0000,0.0000,0.9659,-0.2588,-0.0000,-0.2588,-0.9659,0.0000,-0.0000,-0.0000,-1.0000),
      ["RightUpperArm"] = CFrame.new(0.0000,0.0000,0.0000,0.9659,0.2588,-0.0000,0.2588,-0.9659,0.0000,-0.0000,-0.0000,-1.0000),
      ["Head"] = CFrame.new(0.0000,0.9738,0.0000,1.0000,-0.0000,0.0000,0.0000,1.0000,-0.0000,-0.0000,0.0000,1.0000),
    }},
    {Time = 0.667, Data = {
      ["HumanoidRootPart"] = CFrame.new(0.0000,0.0000,0.0000,1.0000,0.0000,0.0000,0.0000,1.0000,0.0000,0.0000,0.0000,1.0000),
      ["LowerTorso"] = CFrame.new(0.0000,0.0000,0.0000,0.9988,-0.0498,0.0000,0.0498,0.9988,-0.0000,0.0000,0.0000,1.0000),
      ["UpperTorso"] = CFrame.new(0.0000,0.0000,0.0000,1.0000,0.0000,0.0000,0.0000,1.0000,0.0000,0.0000,0.0000,1.0000),
      ["LeftUpperArm"] = CFrame.new(0.0000,-0.0000,0.0000,0.9659,-0.2588,-0.0000,-0.2588,-0.9659,0.0000,-0.0000,-0.0000,-1.0000),
      ["RightUpperArm"] = CFrame.new(0.0000,0.0000,0.0000,0.9659,0.2588,-0.0000,0.2588,-0.9659,0.0000,-0.0000,-0.0000,-1.0000),
      ["Head"] = CFrame.new(0.0000,0.9738,0.0000,1.0000,-0.0000,0.0000,0.0000,1.0000,-0.0000,-0.0000,0.0000,1.0000),
    }},
    {Time = 0.700, Data = {
      ["HumanoidRootPart"] = CFrame.new(0.0000,0.0000,0.0000,1.0000,0.0000,0.0000,0.0000,1.0000,0.0000,0.0000,0.0000,1.0000),
      ["LowerTorso"] = CFrame.new(0.0000,0.0000,0.0000,0.9997,-0.0249,0.0000,0.0249,0.9997,-0.0000,0.0000,0.0000,1.0000),
      ["UpperTorso"] = CFrame.new(0.0000,0.0000,0.0000,1.0000,0.0000,0.0000,0.0000,1.0000,0.0000,0.0000,0.0000,1.0000),
      ["LeftUpperArm"] = CFrame.new(0.0000,-0.0000,0.0000,0.9659,-0.2588,-0.0000,-0.2588,-0.9659,0.0000,-0.0000,-0.0000,-1.0000),
      ["RightUpperArm"] = CFrame.new(0.0000,0.0000,0.0000,0.9659,0.2588,-0.0000,0.2588,-0.9659,0.0000,-0.0000,-0.0000,-1.0000),
      ["Head"] = CFrame.new(0.0000,0.9738,0.0000,1.0000,-0.0000,0.0000,0.0000,1.0000,-0.0000,-0.0000,0.0000,1.0000),
    }},
    {Time = 0.733, Data = {
      ["HumanoidRootPart"] = CFrame.new(0.0000,0.0000,0.0000,1.0000,0.0000,0.0000,0.0000,1.0000,0.0000,0.0000,0.0000,1.0000),
      ["LowerTorso"] = CFrame.new(0.0000,0.0000,0.0000,1.0000,0.0000,0.0000,-0.0000,1.0000,-0.0000,-0.0000,0.0000,1.0000),
      ["UpperTorso"] = CFrame.new(0.0000,0.0000,0.0000,1.0000,0.0000,0.0000,0.0000,1.0000,0.0000,0.0000,0.0000,1.0000),
      ["LeftUpperArm"] = CFrame.new(0.0000,-0.0000,0.0000,0.9659,-0.2588,-0.0000,-0.2588,-0.9659,0.0000,-0.0000,-0.0000,-1.0000),
      ["RightUpperArm"] = CFrame.new(0.0000,0.0000,0.0000,0.9659,0.2588,-0.0000,0.2588,-0.9659,0.0000,-0.0000,-0.0000,-1.0000),
      ["Head"] = CFrame.new(0.0000,0.9738,0.0000,1.0000,-0.0000,0.0000,0.0000,1.0000,-0.0000,-0.0000,0.0000,1.0000),
    }},
    {Time = 0.767, Data = {
      ["HumanoidRootPart"] = CFrame.new(0.0000,0.0000,0.0000,1.0000,0.0000,0.0000,0.0000,1.0000,0.0000,0.0000,0.0000,1.0000),
      ["LowerTorso"] = CFrame.new(0.0000,0.0000,0.0000,1.0000,0.0000,0.0000,-0.0000,1.0000,-0.0000,-0.0000,0.0000,1.0000),
      ["UpperTorso"] = CFrame.new(0.0000,0.0000,0.0000,1.0000,0.0000,0.0000,0.0000,1.0000,0.0000,0.0000,0.0000,1.0000),
      ["LeftUpperArm"] = CFrame.new(0.0000,-0.0000,0.0000,0.9659,-0.2588,-0.0000,-0.2588,-0.9659,0.0000,-0.0000,-0.0000,-1.0000),
      ["RightUpperArm"] = CFrame.new(0.0000,0.0000,0.0000,0.9659,0.2588,-0.0000,0.2588,-0.9659,0.0000,-0.0000,-0.0000,-1.0000),
      ["Head"] = CFrame.new(0.0000,0.9738,0.0000,1.0000,-0.0000,0.0000,0.0000,1.0000,-0.0000,-0.0000,0.0000,1.0000),
    }},
    {Time = 0.800, Data = {
      ["HumanoidRootPart"] = CFrame.new(0.0000,0.0000,0.0000,1.0000,0.0000,0.0000,0.0000,1.0000,0.0000,0.0000,0.0000,1.0000),
      ["LowerTorso"] = CFrame.new(0.0000,0.0000,0.0000,1.0000,0.0000,0.0000,-0.0000,1.0000,-0.0000,-0.0000,0.0000,1.0000),
      ["UpperTorso"] = CFrame.new(0.0000,0.0000,0.0000,1.0000,0.0000,0.0000,0.0000,1.0000,0.0000,0.0000,0.0000,1.0000),
      ["LeftUpperArm"] = CFrame.new(0.0000,-0.0000,0.0000,0.9659,-0.2588,-0.0000,-0.2588,-0.9659,0.0000,-0.0000,-0.0000,-1.0000),
      ["RightUpperArm"] = CFrame.new(0.0000,0.0000,0.0000,0.9659,0.2588,-0.0000,0.2588,-0.9659,0.0000,-0.0000,-0.0000,-1.0000),
      ["Head"] = CFrame.new(0.0000,0.9738,0.0000,1.0000,-0.0000,0.0000,0.0000,1.0000,-0.0000,-0.0000,0.0000,1.0000),
    }},
    {Time = 0.833, Data = {
      ["HumanoidRootPart"] = CFrame.new(0.0000,0.0000,0.0000,1.0000,0.0000,0.0000,0.0000,1.0000,0.0000,0.0000,0.0000,1.0000),
      ["LowerTorso"] = CFrame.new(0.0000,0.0000,0.0000,1.0000,0.0000,0.0000,-0.0000,1.0000,-0.0000,-0.0000,0.0000,1.0000),
      ["UpperTorso"] = CFrame.new(0.0000,0.0000,0.0000,1.0000,0.0000,0.0000,0.0000,1.0000,0.0000,0.0000,0.0000,1.0000),
      ["LeftUpperArm"] = CFrame.new(0.0000,-0.0000,0.0000,0.9659,-0.2588,-0.0000,-0.2588,-0.9659,0.0000,-0.0000,-0.0000,-1.0000),
      ["RightUpperArm"] = CFrame.new(0.0000,0.0000,0.0000,0.9659,0.2588,-0.0000,0.2588,-0.9659,0.0000,-0.0000,-0.0000,-1.0000),
      ["Head"] = CFrame.new(0.0000,0.9738,0.0000,1.0000,-0.0000,0.0000,0.0000,1.0000,-0.0000,-0.0000,0.0000,1.0000),
    }},
    {Time = 0.867, Data = {
      ["HumanoidRootPart"] = CFrame.new(0.0000,0.0000,0.0000,1.0000,0.0000,0.0000,0.0000,1.0000,0.0000,0.0000,0.0000,1.0000),
      ["LowerTorso"] = CFrame.new(0.0000,0.0000,0.0000,1.0000,0.0000,0.0000,-0.0000,1.0000,-0.0000,-0.0000,0.0000,1.0000),
      ["UpperTorso"] = CFrame.new(0.0000,0.0000,0.0000,1.0000,0.0000,0.0000,0.0000,1.0000,0.0000,0.0000,0.0000,1.0000),
      ["LeftUpperArm"] = CFrame.new(0.0000,-0.0000,0.0000,0.9659,-0.2588,-0.0000,-0.2588,-0.9659,0.0000,-0.0000,-0.0000,-1.0000),
      ["RightUpperArm"] = CFrame.new(0.0000,0.0000,0.0000,0.9659,0.2588,-0.0000,0.2588,-0.9659,0.0000,-0.0000,-0.0000,-1.0000),
      ["Head"] = CFrame.new(0.0000,0.9738,0.0000,1.0000,-0.0000,0.0000,0.0000,1.0000,-0.0000,-0.0000,0.0000,1.0000),
    }},
    {Time = 0.900, Data = {
      ["HumanoidRootPart"] = CFrame.new(0.0000,0.0000,0.0000,1.0000,0.0000,0.0000,0.0000,1.0000,0.0000,0.0000,0.0000,1.0000),
      ["LowerTorso"] = CFrame.new(0.0000,0.0000,0.0000,1.0000,0.0000,0.0000,-0.0000,1.0000,-0.0000,-0.0000,0.0000,1.0000),
      ["UpperTorso"] = CFrame.new(0.0000,0.0000,0.0000,1.0000,0.0000,0.0000,0.0000,1.0000,0.0000,0.0000,0.0000,1.0000),
      ["LeftUpperArm"] = CFrame.new(0.0000,-0.0000,0.0000,0.9659,-0.2588,-0.0000,-0.2588,-0.9659,0.0000,-0.0000,-0.0000,-1.0000),
      ["RightUpperArm"] = CFrame.new(0.0000,0.0000,0.0000,0.9659,0.2588,-0.0000,0.2588,-0.9659,0.0000,-0.0000,-0.0000,-1.0000),
      ["Head"] = CFrame.new(0.0000,0.9738,0.0000,1.0000,-0.0000,0.0000,0.0000,1.0000,-0.0000,-0.0000,0.0000,1.0000),
    }},
    {Time = 0.933, Data = {
      ["HumanoidRootPart"] = CFrame.new(0.0000,0.0000,0.0000,1.0000,0.0000,0.0000,0.0000,1.0000,0.0000,0.0000,0.0000,1.0000),
      ["LowerTorso"] = CFrame.new(0.0000,0.0000,0.0000,0.9996,0.0291,0.0000,-0.0291,0.9996,-0.0000,-0.0000,0.0000,1.0000),
      ["UpperTorso"] = CFrame.new(0.0000,0.0000,0.0000,1.0000,0.0000,0.0000,0.0000,1.0000,0.0000,0.0000,0.0000,1.0000),
      ["LeftUpperArm"] = CFrame.new(0.0000,-0.0000,0.0000,0.9659,-0.2588,-0.0000,-0.2588,-0.9659,0.0000,-0.0000,-0.0000,-1.0000),
      ["RightUpperArm"] = CFrame.new(0.0000,0.0000,0.0000,0.9659,0.2588,-0.0000,0.2588,-0.9659,0.0000,-0.0000,-0.0000,-1.0000),
      ["Head"] = CFrame.new(0.0000,0.9738,0.0000,1.0000,-0.0000,0.0000,0.0000,1.0000,-0.0000,-0.0000,0.0000,1.0000),
    }},
    {Time = 0.967, Data = {
      ["HumanoidRootPart"] = CFrame.new(0.0000,0.0000,0.0000,1.0000,0.0000,0.0000,0.0000,1.0000,0.0000,0.0000,0.0000,1.0000),
      ["LowerTorso"] = CFrame.new(0.0000,0.0000,0.0000,0.9983,0.0582,0.0000,-0.0582,0.9983,-0.0000,-0.0000,0.0000,1.0000),
      ["UpperTorso"] = CFrame.new(0.0000,0.0000,0.0000,1.0000,0.0000,0.0000,0.0000,1.0000,0.0000,0.0000,0.0000,1.0000),
      ["LeftUpperArm"] = CFrame.new(0.0000,-0.0000,0.0000,0.9659,-0.2588,-0.0000,-0.2588,-0.9659,0.0000,-0.0000,-0.0000,-1.0000),
      ["RightUpperArm"] = CFrame.new(0.0000,0.0000,0.0000,0.9659,0.2588,-0.0000,0.2588,-0.9659,0.0000,-0.0000,-0.0000,-1.0000),
      ["Head"] = CFrame.new(0.0000,0.9738,0.0000,1.0000,-0.0000,0.0000,0.0000,1.0000,-0.0000,-0.0000,0.0000,1.0000),
    }},
    {Time = 1.000, Data = {
      ["HumanoidRootPart"] = CFrame.new(0.0000,0.0000,0.0000,1.0000,0.0000,0.0000,0.0000,1.0000,0.0000,0.0000,0.0000,1.0000),
      ["LowerTorso"] = CFrame.new(0.0000,0.0000,0.0000,0.9962,0.0872,0.0000,-0.0872,0.9962,-0.0000,-0.0000,0.0000,1.0000),
      ["UpperTorso"] = CFrame.new(0.0000,0.0000,0.0000,1.0000,0.0000,0.0000,0.0000,1.0000,0.0000,0.0000,0.0000,1.0000),
      ["LeftUpperArm"] = CFrame.new(0.0000,-0.0000,0.0000,0.9659,-0.2588,-0.0000,-0.2588,-0.9659,0.0000,-0.0000,-0.0000,-1.0000),
      ["RightUpperArm"] = CFrame.new(0.0000,0.0000,0.0000,0.9659,0.2588,-0.0000,0.2588,-0.9659,0.0000,-0.0000,-0.0000,-1.0000),
      ["Head"] = CFrame.new(0.0000,0.9738,0.0000,1.0000,-0.0000,0.0000,0.0000,1.0000,-0.0000,-0.0000,0.0000,1.0000),
    }},
    {Time = 1.033, Data = {
      ["HumanoidRootPart"] = CFrame.new(0.0000,0.0000,0.0000,1.0000,0.0000,0.0000,0.0000,1.0000,0.0000,0.0000,0.0000,1.0000),
      ["LowerTorso"] = CFrame.new(0.0000,0.0000,0.0000,0.9932,0.1161,0.0000,-0.1161,0.9932,-0.0000,-0.0000,0.0000,1.0000),
      ["UpperTorso"] = CFrame.new(0.0000,0.0000,0.0000,1.0000,0.0000,0.0000,0.0000,1.0000,0.0000,0.0000,0.0000,1.0000),
      ["LeftUpperArm"] = CFrame.new(0.0000,-0.0000,0.0000,0.9659,-0.2588,-0.0000,-0.2588,-0.9659,0.0000,-0.0000,-0.0000,-1.0000),
      ["RightUpperArm"] = CFrame.new(0.0000,0.0000,0.0000,0.9659,0.2588,-0.0000,0.2588,-0.9659,0.0000,-0.0000,-0.0000,-1.0000),
      ["Head"] = CFrame.new(0.0000,0.9738,0.0000,1.0000,-0.0000,0.0000,0.0000,1.0000,-0.0000,-0.0000,0.0000,1.0000),
    }},
    {Time = 1.067, Data = {
      ["HumanoidRootPart"] = CFrame.new(0.0000,0.0000,0.0000,1.0000,0.0000,0.0000,0.0000,1.0000,0.0000,0.0000,0.0000,1.0000),
      ["LowerTorso"] = CFrame.new(0.0000,0.0000,0.0000,0.9894,0.1449,0.0000,-0.1449,0.9894,-0.0000,-0.0000,0.0000,1.0000),
      ["UpperTorso"] = CFrame.new(0.0000,0.0000,0.0000,1.0000,0.0000,0.0000,0.0000,1.0000,0.0000,0.0000,0.0000,1.0000),
      ["LeftUpperArm"] = CFrame.new(0.0000,-0.0000,0.0000,0.9659,-0.2588,-0.0000,-0.2588,-0.9659,0.0000,-0.0000,-0.0000,-1.0000),
      ["RightUpperArm"] = CFrame.new(0.0000,0.0000,0.0000,0.9659,0.2588,-0.0000,0.2588,-0.9659,0.0000,-0.0000,-0.0000,-1.0000),
      ["Head"] = CFrame.new(0.0000,0.9738,0.0000,1.0000,-0.0000,0.0000,0.0000,1.0000,-0.0000,-0.0000,0.0000,1.0000),
    }},
    {Time = 1.100, Data = {
      ["HumanoidRootPart"] = CFrame.new(0.0000,0.0000,0.0000,1.0000,0.0000,0.0000,0.0000,1.0000,0.0000,0.0000,0.0000,1.0000),
      ["LowerTorso"] = CFrame.new(0.0000,0.0000,0.0000,0.9848,0.1736,0.0000,-0.1736,0.9848,-0.0000,-0.0000,0.0000,1.0000),
      ["UpperTorso"] = CFrame.new(0.0000,0.0000,0.0000,1.0000,0.0000,0.0000,0.0000,1.0000,0.0000,0.0000,0.0000,1.0000),
      ["LeftUpperArm"] = CFrame.new(0.0000,-0.0000,0.0000,0.9659,-0.2588,-0.0000,-0.2588,-0.9659,0.0000,-0.0000,-0.0000,-1.0000),
      ["RightUpperArm"] = CFrame.new(0.0000,0.0000,0.0000,0.9659,0.2588,-0.0000,0.2588,-0.9659,0.0000,-0.0000,-0.0000,-1.0000),
      ["Head"] = CFrame.new(0.0000,0.9738,0.0000,1.0000,-0.0000,0.0000,0.0000,1.0000,-0.0000,-0.0000,0.0000,1.0000),
    }},
    {Time = 1.133, Data = {
      ["HumanoidRootPart"] = CFrame.new(0.0000,0.0000,0.0000,1.0000,0.0000,0.0000,0.0000,1.0000,0.0000,0.0000,0.0000,1.0000),
      ["LowerTorso"] = CFrame.new(0.0000,0.0000,0.0000,0.9848,0.1736,0.0000,-0.1736,0.9848,-0.0000,-0.0000,0.0000,1.0000),
      ["UpperTorso"] = CFrame.new(0.0000,0.0000,0.0000,1.0000,0.0000,0.0000,0.0000,1.0000,0.0000,0.0000,0.0000,1.0000),
      ["LeftUpperArm"] = CFrame.new(0.0000,-0.0000,0.0000,0.9659,-0.2588,-0.0000,-0.2588,-0.9659,0.0000,-0.0000,-0.0000,-1.0000),
      ["RightUpperArm"] = CFrame.new(0.0000,0.0000,0.0000,0.9659,0.2588,-0.0000,0.2588,-0.9659,0.0000,-0.0000,-0.0000,-1.0000),
      ["Head"] = CFrame.new(0.0000,0.9738,0.0000,1.0000,-0.0000,0.0000,0.0000,1.0000,-0.0000,-0.0000,0.0000,1.0000),
    }},
    {Time = 1.167, Data = {
      ["HumanoidRootPart"] = CFrame.new(0.0000,0.0000,0.0000,1.0000,0.0000,0.0000,0.0000,1.0000,0.0000,0.0000,0.0000,1.0000),
      ["LowerTorso"] = CFrame.new(0.0000,0.0000,0.0000,0.9848,0.1736,0.0000,-0.1736,0.9848,-0.0000,-0.0000,0.0000,1.0000),
      ["UpperTorso"] = CFrame.new(0.0000,0.0000,0.0000,1.0000,0.0000,0.0000,0.0000,1.0000,0.0000,0.0000,0.0000,1.0000),
      ["LeftUpperArm"] = CFrame.new(0.0000,-0.0000,0.0000,0.9659,-0.2588,-0.0000,-0.2588,-0.9659,0.0000,-0.0000,-0.0000,-1.0000),
      ["RightUpperArm"] = CFrame.new(0.0000,0.0000,0.0000,0.9659,0.2588,-0.0000,0.2588,-0.9659,0.0000,-0.0000,-0.0000,-1.0000),
      ["Head"] = CFrame.new(0.0000,0.9738,0.0000,1.0000,-0.0000,0.0000,0.0000,1.0000,-0.0000,-0.0000,0.0000,1.0000),
    }},
    {Time = 1.200, Data = {
      ["HumanoidRootPart"] = CFrame.new(0.0000,0.0000,0.0000,1.0000,0.0000,0.0000,0.0000,1.0000,0.0000,0.0000,0.0000,1.0000),
      ["LowerTorso"] = CFrame.new(0.0000,0.0000,0.0000,0.9848,0.1736,0.0000,-0.1736,0.9848,-0.0000,-0.0000,0.0000,1.0000),
      ["UpperTorso"] = CFrame.new(0.0000,0.0000,0.0000,1.0000,0.0000,0.0000,0.0000,1.0000,0.0000,0.0000,0.0000,1.0000),
      ["LeftUpperArm"] = CFrame.new(0.0000,-0.0000,0.0000,0.9659,-0.2588,-0.0000,-0.2588,-0.9659,0.0000,-0.0000,-0.0000,-1.0000),
      ["RightUpperArm"] = CFrame.new(0.0000,0.0000,0.0000,0.9659,0.2588,-0.0000,0.2588,-0.9659,0.0000,-0.0000,-0.0000,-1.0000),
      ["Head"] = CFrame.new(0.0000,0.9738,0.0000,1.0000,-0.0000,0.0000,0.0000,1.0000,-0.0000,-0.0000,0.0000,1.0000),
    }},
    {Time = 1.233, Data = {
      ["HumanoidRootPart"] = CFrame.new(0.0000,0.0000,0.0000,1.0000,0.0000,0.0000,0.0000,1.0000,0.0000,0.0000,0.0000,1.0000),
      ["LowerTorso"] = CFrame.new(0.0000,0.0000,0.0000,0.9848,0.1736,0.0000,-0.1736,0.9848,-0.0000,-0.0000,0.0000,1.0000),
      ["UpperTorso"] = CFrame.new(0.0000,0.0000,0.0000,1.0000,0.0000,0.0000,0.0000,1.0000,0.0000,0.0000,0.0000,1.0000),
      ["LeftUpperArm"] = CFrame.new(0.0000,-0.0000,0.0000,0.9659,-0.2588,-0.0000,-0.2588,-0.9659,0.0000,-0.0000,-0.0000,-1.0000),
      ["RightUpperArm"] = CFrame.new(0.0000,0.0000,0.0000,0.9659,0.2588,-0.0000,0.2588,-0.9659,0.0000,-0.0000,-0.0000,-1.0000),
      ["Head"] = CFrame.new(0.0000,0.9738,0.0000,1.0000,-0.0000,0.0000,0.0000,1.0000,-0.0000,-0.0000,0.0000,1.0000),
    }},
    {Time = 1.267, Data = {
      ["HumanoidRootPart"] = CFrame.new(0.0000,0.0000,0.0000,1.0000,0.0000,0.0000,0.0000,1.0000,0.0000,0.0000,0.0000,1.0000),
      ["LowerTorso"] = CFrame.new(0.0000,0.0000,0.0000,0.9848,0.1736,0.0000,-0.1736,0.9848,-0.0000,-0.0000,0.0000,1.0000),
      ["UpperTorso"] = CFrame.new(0.0000,0.0000,0.0000,1.0000,0.0000,0.0000,0.0000,1.0000,0.0000,0.0000,0.0000,1.0000),
      ["LeftUpperArm"] = CFrame.new(0.0000,-0.0000,0.0000,0.9659,-0.2588,-0.0000,-0.2588,-0.9659,0.0000,-0.0000,-0.0000,-1.0000),
      ["RightUpperArm"] = CFrame.new(0.0000,0.0000,0.0000,0.9659,0.2588,-0.0000,0.2588,-0.9659,0.0000,-0.0000,-0.0000,-1.0000),
      ["Head"] = CFrame.new(0.0000,0.9738,0.0000,1.0000,-0.0000,0.0000,0.0000,1.0000,-0.0000,-0.0000,0.0000,1.0000),
    }},
    {Time = 1.300, Data = {
      ["HumanoidRootPart"] = CFrame.new(0.0000,0.0000,0.0000,1.0000,0.0000,0.0000,0.0000,1.0000,0.0000,0.0000,0.0000,1.0000),
      ["LowerTorso"] = CFrame.new(0.0000,0.0000,0.0000,0.9894,0.1449,0.0000,-0.1449,0.9894,-0.0000,-0.0000,0.0000,1.0000),
      ["UpperTorso"] = CFrame.new(0.0000,0.0000,0.0000,1.0000,0.0000,0.0000,0.0000,1.0000,0.0000,0.0000,0.0000,1.0000),
      ["LeftUpperArm"] = CFrame.new(0.0000,-0.0000,0.0000,0.9659,-0.2588,-0.0000,-0.2588,-0.9659,0.0000,-0.0000,-0.0000,-1.0000),
      ["RightUpperArm"] = CFrame.new(0.0000,0.0000,0.0000,0.9659,0.2588,-0.0000,0.2588,-0.9659,0.0000,-0.0000,-0.0000,-1.0000),
      ["Head"] = CFrame.new(0.0000,0.9738,0.0000,1.0000,-0.0000,0.0000,0.0000,1.0000,-0.0000,-0.0000,0.0000,1.0000),
    }},
    {Time = 1.333, Data = {
      ["HumanoidRootPart"] = CFrame.new(0.0000,0.0000,0.0000,1.0000,0.0000,0.0000,0.0000,1.0000,0.0000,0.0000,0.0000,1.0000),
      ["LowerTorso"] = CFrame.new(0.0000,0.0000,0.0000,0.9932,0.1161,0.0000,-0.1161,0.9932,-0.0000,-0.0000,0.0000,1.0000),
      ["UpperTorso"] = CFrame.new(0.0000,0.0000,0.0000,1.0000,0.0000,0.0000,0.0000,1.0000,0.0000,0.0000,0.0000,1.0000),
      ["LeftUpperArm"] = CFrame.new(0.0000,-0.0000,0.0000,0.9659,-0.2588,-0.0000,-0.2588,-0.9659,0.0000,-0.0000,-0.0000,-1.0000),
      ["RightUpperArm"] = CFrame.new(0.0000,0.0000,0.0000,0.9659,0.2588,-0.0000,0.2588,-0.9659,0.0000,-0.0000,-0.0000,-1.0000),
      ["Head"] = CFrame.new(0.0000,0.9738,0.0000,1.0000,-0.0000,0.0000,0.0000,1.0000,-0.0000,-0.0000,0.0000,1.0000),
    }},
    {Time = 1.367, Data = {
      ["HumanoidRootPart"] = CFrame.new(0.0000,0.0000,0.0000,1.0000,0.0000,0.0000,0.0000,1.0000,0.0000,0.0000,0.0000,1.0000),
      ["LowerTorso"] = CFrame.new(0.0000,0.0000,0.0000,0.9962,0.0872,0.0000,-0.0872,0.9962,-0.0000,-0.0000,0.0000,1.0000),
      ["UpperTorso"] = CFrame.new(0.0000,0.0000,0.0000,1.0000,0.0000,0.0000,0.0000,1.0000,0.0000,0.0000,0.0000,1.0000),
      ["LeftUpperArm"] = CFrame.new(0.0000,-0.0000,0.0000,0.9659,-0.2588,-0.0000,-0.2588,-0.9659,0.0000,-0.0000,-0.0000,-1.0000),
      ["RightUpperArm"] = CFrame.new(0.0000,0.0000,0.0000,0.9659,0.2588,-0.0000,0.2588,-0.9659,0.0000,-0.0000,-0.0000,-1.0000),
      ["Head"] = CFrame.new(0.0000,0.9738,0.0000,1.0000,-0.0000,0.0000,0.0000,1.0000,-0.0000,-0.0000,0.0000,1.0000),
    }},
    {Time = 1.400, Data = {
      ["HumanoidRootPart"] = CFrame.new(0.0000,0.0000,0.0000,1.0000,0.0000,0.0000,0.0000,1.0000,0.0000,0.0000,0.0000,1.0000),
      ["LowerTorso"] = CFrame.new(0.0000,0.0000,0.0000,0.9983,0.0581,0.0000,-0.0581,0.9983,-0.0000,-0.0000,0.0000,1.0000),
      ["UpperTorso"] = CFrame.new(0.0000,0.0000,0.0000,1.0000,0.0000,0.0000,0.0000,1.0000,0.0000,0.0000,0.0000,1.0000),
      ["LeftUpperArm"] = CFrame.new(0.0000,-0.0000,0.0000,0.9659,-0.2588,-0.0000,-0.2588,-0.9659,0.0000,-0.0000,-0.0000,-1.0000),
      ["RightUpperArm"] = CFrame.new(0.0000,0.0000,0.0000,0.9659,0.2588,-0.0000,0.2588,-0.9659,0.0000,-0.0000,-0.0000,-1.0000),
      ["Head"] = CFrame.new(0.0000,0.9738,0.0000,1.0000,-0.0000,0.0000,0.0000,1.0000,-0.0000,-0.0000,0.0000,1.0000),
    }},
    {Time = 1.433, Data = {
      ["HumanoidRootPart"] = CFrame.new(0.0000,0.0000,0.0000,1.0000,0.0000,0.0000,0.0000,1.0000,0.0000,0.0000,0.0000,1.0000),
      ["LowerTorso"] = CFrame.new(0.0000,0.0000,0.0000,0.9996,0.0291,0.0000,-0.0291,0.9996,-0.0000,-0.0000,0.0000,1.0000),
      ["UpperTorso"] = CFrame.new(0.0000,0.0000,0.0000,1.0000,0.0000,0.0000,0.0000,1.0000,0.0000,0.0000,0.0000,1.0000),
      ["LeftUpperArm"] = CFrame.new(0.0000,-0.0000,0.0000,0.9659,-0.2588,-0.0000,-0.2588,-0.9659,0.0000,-0.0000,-0.0000,-1.0000),
      ["RightUpperArm"] = CFrame.new(0.0000,0.0000,0.0000,0.9659,0.2588,-0.0000,0.2588,-0.9659,0.0000,-0.0000,-0.0000,-1.0000),
      ["Head"] = CFrame.new(0.0000,0.9738,0.0000,1.0000,-0.0000,0.0000,0.0000,1.0000,-0.0000,-0.0000,0.0000,1.0000),
    }},
    {Time = 1.467, Data = {
      ["HumanoidRootPart"] = CFrame.new(0.0000,0.0000,0.0000,1.0000,0.0000,0.0000,0.0000,1.0000,0.0000,0.0000,0.0000,1.0000),
      ["LowerTorso"] = CFrame.new(0.0000,0.0000,0.0000,1.0000,-0.0000,0.0000,0.0000,1.0000,-0.0000,0.0000,0.0000,1.0000),
      ["UpperTorso"] = CFrame.new(0.0000,0.0000,0.0000,1.0000,0.0000,0.0000,0.0000,1.0000,0.0000,0.0000,0.0000,1.0000),
      ["LeftUpperArm"] = CFrame.new(0.0000,-0.0000,0.0000,0.9659,-0.2588,-0.0000,-0.2588,-0.9659,0.0000,-0.0000,-0.0000,-1.0000),
      ["RightUpperArm"] = CFrame.new(0.0000,0.0000,0.0000,0.9659,0.2588,-0.0000,0.2588,-0.9659,0.0000,-0.0000,-0.0000,-1.0000),
      ["Head"] = CFrame.new(0.0000,0.9738,0.0000,1.0000,-0.0000,0.0000,0.0000,1.0000,-0.0000,-0.0000,0.0000,1.0000),
    }},
    {Time = 1.500, Data = {
      ["HumanoidRootPart"] = CFrame.new(0.0000,0.0000,0.0000,1.0000,0.0000,0.0000,0.0000,1.0000,0.0000,0.0000,0.0000,1.0000),
      ["LowerTorso"] = CFrame.new(0.0000,0.0000,0.0000,1.0000,-0.0000,0.0000,0.0000,1.0000,-0.0000,0.0000,0.0000,1.0000),
      ["UpperTorso"] = CFrame.new(0.0000,0.0000,0.0000,1.0000,0.0000,0.0000,0.0000,1.0000,0.0000,0.0000,0.0000,1.0000),
      ["LeftUpperArm"] = CFrame.new(0.0000,-0.0000,0.0000,0.9659,-0.2588,-0.0000,-0.2588,-0.9659,0.0000,-0.0000,-0.0000,-1.0000),
      ["RightUpperArm"] = CFrame.new(0.0000,0.0000,0.0000,0.9659,0.2588,-0.0000,0.2588,-0.9659,0.0000,-0.0000,-0.0000,-1.0000),
      ["Head"] = CFrame.new(0.0000,0.9738,0.0000,1.0000,-0.0000,0.0000,0.0000,1.0000,-0.0000,-0.0000,0.0000,1.0000),
    }},
  }
}
