return {
  ["86099950483114"] = {
    {Time = 0.000, Data = {
      ["HumanoidRootPart"] = CFrame.new(0.0000,0.0000,0.0000,1.0000,0.0000,0.0000,0.0000,1.0000,0.0000,0.0000,0.0000,1.0000),
      ["LowerTorso"] = CFrame.new(-0.1525,-0.1421,0.2349,0.9344,0.0955,-0.3433,-0.0135,0.9722,0.2339,0.3560,-0.2139,0.9097),
      ["UpperTorso"] = CFrame.new(0.0000,0.0000,0.0000,0.9591,0.0016,0.2831,-0.0532,0.9832,0.1746,-0.2781,-0.1825,0.9430),
      ["LeftUpperArm"] = CFrame.new(0.0652,0.0243,0.0102,0.7129,0.0774,0.6970,-0.1648,0.9846,0.0592,-0.6816,-0.1570,0.7146),
      ["LeftLowerArm"] = CFrame.new(-0.0005,0.0219,0.0016,1.0000,-0.0000,0.0000,0.0000,0.9836,-0.1806,0.0000,0.1806,0.9836),
      ["LeftHand"] = CFrame.new(0.0005,0.0042,0.0000,0.9995,-0.0275,0.0152,0.0280,0.9991,-0.0311,-0.0143,0.0315,0.9994),
      ["RightUpperArm"] = CFrame.new(0.2035,-0.3446,0.2117,-0.0770,0.0585,0.9953,0.8050,0.5926,0.0275,-0.5882,0.8034,-0.0927),
      ["RightLowerArm"] = CFrame.new(0.0000,0.1124,0.0627,1.0000,-0.0000,0.0000,0.0000,0.3532,-0.9356,0.0000,0.9356,0.3532),
      ["RightHand"] = CFrame.new(-0.0005,0.0230,0.0000,0.9995,-0.0275,0.0166,0.0287,0.9967,-0.0756,-0.0145,0.0761,0.9970),
      ["Head"] = CFrame.new(1.3400,-3.1245,-1.4196,0.9843,-0.1517,0.0899,0.1740,0.9183,-0.3555,-0.0287,0.3656,0.9303),
      ["RightUpperLeg"] = CFrame.new(0.0000,0.0000,0.0000,0.9541,-0.0198,0.2989,0.2069,-0.6780,-0.7054,0.2166,0.7348,-0.6428),
      ["RightLowerLeg"] = CFrame.new(0.0000,0.1258,-0.1024,1.0000,-0.0000,0.0000,-0.0000,-0.0608,0.9981,0.0000,-0.9981,-0.0608),
      ["RightFoot"] = CFrame.new(0.0000,0.0331,-0.0001,1.0000,-0.0030,-0.0025,0.0038,0.9088,0.4172,0.0010,-0.4172,0.9088),
      ["LeftUpperLeg"] = CFrame.new(0.0000,0.0000,-0.0001,0.7083,0.3119,0.6332,0.0695,0.8619,-0.5023,-0.7024,0.3998,0.5888),
      ["LeftLowerLeg"] = CFrame.new(0.0000,0.0554,-0.0103,1.0000,-0.0000,0.0000,0.0000,0.8947,0.4466,-0.0000,-0.4466,0.8947),
      ["LeftFoot"] = CFrame.new(0.0000,0.0112,0.0000,0.9903,-0.1063,-0.0895,0.0970,0.9900,-0.1024,0.0995,0.0927,0.9907),
    }},
    {Time = 0.033, Data = {
      ["HumanoidRootPart"] = CFrame.new(0.0000,0.0000,0.0000,1.0000,0.0000,0.0000,0.0000,1.0000,0.0000,0.0000,0.0000,1.0000),
      ["LowerTorso"] = CFrame.new(-0.1634,-0.1601,0.2371,0.9384,0.1058,-0.3291,-0.0267,0.9713,0.2362,0.3446,-0.2128,0.9143),
      ["UpperTorso"] = CFrame.new(0.0000,0.0000,0.0000,0.9613,-0.0040,0.2756,-0.0459,0.9836,0.1742,-0.2718,-0.1801,0.9454),
      ["LeftUpperArm"] = CFrame.new(0.0651,0.0212,0.0138,0.7154,0.1036,0.6910,-0.1791,0.9831,0.0381,-0.6754,-0.1510,0.7218),
      ["LeftLowerArm"] = CFrame.new(-0.0005,0.0195,0.0013,1.0000,-0.0000,0.0000,0.0000,0.9871,-0.1603,0.0000,0.1603,0.9871),
      ["LeftHand"] = CFrame.new(0.0005,0.0038,0.0000,0.9990,-0.0381,0.0214,0.0388,0.9987,-0.0319,-0.0201,0.0327,0.9993),
      ["RightUpperArm"] = CFrame.new(0.2064,-0.3474,0.2028,-0.0908,0.0677,0.9936,0.8190,0.5726,0.0359,-0.5665,0.8170,-0.1074),
      ["RightLowerArm"] = CFrame.new(0.0000,0.1133,0.0646,1.0000,-0.0000,0.0000,0.0000,0.3337,-0.9427,0.0000,0.9427,0.3337),
      ["RightHand"] = CFrame.new(-0.0005,0.0232,0.0000,0.9996,-0.0241,0.0146,0.0250,0.9979,-0.0591,-0.0132,0.0594,0.9981),
      ["Head"] = CFrame.new(1.3561,-3.1058,-1.4120,0.9855,-0.1499,0.0790,0.1682,0.9218,-0.3493,-0.0204,0.3575,0.9337),
      ["RightUpperLeg"] = CFrame.new(0.0000,0.0000,0.0000,0.9433,-0.0192,0.3315,0.2248,-0.6977,-0.6802,0.2444,0.7161,-0.6538),
      ["RightLowerLeg"] = CFrame.new(0.0000,0.1258,-0.1032,1.0000,-0.0000,0.0000,-0.0000,-0.0686,0.9976,0.0000,-0.9976,-0.0686),
      ["RightFoot"] = CFrame.new(0.0000,0.0332,-0.0001,1.0000,0.0053,0.0045,-0.0067,0.9075,0.4200,-0.0018,-0.4200,0.9075),
      ["LeftUpperLeg"] = CFrame.new(0.0000,0.0000,-0.0001,0.7228,0.3043,0.6204,0.0851,0.8518,-0.5169,-0.6858,0.4264,0.5898),
      ["LeftLowerLeg"] = CFrame.new(0.0000,0.0593,-0.0120,1.0000,-0.0000,0.0000,0.0000,0.8774,0.4797,-0.0000,-0.4797,0.8774),
      ["LeftFoot"] = CFrame.new(0.0000,0.0119,0.0000,0.9917,-0.0986,-0.0830,0.0886,0.9892,-0.1169,0.0937,0.1085,0.9897),
    }},
    {Time = 0.067, Data = {
      ["HumanoidRootPart"] = CFrame.new(0.0000,0.0000,0.0000,1.0000,0.0000,0.0000,0.0000,1.0000,0.0000,0.0000,0.0000,1.0000),
      ["LowerTorso"] = CFrame.new(-0.1566,-0.1871,0.2406,0.9403,0.1110,-0.3217,-0.0329,0.9706,0.2386,0.3387,-0.2138,0.9163),
      ["UpperTorso"] = CFrame.new(0.0000,0.0000,0.0000,0.9642,-0.0096,0.2651,-0.0383,0.9838,0.1751,-0.2625,-0.1790,0.9482),
      ["LeftUpperArm"] = CFrame.new(0.0655,0.0177,0.0152,0.7163,0.1167,0.6880,-0.1857,0.9822,0.0267,-0.6727,-0.1469,0.7252),
      ["LeftLowerArm"] = CFrame.new(-0.0005,0.0179,0.0011,1.0000,-0.0000,0.0000,0.0000,0.9891,-0.1472,0.0000,0.1472,0.9891),
      ["LeftHand"] = CFrame.new(0.0005,0.0035,0.0000,0.9987,-0.0445,0.0251,0.0453,0.9984,-0.0329,-0.0236,0.0340,0.9991),
      ["RightUpperArm"] = CFrame.new(0.2071,-0.3473,0.1943,-0.1064,0.0798,0.9911,0.8333,0.5509,0.0450,-0.5424,0.8307,-0.1251),
      ["RightLowerArm"] = CFrame.new(0.0000,0.1140,0.0663,1.0000,-0.0000,0.0000,0.0000,0.3158,-0.9488,0.0000,0.9488,0.3158),
      ["RightHand"] = CFrame.new(-0.0005,0.0234,0.0000,0.9997,-0.0204,0.0124,0.0209,0.9988,-0.0439,-0.0115,0.0441,0.9990),
      ["Head"] = CFrame.new(1.3345,-3.0835,-1.4080,0.9871,-0.1404,0.0775,0.1587,0.9242,-0.3474,-0.0229,0.3552,0.9345),
      ["RightUpperLeg"] = CFrame.new(0.0000,0.0000,0.0000,0.9400,-0.0079,0.3412,0.2291,-0.7264,-0.6479,0.2530,0.6872,-0.6810),
      ["RightLowerLeg"] = CFrame.new(0.0000,0.1257,-0.1051,1.0000,-0.0000,0.0000,-0.0000,-0.0886,0.9961,0.0000,-0.9961,-0.0886),
      ["RightFoot"] = CFrame.new(0.0000,0.0333,-0.0001,1.0000,0.0011,0.0009,-0.0013,0.9054,0.4246,-0.0004,-0.4246,0.9054),
      ["LeftUpperLeg"] = CFrame.new(0.0000,0.0000,-0.0001,0.7258,0.3247,0.6065,0.0877,0.8307,-0.5497,-0.6823,0.4522,0.5744),
      ["LeftLowerLeg"] = CFrame.new(0.0000,0.0657,-0.0151,1.0000,-0.0000,0.0000,0.0000,0.8455,0.5339,-0.0000,-0.5339,0.8455),
      ["LeftFoot"] = CFrame.new(0.0000,0.0131,0.0000,0.9912,-0.1015,-0.0855,0.0890,0.9863,-0.1391,0.0984,0.1303,0.9866),
    }},
    {Time = 0.100, Data = {
      ["HumanoidRootPart"] = CFrame.new(0.0000,0.0000,0.0000,1.0000,0.0000,0.0000,0.0000,1.0000,0.0000,0.0000,0.0000,1.0000),
      ["LowerTorso"] = CFrame.new(-0.1267,-0.2169,0.2447,0.9388,0.1088,-0.3267,-0.0283,0.9700,0.2416,0.3432,-0.2176,0.9137),
      ["UpperTorso"] = CFrame.new(0.0000,0.0000,0.0000,0.9673,-0.0148,0.2533,-0.0313,0.9837,0.1769,-0.2518,-0.1790,0.9511),
      ["LeftUpperArm"] = CFrame.new(0.0670,0.0143,0.0136,0.7154,0.1122,0.6897,-0.1822,0.9828,0.0292,-0.6745,-0.1465,0.7235),
      ["LeftLowerArm"] = CFrame.new(-0.0005,0.0178,0.0010,1.0000,-0.0000,0.0000,0.0000,0.9892,-0.1464,0.0000,0.1464,0.9892),
      ["LeftHand"] = CFrame.new(0.0005,0.0036,0.0000,0.9987,-0.0448,0.0253,0.0456,0.9984,-0.0330,-0.0238,0.0341,0.9991),
      ["RightUpperArm"] = CFrame.new(0.2057,-0.3445,0.1875,-0.1211,0.0929,0.9883,0.8457,0.5310,0.0537,-0.5198,0.8423,-0.1428),
      ["RightLowerArm"] = CFrame.new(0.0000,0.1145,0.0676,1.0000,-0.0000,0.0000,0.0000,0.3020,-0.9533,0.0000,0.9533,0.3020),
      ["RightHand"] = CFrame.new(-0.0005,0.0235,0.0000,0.9998,-0.0170,0.0104,0.0173,0.9993,-0.0319,-0.0099,0.0321,0.9994),
      ["Head"] = CFrame.new(1.2649,-3.0639,-1.4109,0.9882,-0.1230,0.0909,0.1474,0.9239,-0.3530,-0.0406,0.3622,0.9312),
      ["RightUpperLeg"] = CFrame.new(0.0000,0.0000,0.0000,0.9496,0.0130,0.3132,0.2135,-0.7584,-0.6159,0.2295,0.6517,-0.7229),
      ["RightLowerLeg"] = CFrame.new(0.0000,0.1254,-0.1079,1.0000,-0.0000,0.0000,-0.0000,-0.1175,0.9931,0.0000,-0.9931,-0.1175),
      ["RightFoot"] = CFrame.new(0.0000,0.0335,-0.0001,0.9996,-0.0213,-0.0180,0.0270,0.9024,0.4300,0.0070,-0.4303,0.9026),
      ["LeftUpperLeg"] = CFrame.new(0.0000,0.0000,-0.0001,0.7110,0.3751,0.5948,0.0725,0.8023,-0.5925,-0.6995,0.4644,0.5432),
      ["LeftLowerLeg"] = CFrame.new(0.0000,0.0727,-0.0189,1.0000,-0.0000,0.0000,0.0000,0.8066,0.5911,-0.0000,-0.5911,0.8066),
      ["LeftFoot"] = CFrame.new(0.0000,0.0146,0.0000,0.9879,-0.1188,-0.1000,0.1018,0.9817,-0.1609,0.1173,0.1488,0.9819),
    }},
    {Time = 0.133, Data = {
      ["HumanoidRootPart"] = CFrame.new(0.0000,0.0000,0.0000,1.0000,0.0000,0.0000,0.0000,1.0000,0.0000,0.0000,0.0000,1.0000),
      ["LowerTorso"] = CFrame.new(-0.0691,-0.2434,0.2489,0.9320,0.0972,-0.3492,-0.0093,0.9694,0.2452,0.3624,-0.2253,0.9044),
      ["UpperTorso"] = CFrame.new(0.0000,0.0000,0.0000,0.9702,-0.0189,0.2417,-0.0255,0.9835,0.1791,-0.2411,-0.1799,0.9537),
      ["LeftUpperArm"] = CFrame.new(0.0689,0.0124,0.0093,0.7126,0.0889,0.6959,-0.1684,0.9846,0.0467,-0.6810,-0.1505,0.7166),
      ["LeftLowerArm"] = CFrame.new(-0.0005,0.0195,0.0013,1.0000,-0.0000,0.0000,0.0000,0.9871,-0.1603,0.0000,0.1603,0.9871),
      ["LeftHand"] = CFrame.new(0.0005,0.0038,0.0000,0.9990,-0.0382,0.0214,0.0388,0.9987,-0.0319,-0.0201,0.0327,0.9993),
      ["RightUpperArm"] = CFrame.new(0.2026,-0.3394,0.1836,-0.1332,0.1041,0.9856,0.8541,0.5165,0.0608,-0.5028,0.8499,-0.1577),
      ["RightLowerArm"] = CFrame.new(0.0000,0.1148,0.0684,1.0000,-0.0000,0.0000,0.0000,0.2941,-0.9558,0.0000,0.9558,0.2941),
      ["RightHand"] = CFrame.new(-0.0005,0.0236,0.0000,0.9998,-0.0148,0.0091,0.0150,0.9996,-0.0251,-0.0088,0.0252,0.9996),
      ["Head"] = CFrame.new(1.1384,-3.0532,-1.4240,0.9876,-0.0972,0.1235,0.1366,0.9193,-0.3690,-0.0777,0.3813,0.9212),
      ["RightUpperLeg"] = CFrame.new(0.0000,0.0000,0.0000,0.9723,0.0380,0.2307,0.1711,-0.7881,-0.5913,0.1594,0.6143,-0.7728),
      ["RightLowerLeg"] = CFrame.new(0.0000,0.1250,-0.1111,1.0000,-0.0000,0.0000,-0.0000,-0.1509,0.9886,0.0000,-0.9886,-0.1509),
      ["RightFoot"] = CFrame.new(0.0000,0.0336,-0.0001,0.9960,-0.0680,-0.0573,0.0861,0.8973,0.4330,0.0219,-0.4362,0.8996),
      ["LeftUpperLeg"] = CFrame.new(0.0000,0.0000,-0.0001,0.6697,0.4560,0.5862,0.0353,0.7689,-0.6384,-0.7418,0.4482,0.4988),
      ["LeftLowerLeg"] = CFrame.new(0.0000,0.0787,-0.0223,1.0000,-0.0000,0.0000,0.0000,0.7716,0.6361,-0.0000,-0.6361,0.7716),
      ["LeftFoot"] = CFrame.new(0.0000,0.0164,0.0000,0.9796,-0.1539,-0.1295,0.1302,0.9760,-0.1744,0.1533,0.1540,0.9761),
    }},
    {Time = 0.167, Data = {
      ["HumanoidRootPart"] = CFrame.new(0.0000,0.0000,0.0000,1.0000,0.0000,0.0000,0.0000,1.0000,0.0000,0.0000,0.0000,1.0000),
      ["LowerTorso"] = CFrame.new(0.0053,-0.2631,0.2524,0.9199,0.0791,-0.3841,0.0202,0.9686,0.2478,0.3916,-0.2357,0.8894),
      ["UpperTorso"] = CFrame.new(0.0000,0.0000,0.0000,0.9725,-0.0215,0.2320,-0.0216,0.9832,0.1815,-0.2320,-0.1815,0.9556),
      ["LeftUpperArm"] = CFrame.new(0.0708,0.0119,0.0031,0.7081,0.0526,0.7041,-0.1474,0.9863,0.0745,-0.6905,-0.1565,0.7061),
      ["LeftLowerArm"] = CFrame.new(-0.0005,0.0221,0.0016,1.0000,-0.0000,0.0000,0.0000,0.9831,-0.1830,0.0000,0.1830,0.9831),
      ["LeftHand"] = CFrame.new(0.0005,0.0042,0.0000,0.9996,-0.0262,0.0144,0.0266,0.9992,-0.0311,-0.0136,0.0315,0.9994),
      ["RightUpperArm"] = CFrame.new(0.1984,-0.3326,0.1843,-0.1410,0.1110,0.9838,0.8570,0.5111,0.0652,-0.4956,0.8523,-0.1672),
      ["RightLowerArm"] = CFrame.new(0.0000,0.1147,0.0684,1.0000,-0.0000,0.0000,0.0000,0.2940,-0.9558,0.0000,0.9558,0.2940),
      ["RightHand"] = CFrame.new(-0.0005,0.0236,0.0000,0.9998,-0.0148,0.0091,0.0150,0.9996,-0.0250,-0.0088,0.0251,0.9996),
      ["Head"] = CFrame.new(0.9783,-3.0524,-1.4443,0.9835,-0.0665,0.1681,0.1286,0.9109,-0.3922,-0.1270,0.4073,0.9044),
      ["RightUpperLeg"] = CFrame.new(0.0000,0.0000,0.0000,0.9928,0.0567,0.1055,0.1073,-0.8117,-0.5741,0.0531,0.5813,-0.8120),
      ["RightLowerLeg"] = CFrame.new(0.0000,0.1245,-0.1140,1.0000,-0.0000,0.0000,-0.0000,-0.1807,0.9835,0.0000,-0.9835,-0.1807),
      ["RightFoot"] = CFrame.new(0.0000,0.0338,-0.0001,0.9853,-0.1306,-0.1100,0.1658,0.8859,0.4332,0.0408,-0.4451,0.8946),
      ["LeftUpperLeg"] = CFrame.new(0.0000,0.0000,-0.0001,0.6045,0.5485,0.5776,-0.0149,0.7328,-0.6803,-0.7964,0.4026,0.4512),
      ["LeftLowerLeg"] = CFrame.new(0.0000,0.0823,-0.0244,1.0000,-0.0000,0.0000,0.0000,0.7495,0.6620,-0.0000,-0.6620,0.7495),
      ["LeftFoot"] = CFrame.new(0.0000,0.0175,0.0000,0.9654,-0.1996,-0.1680,0.1697,0.9696,-0.1765,0.1981,0.1419,0.9698),
    }},
    {Time = 0.200, Data = {
      ["HumanoidRootPart"] = CFrame.new(0.0000,0.0000,0.0000,1.0000,0.0000,0.0000,0.0000,1.0000,0.0000,0.0000,0.0000,1.0000),
      ["LowerTorso"] = CFrame.new(0.0702,-0.2755,0.2547,0.9071,0.0616,-0.4164,0.0482,0.9676,0.2480,0.4182,-0.2451,0.8747),
      ["UpperTorso"] = CFrame.new(0.0000,0.0000,0.0000,0.9739,-0.0221,0.2259,-0.0203,0.9828,0.1837,-0.2261,-0.1835,0.9567),
      ["LeftUpperArm"] = CFrame.new(0.0723,0.0126,-0.0036,0.7023,0.0110,0.7118,-0.1230,0.9867,0.1061,-0.7012,-0.1621,0.6943),
      ["LeftLowerArm"] = CFrame.new(-0.0005,0.0250,0.0021,1.0000,-0.0000,0.0000,0.0000,0.9783,-0.2070,0.0000,0.2070,0.9783),
      ["LeftHand"] = CFrame.new(0.0005,0.0046,0.0000,0.9999,-0.0113,0.0057,0.0115,0.9994,-0.0322,-0.0053,0.0323,0.9995),
      ["RightUpperArm"] = CFrame.new(0.1940,-0.3255,0.1891,-0.1439,0.1124,0.9832,0.8547,0.5150,0.0662,-0.4989,0.8498,-0.1702),
      ["RightLowerArm"] = CFrame.new(0.0000,0.1145,0.0677,1.0000,-0.0000,0.0000,0.0000,0.3010,-0.9536,0.0000,0.9536,0.3010),
      ["RightHand"] = CFrame.new(-0.0005,0.0236,0.0000,0.9998,-0.0167,0.0103,0.0170,0.9994,-0.0311,-0.0097,0.0312,0.9995),
      ["Head"] = CFrame.new(0.8405,-3.0572,-1.4631,0.9775,-0.0401,0.2070,0.1244,0.9022,-0.4130,-0.1702,0.4294,0.8869),
      ["RightUpperLeg"] = CFrame.new(0.0000,0.0000,0.0000,0.9979,0.0627,-0.0153,0.0435,-0.8278,-0.5593,-0.0477,0.5574,-0.8288),
      ["RightLowerLeg"] = CFrame.new(0.0000,0.1241,-0.1161,1.0000,-0.0000,0.0000,-0.0000,-0.2032,0.9791,0.0000,-0.9791,-0.2032),
      ["RightFoot"] = CFrame.new(0.0000,0.0339,-0.0001,0.9700,-0.1860,-0.1566,0.2369,0.8687,0.4351,0.0551,-0.4592,0.8866),
      ["LeftUpperLeg"] = CFrame.new(0.0000,0.0000,-0.0001,0.5396,0.6207,0.5689,-0.0586,0.7017,-0.7100,-0.8399,0.3498,0.4150),
      ["LeftLowerLeg"] = CFrame.new(0.0000,0.0835,-0.0252,1.0000,-0.0000,0.0000,0.0000,0.7415,0.6709,-0.0000,-0.6709,0.7415),
      ["LeftFoot"] = CFrame.new(0.0000,0.0180,0.0000,0.9499,-0.2390,-0.2012,0.2061,0.9635,-0.1711,0.2348,0.1210,0.9645),
    }},
    {Time = 0.233, Data = {
      ["HumanoidRootPart"] = CFrame.new(0.0000,0.0000,0.0000,1.0000,0.0000,0.0000,0.0000,1.0000,0.0000,0.0000,0.0000,1.0000),
      ["LowerTorso"] = CFrame.new(0.0990,-0.2799,0.2554,0.9007,0.0515,-0.4315,0.0627,0.9672,0.2463,0.4300,-0.2489,0.8679),
      ["UpperTorso"] = CFrame.new(0.0000,0.0000,0.0000,0.9742,-0.0204,0.2250,-0.0223,0.9824,0.1855,-0.2248,-0.1857,0.9565),
      ["LeftUpperArm"] = CFrame.new(0.0731,0.0144,-0.0099,0.6959,-0.0296,0.7176,-0.0990,0.9857,0.1367,-0.7113,-0.1662,0.6829),
      ["LeftLowerArm"] = CFrame.new(-0.0005,0.0275,0.0026,1.0000,-0.0000,0.0000,0.0000,0.9735,-0.2286,0.0000,0.2286,0.9735),
      ["LeftHand"] = CFrame.new(0.0005,0.0050,0.0000,1.0000,0.0041,-0.0033,-0.0043,0.9994,-0.0351,0.0032,0.0351,0.9994),
      ["RightUpperArm"] = CFrame.new(0.1904,-0.3198,0.1965,-0.1411,0.1084,0.9840,0.8478,0.5265,0.0635,-0.5113,0.8432,-0.1662),
      ["RightLowerArm"] = CFrame.new(0.0000,0.1141,0.0665,1.0000,-0.0000,0.0000,0.0000,0.3134,-0.9496,0.0000,0.9496,0.3134),
      ["RightHand"] = CFrame.new(-0.0005,0.0234,0.0000,0.9997,-0.0198,0.0121,0.0203,0.9989,-0.0418,-0.0112,0.0420,0.9991),
      ["Head"] = CFrame.new(0.7818,-3.0633,-1.4714,0.9743,-0.0287,0.2235,0.1233,0.8982,-0.4220,-0.1886,0.4387,0.8786),
      ["RightUpperLeg"] = CFrame.new(0.0000,0.0000,0.0000,0.9955,0.0600,-0.0731,0.0095,-0.8323,-0.5542,-0.0941,0.5510,-0.8292),
      ["RightLowerLeg"] = CFrame.new(0.0000,0.1240,-0.1169,1.0000,-0.0000,0.0000,-0.0000,-0.2119,0.9773,0.0000,-0.9773,-0.2119),
      ["RightFoot"] = CFrame.new(0.0000,0.0339,-0.0001,0.9616,-0.2100,-0.1768,0.2680,0.8576,0.4390,0.0594,-0.4695,0.8809),
      ["LeftUpperLeg"] = CFrame.new(0.0000,0.0000,-0.0001,0.5082,0.6515,0.5633,-0.0795,0.6867,-0.7226,-0.8576,0.3224,0.4008),
      ["LeftLowerLeg"] = CFrame.new(0.0000,0.0837,-0.0253,1.0000,-0.0000,0.0000,0.0000,0.7400,0.6726,-0.0000,-0.6726,0.7400),
      ["LeftFoot"] = CFrame.new(0.0000,0.0179,0.0000,0.9422,-0.2563,-0.2158,0.2229,0.9604,-0.1674,0.2502,0.1097,0.9620),
    }},
    {Time = 0.267, Data = {
      ["HumanoidRootPart"] = CFrame.new(0.0000,0.0000,0.0000,1.0000,0.0000,0.0000,0.0000,1.0000,0.0000,0.0000,0.0000,1.0000),
      ["LowerTorso"] = CFrame.new(0.0938,-0.2741,0.2544,0.9008,0.0475,-0.4317,0.0655,0.9678,0.2432,0.4293,-0.2473,0.8686),
      ["UpperTorso"] = CFrame.new(0.0000,0.0000,0.0000,0.9731,-0.0160,0.2299,-0.0280,0.9820,0.1869,-0.2287,-0.1883,0.9551),
      ["LeftUpperArm"] = CFrame.new(0.0731,0.0171,-0.0149,0.6902,-0.0628,0.7209,-0.0792,0.9837,0.1614,-0.7193,-0.1685,0.6739),
      ["LeftLowerArm"] = CFrame.new(-0.0005,0.0293,0.0030,1.0000,-0.0000,0.0000,0.0000,0.9696,-0.2447,0.0000,0.2447,0.9696),
      ["LeftHand"] = CFrame.new(0.0005,0.0053,0.0000,0.9998,0.0177,-0.0113,-0.0182,0.9991,-0.0392,0.0106,0.0394,0.9992),
      ["RightUpperArm"] = CFrame.new(0.1878,-0.3163,0.2051,-0.1325,0.1001,0.9861,0.8373,0.5437,0.0573,-0.5304,0.8333,-0.1559),
      ["RightLowerArm"] = CFrame.new(0.0000,0.1134,0.0650,1.0000,-0.0000,0.0000,0.0000,0.3297,-0.9441,0.0000,0.9441,0.3297),
      ["RightHand"] = CFrame.new(-0.0005,0.0232,0.0000,0.9996,-0.0234,0.0142,0.0241,0.9982,-0.0557,-0.0128,0.0560,0.9983),
      ["Head"] = CFrame.new(0.7978,-3.0709,-1.4704,0.9749,-0.0328,0.2204,0.1253,0.8987,-0.4203,-0.1843,0.4374,0.8802),
      ["RightUpperLeg"] = CFrame.new(0.0000,0.0000,0.0000,0.9960,0.0560,-0.0693,0.0070,-0.8247,-0.5655,-0.0888,0.5628,-0.8218),
      ["RightLowerLeg"] = CFrame.new(0.0000,0.1240,-0.1166,1.0000,-0.0000,0.0000,-0.0000,-0.2081,0.9781,0.0000,-0.9781,-0.2081),
      ["RightFoot"] = CFrame.new(0.0000,0.0339,-0.0001,0.9640,-0.2035,-0.1713,0.2598,0.8586,0.4420,0.0572,-0.4706,0.8805),
      ["LeftUpperLeg"] = CFrame.new(0.0000,0.0000,-0.0001,0.5106,0.6486,0.5645,-0.0815,0.6900,-0.7192,-0.8560,0.3212,0.4052),
      ["LeftLowerLeg"] = CFrame.new(0.0000,0.0832,-0.0250,1.0000,-0.0000,0.0000,0.0000,0.7434,0.6688,-0.0000,-0.6688,0.7434),
      ["LeftFoot"] = CFrame.new(0.0000,0.0179,0.0000,0.9435,-0.2536,-0.2135,0.2205,0.9610,-0.1671,0.2476,0.1106,0.9625),
    }},
    {Time = 0.300, Data = {
      ["HumanoidRootPart"] = CFrame.new(0.0000,0.0000,0.0000,1.0000,0.0000,0.0000,0.0000,1.0000,0.0000,0.0000,0.0000,1.0000),
      ["LowerTorso"] = CFrame.new(0.0769,-0.2587,0.2521,0.9022,0.0444,-0.4290,0.0660,0.9687,0.2392,0.4262,-0.2441,0.8711),
      ["UpperTorso"] = CFrame.new(0.0000,0.0000,0.0000,0.9710,-0.0097,0.2389,-0.0364,0.9815,0.1878,-0.2364,-0.1911,0.9527),
      ["LeftUpperArm"] = CFrame.new(0.0725,0.0203,-0.0175,0.6866,-0.0830,0.7222,-0.0670,0.9820,0.1766,-0.7239,-0.1697,0.6687),
      ["LeftLowerArm"] = CFrame.new(-0.0005,0.0305,0.0032,1.0000,-0.0000,0.0000,0.0000,0.9671,-0.2543,0.0000,0.2543,0.9671),
      ["LeftHand"] = CFrame.new(0.0005,0.0055,0.0000,0.9995,0.0272,-0.0168,-0.0279,0.9987,-0.0429,0.0156,0.0433,0.9989),
      ["RightUpperArm"] = CFrame.new(0.1861,-0.3148,0.2138,-0.1196,0.0897,0.9888,0.8247,0.5634,0.0486,-0.5527,0.8213,-0.1414),
      ["RightLowerArm"] = CFrame.new(0.0000,0.1127,0.0632,1.0000,-0.0000,0.0000,0.0000,0.3478,-0.9376,0.0000,0.9376,0.3478),
      ["RightHand"] = CFrame.new(-0.0005,0.0230,0.0000,0.9995,-0.0267,0.0161,0.0277,0.9971,-0.0711,-0.0141,0.0715,0.9973),
      ["Head"] = CFrame.new(0.8414,-3.0824,-1.4677,0.9763,-0.0437,0.2119,0.1306,0.9000,-0.4159,-0.1726,0.4337,0.8844),
      ["RightUpperLeg"] = CFrame.new(0.0000,0.0000,0.0000,0.9975,0.0519,-0.0470,0.0143,-0.8076,-0.5896,-0.0685,0.5874,-0.8064),
      ["RightLowerLeg"] = CFrame.new(0.0000,0.1242,-0.1155,1.0000,-0.0000,0.0000,-0.0000,-0.1973,0.9803,0.0000,-0.9803,-0.1973),
      ["RightFoot"] = CFrame.new(0.0000,0.0339,-0.0001,0.9699,-0.1863,-0.1569,0.2376,0.8657,0.4406,0.0537,-0.4646,0.8839),
      ["LeftUpperLeg"] = CFrame.new(0.0000,0.0000,-0.0001,0.5227,0.6314,0.5729,-0.0777,0.7045,-0.7054,-0.8490,0.3242,0.4173),
      ["LeftLowerLeg"] = CFrame.new(0.0000,0.0812,-0.0238,1.0000,-0.0000,0.0000,0.0000,0.7559,0.6546,-0.0000,-0.6546,0.7559),
      ["LeftFoot"] = CFrame.new(0.0000,0.0172,0.0000,0.9478,-0.2438,-0.2053,0.2122,0.9633,-0.1644,0.2379,0.1122,0.9648),
    }},
    {Time = 0.333, Data = {
      ["HumanoidRootPart"] = CFrame.new(0.0000,0.0000,0.0000,1.0000,0.0000,0.0000,0.0000,1.0000,0.0000,0.0000,0.0000,1.0000),
      ["LowerTorso"] = CFrame.new(0.0506,-0.2367,0.2488,0.9049,0.0430,-0.4235,0.0638,0.9699,0.2349,0.4209,-0.2396,0.8749),
      ["UpperTorso"] = CFrame.new(0.0000,0.0000,0.0000,0.9682,-0.0027,0.2504,-0.0459,0.9811,0.1881,-0.2461,-0.1936,0.9497),
      ["LeftUpperArm"] = CFrame.new(0.0715,0.0234,-0.0174,0.6865,-0.0863,0.7220,-0.0653,0.9816,0.1794,-0.7242,-0.1704,0.6682),
      ["LeftLowerArm"] = CFrame.new(-0.0005,0.0307,0.0032,1.0000,-0.0000,0.0000,0.0000,0.9664,-0.2572,0.0000,0.2572,0.9664),
      ["LeftHand"] = CFrame.new(0.0005,0.0055,0.0000,0.9994,0.0303,-0.0186,-0.0311,0.9985,-0.0442,0.0172,0.0448,0.9988),
      ["RightUpperArm"] = CFrame.new(0.1851,-0.3150,0.2214,-0.1041,0.0789,0.9914,0.8115,0.5831,0.0388,-0.5750,0.8086,-0.1248),
      ["RightLowerArm"] = CFrame.new(0.0000,0.1119,0.0615,1.0000,-0.0000,0.0000,0.0000,0.3658,-0.9307,0.0000,0.9307,0.3658),
      ["RightHand"] = CFrame.new(-0.0005,0.0228,0.0000,0.9994,-0.0293,0.0176,0.0307,0.9958,-0.0862,-0.0150,0.0867,0.9961),
      ["Head"] = CFrame.new(0.9056,-3.0959,-1.4635,0.9782,-0.0596,0.1990,0.1382,0.9019,-0.4092,-0.1551,0.4277,0.8905),
      ["RightUpperLeg"] = CFrame.new(0.0000,0.0000,0.0000,0.9989,0.0467,-0.0104,0.0301,-0.7833,-0.6209,-0.0371,0.6199,-0.7838),
      ["RightLowerLeg"] = CFrame.new(0.0000,0.1245,-0.1139,1.0000,-0.0000,0.0000,-0.0000,-0.1805,0.9836,0.0000,-0.9836,-0.1805),
      ["RightFoot"] = CFrame.new(0.0000,0.0338,-0.0001,0.9774,-0.1616,-0.1361,0.2056,0.8760,0.4363,0.0487,-0.4544,0.8895),
      ["LeftUpperLeg"] = CFrame.new(0.0000,0.0000,-0.0001,0.5426,0.6016,0.5862,-0.0686,0.7272,-0.6829,-0.8372,0.3304,0.4359),
      ["LeftLowerLeg"] = CFrame.new(0.0000,0.0781,-0.0219,1.0000,-0.0000,0.0000,0.0000,0.7754,0.6315,-0.0000,-0.6315,0.7754),
      ["LeftFoot"] = CFrame.new(0.0000,0.0161,0.0000,0.9543,-0.2285,-0.1924,0.1994,0.9669,-0.1592,0.2224,0.1135,0.9683),
    }},
    {Time = 0.367, Data = {
      ["HumanoidRootPart"] = CFrame.new(0.0000,0.0000,0.0000,1.0000,0.0000,0.0000,0.0000,1.0000,0.0000,0.0000,0.0000,1.0000),
      ["LowerTorso"] = CFrame.new(0.0175,-0.2114,0.2451,0.9086,0.0441,-0.4153,0.0585,0.9712,0.2311,0.4135,-0.2343,0.8798),
      ["UpperTorso"] = CFrame.new(0.0000,0.0000,0.0000,0.9650,0.0039,0.2623,-0.0549,0.9808,0.1874,-0.2566,-0.1952,0.9466),
      ["LeftUpperArm"] = CFrame.new(0.0706,0.0252,-0.0149,0.6893,-0.0738,0.7207,-0.0734,0.9826,0.1709,-0.7207,-0.1707,0.6719),
      ["LeftLowerArm"] = CFrame.new(-0.0005,0.0304,0.0032,1.0000,-0.0000,0.0000,0.0000,0.9672,-0.2539,0.0000,0.2539,0.9672),
      ["LeftHand"] = CFrame.new(0.0005,0.0054,0.0000,0.9995,0.0268,-0.0166,-0.0275,0.9987,-0.0427,0.0154,0.0432,0.9989),
      ["RightUpperArm"] = CFrame.new(0.1850,-0.3168,0.2271,-0.0883,0.0691,0.9937,0.7992,0.6003,0.0293,-0.5945,0.7968,-0.1082),
      ["RightLowerArm"] = CFrame.new(0.0000,0.1112,0.0600,1.0000,-0.0000,0.0000,0.0000,0.3812,-0.9245,0.0000,0.9245,0.3812),
      ["RightHand"] = CFrame.new(-0.0005,0.0227,0.0000,0.9993,-0.0312,0.0187,0.0329,0.9945,-0.0991,-0.0155,0.0996,0.9949),
      ["Head"] = CFrame.new(0.9835,-3.1098,-1.4579,0.9800,-0.0784,0.1826,0.1471,0.9042,-0.4009,-0.1337,0.4198,0.8977),
      ["RightUpperLeg"] = CFrame.new(0.0000,0.0000,0.0000,0.9986,0.0390,0.0362,0.0531,-0.7545,-0.6541,0.0018,0.6551,-0.7555),
      ["RightLowerLeg"] = CFrame.new(0.0000,0.1249,-0.1118,1.0000,-0.0000,0.0000,-0.0000,-0.1586,0.9873,0.0000,-0.9873,-0.1586),
      ["RightFoot"] = CFrame.new(0.0000,0.0337,-0.0001,0.9849,-0.1324,-0.1115,0.1679,0.8868,0.4305,0.0419,-0.4428,0.8957),
      ["LeftUpperLeg"] = CFrame.new(0.0000,0.0000,-0.0001,0.5684,0.5609,0.6019,-0.0542,0.7555,-0.6529,-0.8210,0.3385,0.4598),
      ["LeftLowerLeg"] = CFrame.new(0.0000,0.0739,-0.0195,1.0000,-0.0000,0.0000,0.0000,0.7999,0.6002,-0.0000,-0.6002,0.7999),
      ["LeftFoot"] = CFrame.new(0.0000,0.0149,0.0000,0.9619,-0.2091,-0.1760,0.1835,0.9713,-0.1510,0.2026,0.1130,0.9727),
    }},
    {Time = 0.400, Data = {
      ["HumanoidRootPart"] = CFrame.new(0.0000,0.0000,0.0000,1.0000,0.0000,0.0000,0.0000,1.0000,0.0000,0.0000,0.0000,1.0000),
      ["LowerTorso"] = CFrame.new(-0.0198,-0.1857,0.2413,0.9132,0.0485,-0.4045,0.0496,0.9723,0.2286,0.4044,-0.2288,0.8855),
      ["UpperTorso"] = CFrame.new(0.0000,0.0000,0.0000,0.9619,0.0088,0.2732,-0.0617,0.9807,0.1857,-0.2663,-0.1954,0.9439),
      ["LeftUpperArm"] = CFrame.new(0.0697,0.0260,-0.0107,0.6942,-0.0494,0.7181,-0.0887,0.9842,0.1535,-0.7143,-0.1703,0.6788),
      ["LeftLowerArm"] = CFrame.new(-0.0005,0.0294,0.0030,1.0000,-0.0000,0.0000,0.0000,0.9695,-0.2453,0.0000,0.2453,0.9695),
      ["LeftHand"] = CFrame.new(0.0005,0.0053,0.0000,0.9998,0.0183,-0.0116,-0.0187,0.9990,-0.0394,0.0108,0.0396,0.9992),
      ["RightUpperArm"] = CFrame.new(0.1861,-0.3203,0.2301,-0.0745,0.0611,0.9953,0.7897,0.6131,0.0215,-0.6089,0.7877,-0.0939),
      ["RightLowerArm"] = CFrame.new(0.0000,0.1107,0.0590,1.0000,-0.0000,0.0000,0.0000,0.3914,-0.9202,0.0000,0.9202,0.3914),
      ["RightHand"] = CFrame.new(-0.0005,0.0226,0.0000,0.9993,-0.0322,0.0193,0.0341,0.9936,-0.1075,-0.0157,0.1081,0.9940),
      ["Head"] = CFrame.new(1.0684,-3.1223,-1.4513,0.9816,-0.0984,0.1639,0.1563,0.9067,-0.3917,-0.1101,0.4101,0.9054),
      ["RightUpperLeg"] = CFrame.new(0.0000,0.0000,0.0000,0.9956,0.0282,0.0891,0.0818,-0.7248,-0.6841,0.0453,0.6884,-0.7240),
      ["RightLowerLeg"] = CFrame.new(0.0000,0.1252,-0.1094,1.0000,-0.0000,0.0000,-0.0000,-0.1333,0.9911,0.0000,-0.9911,-0.1333),
      ["RightFoot"] = CFrame.new(0.0000,0.0335,-0.0001,0.9912,-0.1014,-0.0854,0.1283,0.8961,0.4248,0.0334,-0.4320,0.9012),
      ["LeftUpperLeg"] = CFrame.new(0.0000,0.0000,-0.0001,0.5979,0.5108,0.6177,-0.0345,0.7863,-0.6168,-0.8008,0.3475,0.4878),
      ["LeftLowerLeg"] = CFrame.new(0.0000,0.0690,-0.0169,1.0000,-0.0000,0.0000,0.0000,0.8275,0.5615,-0.0000,-0.5615,0.8275),
      ["LeftFoot"] = CFrame.new(0.0000,0.0137,0.0000,0.9697,-0.1869,-0.1574,0.1655,0.9763,-0.1397,0.1798,0.1094,0.9776),
    }},
    {Time = 0.433, Data = {
      ["HumanoidRootPart"] = CFrame.new(0.0000,0.0000,0.0000,1.0000,0.0000,0.0000,0.0000,1.0000,0.0000,0.0000,0.0000,1.0000),
      ["LowerTorso"] = CFrame.new(-0.0588,-0.1629,0.2380,0.9186,0.0571,-0.3911,0.0366,0.9730,0.2279,0.3936,-0.2237,0.8917),
      ["UpperTorso"] = CFrame.new(0.0000,0.0000,0.0000,0.9595,0.0109,0.2814,-0.0647,0.9810,0.1829,-0.2740,-0.1937,0.9420),
      ["LeftUpperArm"] = CFrame.new(0.0688,0.0257,-0.0052,0.6999,-0.0167,0.7141,-0.1088,0.9856,0.1297,-0.7060,-0.1685,0.6879),
      ["LeftLowerArm"] = CFrame.new(-0.0005,0.0278,0.0027,1.0000,-0.0000,0.0000,0.0000,0.9729,-0.2314,0.0000,0.2314,0.9729),
      ["LeftHand"] = CFrame.new(0.0005,0.0051,0.0000,1.0000,0.0063,-0.0046,-0.0065,0.9993,-0.0357,0.0044,0.0357,0.9994),
      ["RightUpperArm"] = CFrame.new(0.1890,-0.3255,0.2300,-0.0655,0.0554,0.9963,0.7850,0.6192,0.0172,-0.6160,0.7832,-0.0840),
      ["RightLowerArm"] = CFrame.new(0.0000,0.1106,0.0588,1.0000,-0.0000,0.0000,0.0000,0.3936,-0.9193,0.0000,0.9193,0.3936),
      ["RightHand"] = CFrame.new(-0.0005,0.0227,0.0000,0.9993,-0.0324,0.0194,0.0343,0.9934,-0.1093,-0.0158,0.1099,0.9938),
      ["Head"] = CFrame.new(1.1534,-3.1318,-1.4440,0.9826,-0.1175,0.1440,0.1647,0.9094,-0.3820,-0.0861,0.3991,0.9129),
      ["RightUpperLeg"] = CFrame.new(0.0000,0.0000,0.0000,0.9892,0.0151,0.1455,0.1145,-0.6987,-0.7062,0.0910,0.7153,-0.6929),
      ["RightLowerLeg"] = CFrame.new(0.0000,0.1255,-0.1069,1.0000,-0.0000,0.0000,-0.0000,-0.1072,0.9942,0.0000,-0.9942,-0.1072),
      ["RightFoot"] = CFrame.new(0.0000,0.0334,-0.0001,0.9957,-0.0709,-0.0597,0.0895,0.9029,0.4204,0.0241,-0.4239,0.9054),
      ["LeftUpperLeg"] = CFrame.new(0.0000,0.0000,-0.0001,0.6292,0.4536,0.6311,-0.0098,0.8166,-0.5771,-0.7772,0.3570,0.5183),
      ["LeftLowerLeg"] = CFrame.new(0.0000,0.0638,-0.0141,1.0000,-0.0000,0.0000,0.0000,0.8556,0.5176,-0.0000,-0.5176,0.8556),
      ["LeftFoot"] = CFrame.new(0.0000,0.0127,0.0000,0.9769,-0.1636,-0.1378,0.1467,0.9812,-0.1254,0.1557,0.1023,0.9825),
    }},
    {Time = 0.467, Data = {
      ["HumanoidRootPart"] = CFrame.new(0.0000,0.0000,0.0000,1.0000,0.0000,0.0000,0.0000,1.0000,0.0000,0.0000,0.0000,1.0000),
      ["LowerTorso"] = CFrame.new(-0.0964,-0.1459,0.2356,0.9241,0.0691,-0.3758,0.0204,0.9732,0.2291,0.3815,-0.2194,0.8979),
      ["UpperTorso"] = CFrame.new(0.0000,0.0000,0.0000,0.9582,0.0098,0.2859,-0.0637,0.9817,0.1796,-0.2789,-0.1903,0.9413),
      ["LeftUpperArm"] = CFrame.new(0.0677,0.0248,0.0007,0.7055,0.0202,0.7085,-0.1309,0.9861,0.1022,-0.6965,-0.1649,0.6983),
      ["LeftLowerArm"] = CFrame.new(-0.0005,0.0256,0.0022,1.0000,-0.0000,0.0000,0.0000,0.9771,-0.2128,0.0000,0.2128,0.9771),
      ["LeftHand"] = CFrame.new(0.0005,0.0048,0.0000,1.0000,-0.0074,0.0034,0.0075,0.9994,-0.0328,-0.0032,0.0328,0.9995),
      ["RightUpperArm"] = CFrame.new(0.1935,-0.3321,0.2263,-0.0632,0.0527,0.9966,0.7865,0.6173,0.0172,-0.6143,0.7849,-0.0805),
      ["RightLowerArm"] = CFrame.new(0.0000,0.1109,0.0595,1.0000,-0.0000,0.0000,0.0000,0.3863,-0.9224,0.0000,0.9224,0.3863),
      ["RightHand"] = CFrame.new(-0.0005,0.0227,0.0000,0.9993,-0.0317,0.0190,0.0335,0.9941,-0.1033,-0.0156,0.1038,0.9945),
      ["Head"] = CFrame.new(1.2315,-3.1364,-1.4361,0.9832,-0.1339,0.1242,0.1713,0.9121,-0.3725,-0.0634,0.3875,0.9197),
      ["RightUpperLeg"] = CFrame.new(0.0000,0.0000,0.0000,0.9794,0.0009,0.2019,0.1486,-0.6801,-0.7179,0.1367,0.7331,-0.6662),
      ["RightLowerLeg"] = CFrame.new(0.0000,0.1257,-0.1046,1.0000,-0.0000,0.0000,-0.0000,-0.0837,0.9965,0.0000,-0.9965,-0.0837),
      ["RightFoot"] = CFrame.new(0.0000,0.0333,-0.0001,0.9984,-0.0430,-0.0362,0.0543,0.9070,0.4177,0.0149,-0.4190,0.9079),
      ["LeftUpperLeg"] = CFrame.new(0.0000,0.0000,-0.0001,0.6597,0.3953,0.6392,0.0182,0.8418,-0.5394,-0.7513,0.3675,0.5481),
      ["LeftLowerLeg"] = CFrame.new(0.0000,0.0589,-0.0118,1.0000,-0.0000,0.0000,0.0000,0.8794,0.4760,-0.0000,-0.4760,0.8794),
      ["LeftFoot"] = CFrame.new(0.0000,0.0118,0.0000,0.9829,-0.1410,-0.1187,0.1279,0.9855,-0.1112,0.1326,0.0941,0.9867),
    }},
    {Time = 0.500, Data = {
      ["HumanoidRootPart"] = CFrame.new(0.0000,0.0000,0.0000,1.0000,0.0000,0.0000,0.0000,1.0000,0.0000,0.0000,0.0000,1.0000),
      ["LowerTorso"] = CFrame.new(-0.1288,-0.1379,0.2345,0.9295,0.0826,-0.3595,0.0030,0.9729,0.2313,0.3688,-0.2161,0.9040),
      ["UpperTorso"] = CFrame.new(0.0000,0.0000,0.0000,0.9580,0.0065,0.2866,-0.0595,0.9825,0.1766,-0.2804,-0.1862,0.9416),
      ["LeftUpperArm"] = CFrame.new(0.0666,0.0232,0.0065,0.7103,0.0572,0.7016,-0.1525,0.9855,0.0741,-0.6872,-0.1596,0.7087),
      ["LeftLowerArm"] = CFrame.new(-0.0005,0.0231,0.0018,1.0000,-0.0000,0.0000,0.0000,0.9816,-0.1911,0.0000,0.1911,0.9816),
      ["LeftHand"] = CFrame.new(0.0005,0.0044,0.0000,0.9997,-0.0211,0.0114,0.0215,0.9993,-0.0315,-0.0108,0.0317,0.9994),
      ["RightUpperArm"] = CFrame.new(0.1989,-0.3390,0.2198,-0.0673,0.0535,0.9963,0.7936,0.6080,0.0210,-0.6047,0.7921,-0.0834),
      ["RightLowerArm"] = CFrame.new(0.0000,0.1116,0.0609,1.0000,-0.0000,0.0000,0.0000,0.3717,-0.9284,0.0000,0.9284,0.3717),
      ["RightHand"] = CFrame.new(-0.0005,0.0228,0.0000,0.9994,-0.0301,0.0181,0.0316,0.9953,-0.0912,-0.0153,0.0917,0.9957),
      ["Head"] = CFrame.new(1.2960,-3.1346,-1.4278,0.9836,-0.1459,0.1057,0.1747,0.9151,-0.3635,-0.0437,0.3760,0.9256),
      ["RightUpperLeg"] = CFrame.new(0.0000,0.0000,0.0000,0.9671,-0.0119,0.2542,0.1804,-0.6723,-0.7179,0.1794,0.7402,-0.6481),
      ["RightLowerLeg"] = CFrame.new(0.0000,0.1258,-0.1030,1.0000,-0.0000,0.0000,-0.0000,-0.0668,0.9978,0.0000,-0.9978,-0.0668),
      ["RightFoot"] = CFrame.new(0.0000,0.0332,-0.0001,0.9997,-0.0198,-0.0167,0.0249,0.9088,0.4166,0.0069,-0.4168,0.9090),
      ["LeftUpperLeg"] = CFrame.new(0.0000,0.0000,-0.0001,0.6866,0.3449,0.6400,0.0459,0.8580,-0.5116,-0.7255,0.3806,0.5733),
      ["LeftLowerLeg"] = CFrame.new(0.0000,0.0555,-0.0103,1.0000,-0.0000,0.0000,0.0000,0.8941,0.4478,-0.0000,-0.4478,0.8941),
      ["LeftFoot"] = CFrame.new(0.0000,0.0112,0.0000,0.9874,-0.1211,-0.1020,0.1108,0.9886,-0.1016,0.1131,0.0890,0.9896),
    }},
    {Time = 0.533, Data = {
      ["HumanoidRootPart"] = CFrame.new(0.0000,0.0000,0.0000,1.0000,0.0000,0.0000,0.0000,1.0000,0.0000,0.0000,0.0000,1.0000),
      ["LowerTorso"] = CFrame.new(-0.1525,-0.1421,0.2349,0.9344,0.0955,-0.3433,-0.0135,0.9722,0.2339,0.3560,-0.2139,0.9097),
      ["UpperTorso"] = CFrame.new(0.0000,0.0000,0.0000,0.9591,0.0016,0.2831,-0.0532,0.9832,0.1746,-0.2781,-0.1825,0.9430),
      ["LeftUpperArm"] = CFrame.new(0.0657,0.0213,0.0114,0.7138,0.0892,0.6946,-0.1708,0.9841,0.0493,-0.6792,-0.1538,0.7177),
      ["LeftLowerArm"] = CFrame.new(-0.0005,0.0206,0.0014,1.0000,-0.0000,0.0000,0.0000,0.9855,-0.1699,0.0000,0.1699,0.9855),
      ["LeftHand"] = CFrame.new(0.0005,0.0040,0.0000,0.9993,-0.0332,0.0185,0.0338,0.9989,-0.0314,-0.0174,0.0320,0.9993),
      ["RightUpperArm"] = CFrame.new(0.2035,-0.3446,0.2117,-0.0770,0.0585,0.9953,0.8050,0.5926,0.0275,-0.5882,0.8034,-0.0927),
      ["RightLowerArm"] = CFrame.new(0.0000,0.1124,0.0627,1.0000,-0.0000,0.0000,0.0000,0.3532,-0.9356,0.0000,0.9356,0.3532),
      ["RightHand"] = CFrame.new(-0.0005,0.0230,0.0000,0.9995,-0.0275,0.0166,0.0287,0.9967,-0.0756,-0.0145,0.0761,0.9970),
      ["Head"] = CFrame.new(1.3400,-3.1245,-1.4196,0.9843,-0.1517,0.0899,0.1740,0.9183,-0.3555,-0.0287,0.3656,0.9303),
      ["RightUpperLeg"] = CFrame.new(0.0000,0.0000,0.0000,0.9541,-0.0198,0.2989,0.2069,-0.6780,-0.7054,0.2166,0.7348,-0.6428),
      ["RightLowerLeg"] = CFrame.new(0.0000,0.1258,-0.1024,1.0000,-0.0000,0.0000,-0.0000,-0.0608,0.9981,0.0000,-0.9981,-0.0608),
      ["RightFoot"] = CFrame.new(0.0000,0.0331,-0.0001,1.0000,-0.0030,-0.0025,0.0038,0.9088,0.4172,0.0010,-0.4172,0.9088),
      ["LeftUpperLeg"] = CFrame.new(0.0000,0.0000,-0.0001,0.7083,0.3119,0.6332,0.0695,0.8619,-0.5023,-0.7024,0.3998,0.5888),
      ["LeftLowerLeg"] = CFrame.new(0.0000,0.0554,-0.0103,1.0000,-0.0000,0.0000,0.0000,0.8947,0.4466,-0.0000,-0.4466,0.8947),
      ["LeftFoot"] = CFrame.new(0.0000,0.0112,0.0000,0.9903,-0.1063,-0.0895,0.0970,0.9900,-0.1024,0.0995,0.0927,0.9907),
    }},
  }
}
