return {
  ["90807462092697"] = {
    {Time = 0.000, Data = {
      ["HumanoidRootPart"] = CFrame.new(0.0000,0.0000,0.0000,1.0000,0.0000,0.0000,0.0000,1.0000,0.0000,0.0000,0.0000,1.0000),
      ["LowerTorso"] = CFrame.new(0.0000,-0.0000,-0.2500,0.9659,-0.0000,-0.2588,0.0000,1.0000,-0.0000,0.2588,0.0000,0.9659),
      ["UpperTorso"] = CFrame.new(-0.0250,-0.1066,-0.0603,0.9486,0.1998,-0.2455,-0.2917,0.8527,-0.4333,0.1228,0.4827,0.8672),
      ["LeftUpperArm"] = CFrame.new(0.0000,0.0000,0.0000,1.0000,-0.0000,-0.0000,-0.0000,-0.5000,0.8660,-0.0000,-0.8660,-0.5000),
      ["LeftLowerArm"] = CFrame.new(0.0000,0.0000,0.0000,1.0000,-0.0000,0.0000,0.0000,0.8660,-0.5000,0.0000,0.5000,0.8660),
      ["LeftHand"] = CFrame.new(0.0000,0.0000,0.0000,1.0000,0.0000,0.0000,0.0000,1.0000,0.0000,0.0000,0.0000,1.0000),
      ["RightUpperArm"] = CFrame.new(0.0000,0.0000,0.0000,0.8660,-0.4330,0.2500,-0.4830,-0.8538,0.1944,0.1293,-0.2891,-0.9485),
      ["RightLowerArm"] = CFrame.new(0.0000,0.0000,0.0000,1.0000,-0.0000,0.0000,0.0000,0.9659,-0.2588,0.0000,0.2588,0.9659),
      ["RightHand"] = CFrame.new(0.0000,0.0000,0.0000,1.0000,-0.0000,0.0000,0.0000,0.9659,0.2588,-0.0000,-0.2588,0.9659),
      ["Head"] = CFrame.new(0.0000,0.0000,0.0000,1.0000,-0.0000,0.0000,0.0000,0.7071,-0.7071,0.0000,0.7071,0.7071),
      ["RightUpperLeg"] = CFrame.new(0.0000,0.0000,0.0000,1.0000,-0.0000,0.0000,0.0000,0.8660,-0.5000,0.0000,0.5000,0.8660),
      ["RightLowerLeg"] = CFrame.new(0.0000,0.0000,0.0000,1.0000,0.0000,0.0000,0.0000,1.0000,0.0000,0.0000,0.0000,1.0000),
      ["RightFoot"] = CFrame.new(0.0000,0.0000,0.0000,1.0000,0.0000,0.0000,0.0000,1.0000,0.0000,0.0000,0.0000,1.0000),
      ["LeftUpperLeg"] = CFrame.new(0.0000,0.0000,0.0000,1.0000,-0.0000,0.0000,0.0000,0.5000,0.8660,-0.0000,-0.8660,0.5000),
      ["LeftLowerLeg"] = CFrame.new(0.0000,0.0000,0.0000,1.0000,-0.0000,0.0000,0.0000,0.2588,0.9659,-0.0000,-0.9659,0.2588),
      ["LeftFoot"] = CFrame.new(0.0000,0.0000,0.0000,1.0000,-0.0000,0.0000,0.0000,0.8660,0.5000,-0.0000,-0.5000,0.8660),
    }},
    {Time = 0.033, Data = {
      ["HumanoidRootPart"] = CFrame.new(0.0000,0.0000,0.0000,1.0000,0.0000,0.0000,0.0000,1.0000,0.0000,0.0000,0.0000,1.0000),
      ["LowerTorso"] = CFrame.new(0.0034,0.0240,-0.1938,0.9777,0.0273,-0.2083,-0.0493,0.9936,-0.1013,0.2043,0.1093,0.9728),
      ["UpperTorso"] = CFrame.new(-0.0150,-0.0640,-0.0362,0.9736,0.1515,-0.1707,-0.2053,0.9079,-0.3654,0.0996,0.3908,0.9151),
      ["LeftUpperArm"] = CFrame.new(0.0000,0.0000,0.0000,0.9980,-0.0609,-0.0156,-0.0198,-0.5401,0.8414,-0.0596,-0.8394,-0.5402),
      ["LeftLowerArm"] = CFrame.new(0.0000,0.0000,0.0000,1.0000,-0.0000,0.0000,0.0000,0.8862,-0.4633,0.0000,0.4633,0.8862),
      ["LeftHand"] = CFrame.new(0.0000,0.0000,0.0000,1.0000,-0.0000,0.0000,0.0000,0.9994,-0.0349,0.0000,0.0349,0.9994),
      ["RightUpperArm"] = CFrame.new(0.0000,0.0000,0.0000,0.8512,-0.4778,0.2172,-0.5160,-0.8375,0.1801,0.0958,-0.2653,-0.9594),
      ["RightLowerArm"] = CFrame.new(0.0000,0.0000,0.0000,1.0000,-0.0000,0.0000,0.0000,0.9573,-0.2890,0.0000,0.2890,0.9573),
      ["RightHand"] = CFrame.new(0.0000,0.0000,0.0000,1.0000,-0.0000,0.0000,0.0000,0.9703,0.2419,-0.0000,-0.2419,0.9703),
      ["Head"] = CFrame.new(0.0000,0.0000,0.0000,1.0000,-0.0000,0.0000,0.0000,0.8746,-0.4848,0.0000,0.4848,0.8746),
      ["RightUpperLeg"] = CFrame.new(0.0000,0.0000,0.0000,1.0000,-0.0000,0.0000,0.0000,0.9135,-0.4067,0.0000,0.4067,0.9135),
      ["RightLowerLeg"] = CFrame.new(0.0000,0.0000,0.0000,1.0000,-0.0000,0.0000,0.0000,0.9962,0.0872,-0.0000,-0.0872,0.9962),
      ["RightFoot"] = CFrame.new(0.0000,0.0000,0.0000,1.0000,-0.0000,0.0000,0.0000,0.9994,0.0349,-0.0000,-0.0349,0.9994),
      ["LeftUpperLeg"] = CFrame.new(0.0000,0.0000,0.0000,1.0000,-0.0000,0.0000,0.0000,0.7108,0.7034,-0.0000,-0.7034,0.7108),
      ["LeftLowerLeg"] = CFrame.new(0.0000,0.0000,0.0000,1.0000,-0.0000,0.0000,0.0000,0.3420,0.9397,-0.0000,-0.9397,0.3420),
      ["LeftFoot"] = CFrame.new(0.0000,0.0000,0.0000,1.0000,-0.0000,0.0000,0.0000,0.9071,0.4210,-0.0000,-0.4210,0.9071),
    }},
    {Time = 0.067, Data = {
      ["HumanoidRootPart"] = CFrame.new(0.0000,0.0000,0.0000,1.0000,0.0000,0.0000,0.0000,1.0000,0.0000,0.0000,0.0000,1.0000),
      ["LowerTorso"] = CFrame.new(0.0067,0.0479,-0.1375,0.9860,0.0550,-0.1573,-0.0869,0.9752,-0.2035,0.1422,0.2144,0.9663),
      ["UpperTorso"] = CFrame.new(-0.0050,-0.0213,-0.0121,0.9904,0.1005,-0.0949,-0.1242,0.9487,-0.2907,0.0608,0.2997,0.9521),
      ["LeftUpperArm"] = CFrame.new(0.0000,0.0000,0.0000,0.9921,-0.1215,-0.0312,-0.0452,-0.5782,0.8146,-0.1170,-0.8068,-0.5791),
      ["LeftLowerArm"] = CFrame.new(0.0000,0.0000,0.0000,1.0000,-0.0000,0.0000,0.0000,0.9048,-0.4258,0.0000,0.4258,0.9048),
      ["LeftHand"] = CFrame.new(0.0000,0.0000,0.0000,1.0000,-0.0000,0.0000,0.0000,0.9976,-0.0698,0.0000,0.0698,0.9976),
      ["RightUpperArm"] = CFrame.new(0.0000,0.0000,0.0000,0.8332,-0.5215,0.1840,-0.5492,-0.8192,0.1653,0.0646,-0.2388,-0.9689),
      ["RightLowerArm"] = CFrame.new(0.0000,0.0000,0.0000,1.0000,-0.0000,0.0000,0.0000,0.9478,-0.3189,0.0000,0.3189,0.9478),
      ["RightHand"] = CFrame.new(0.0000,0.0000,0.0000,1.0000,-0.0000,0.0000,0.0000,0.9744,0.2250,-0.0000,-0.2250,0.9744),
      ["Head"] = CFrame.new(0.0000,0.0000,0.0000,1.0000,-0.0000,0.0000,0.0000,0.9744,-0.2249,0.0000,0.2249,0.9744),
      ["RightUpperLeg"] = CFrame.new(0.0000,0.0000,0.0000,1.0000,-0.0000,0.0000,0.0000,0.9511,-0.3090,0.0000,0.3090,0.9511),
      ["RightLowerLeg"] = CFrame.new(0.0000,0.0000,0.0000,1.0000,-0.0000,0.0000,0.0000,0.9848,0.1736,-0.0000,-0.1736,0.9848),
      ["RightFoot"] = CFrame.new(0.0000,0.0000,0.0000,1.0000,-0.0000,0.0000,0.0000,0.9976,0.0698,-0.0000,-0.0698,0.9976),
      ["LeftUpperLeg"] = CFrame.new(0.0000,0.0000,0.0000,1.0000,-0.0000,0.0000,0.0000,0.8712,0.4909,-0.0000,-0.4909,0.8712),
      ["LeftLowerLeg"] = CFrame.new(0.0000,0.0000,0.0000,1.0000,-0.0000,0.0000,0.0000,0.4226,0.9063,-0.0000,-0.9063,0.4226),
      ["LeftFoot"] = CFrame.new(0.0000,0.0000,0.0000,1.0000,-0.0000,0.0000,0.0000,0.9409,0.3387,-0.0000,-0.3387,0.9409),
    }},
    {Time = 0.100, Data = {
      ["HumanoidRootPart"] = CFrame.new(0.0000,0.0000,0.0000,1.0000,0.0000,0.0000,0.0000,1.0000,0.0000,0.0000,0.0000,1.0000),
      ["LowerTorso"] = CFrame.new(0.0101,0.0719,-0.0813,0.9909,0.0831,-0.1059,-0.1119,0.9459,-0.3046,0.0748,0.3137,0.9466),
      ["UpperTorso"] = CFrame.new(-0.0000,0.0000,-0.0000,0.9939,0.0781,-0.0773,-0.1004,0.9318,-0.3489,0.0447,0.3546,0.9340),
      ["LeftUpperArm"] = CFrame.new(0.0000,0.0000,0.0000,0.9823,-0.1816,-0.0468,-0.0760,-0.6136,0.7859,-0.1714,-0.7684,-0.6165),
      ["LeftLowerArm"] = CFrame.new(0.0000,0.0000,0.0000,1.0000,-0.0000,0.0000,0.0000,0.9219,-0.3875,0.0000,0.3875,0.9219),
      ["LeftHand"] = CFrame.new(0.0000,0.0000,0.0000,1.0000,-0.0000,0.0000,0.0000,0.9945,-0.1045,0.0000,0.1045,0.9945),
      ["RightUpperArm"] = CFrame.new(0.0000,0.0000,0.0000,0.8119,-0.5639,0.1507,-0.5826,-0.7988,0.1500,0.0358,-0.2096,-0.9771),
      ["RightLowerArm"] = CFrame.new(0.0000,0.0000,0.0000,1.0000,-0.0000,0.0000,0.0000,0.9373,-0.3486,0.0000,0.3486,0.9373),
      ["RightHand"] = CFrame.new(0.0000,0.0000,0.0000,1.0000,-0.0000,0.0000,0.0000,0.9781,0.2079,-0.0000,-0.2079,0.9781),
      ["Head"] = CFrame.new(0.0000,0.0000,0.0000,1.0000,-0.0000,0.0000,0.0000,0.9694,-0.2453,0.0000,0.2453,0.9694),
      ["RightUpperLeg"] = CFrame.new(0.0000,0.0000,0.0000,1.0000,-0.0000,0.0000,0.0000,0.9781,-0.2079,0.0000,0.2079,0.9781),
      ["RightLowerLeg"] = CFrame.new(0.0000,0.0000,0.0000,1.0000,-0.0000,0.0000,0.0000,0.9659,0.2588,-0.0000,-0.2588,0.9659),
      ["RightFoot"] = CFrame.new(0.0000,0.0000,0.0000,1.0000,-0.0000,0.0000,0.0000,0.9945,0.1045,-0.0000,-0.1045,0.9945),
      ["LeftUpperLeg"] = CFrame.new(0.0000,0.0000,0.0000,1.0000,-0.0000,0.0000,0.0000,0.9699,0.2436,-0.0000,-0.2436,0.9699),
      ["LeftLowerLeg"] = CFrame.new(0.0000,0.0000,0.0000,1.0000,-0.0000,0.0000,0.0000,0.5000,0.8660,-0.0000,-0.8660,0.5000),
      ["LeftFoot"] = CFrame.new(0.0000,0.0000,0.0000,1.0000,-0.0000,0.0000,0.0000,0.9673,0.2537,-0.0000,-0.2537,0.9673),
    }},
    {Time = 0.133, Data = {
      ["HumanoidRootPart"] = CFrame.new(0.0000,0.0000,0.0000,1.0000,0.0000,0.0000,0.0000,1.0000,0.0000,0.0000,0.0000,1.0000),
      ["LowerTorso"] = CFrame.new(0.0135,0.0959,-0.0250,0.9923,0.1111,-0.0541,-0.1235,0.9069,-0.4028,0.0043,0.4063,0.9137),
      ["UpperTorso"] = CFrame.new(-0.0000,0.0000,-0.0000,0.9893,0.0855,-0.1181,-0.1356,0.8369,-0.5303,0.0535,0.5407,0.8395),
      ["LeftUpperArm"] = CFrame.new(0.0000,0.0000,0.0000,0.9686,-0.2408,-0.0624,-0.1119,-0.6457,0.7553,-0.2222,-0.7246,-0.6524),
      ["LeftLowerArm"] = CFrame.new(0.0000,0.0000,0.0000,1.0000,-0.0000,0.0000,0.0000,0.9373,-0.3486,0.0000,0.3486,0.9373),
      ["LeftHand"] = CFrame.new(0.0000,0.0000,0.0000,1.0000,-0.0000,0.0000,0.0000,0.9903,-0.1392,0.0000,0.1392,0.9903),
      ["RightUpperArm"] = CFrame.new(0.0000,0.0000,0.0000,0.7877,-0.6049,0.1172,-0.6160,-0.7762,0.1344,0.0097,-0.1781,-0.9840),
      ["RightLowerArm"] = CFrame.new(0.0000,0.0000,0.0000,1.0000,-0.0000,0.0000,0.0000,0.9259,-0.3778,0.0000,0.3778,0.9259),
      ["RightHand"] = CFrame.new(0.0000,0.0000,0.0000,1.0000,-0.0000,0.0000,0.0000,0.9816,0.1908,-0.0000,-0.1908,0.9816),
      ["Head"] = CFrame.new(0.0000,0.0000,0.0000,1.0000,-0.0000,0.0000,0.0000,0.8425,-0.5388,0.0000,0.5388,0.8425),
      ["RightUpperLeg"] = CFrame.new(0.0000,0.0000,0.0000,1.0000,-0.0000,0.0000,0.0000,0.9945,-0.1045,0.0000,0.1045,0.9945),
      ["RightLowerLeg"] = CFrame.new(0.0000,0.0000,0.0000,1.0000,-0.0000,0.0000,0.0000,0.9397,0.3420,-0.0000,-0.3420,0.9397),
      ["RightFoot"] = CFrame.new(0.0000,0.0000,0.0000,1.0000,-0.0000,0.0000,0.0000,0.9903,0.1392,-0.0000,-0.1392,0.9903),
      ["LeftUpperLeg"] = CFrame.new(0.0000,0.0000,0.0000,1.0000,-0.0000,0.0000,0.0000,0.9998,-0.0210,0.0000,0.0210,0.9998),
      ["LeftLowerLeg"] = CFrame.new(0.0000,0.0000,0.0000,1.0000,-0.0000,0.0000,0.0000,0.5736,0.8191,-0.0000,-0.8191,0.5736),
      ["LeftFoot"] = CFrame.new(0.0000,0.0000,0.0000,1.0000,-0.0000,0.0000,0.0000,0.9860,0.1667,-0.0000,-0.1667,0.9860),
    }},
    {Time = 0.167, Data = {
      ["HumanoidRootPart"] = CFrame.new(0.0000,0.0000,0.0000,1.0000,0.0000,0.0000,0.0000,1.0000,0.0000,0.0000,0.0000,1.0000),
      ["LowerTorso"] = CFrame.new(0.0168,0.1198,0.0312,0.9903,0.1390,-0.0023,-0.1218,0.8598,-0.4960,-0.0670,0.4914,0.8683),
      ["UpperTorso"] = CFrame.new(-0.0000,0.0000,-0.0000,0.9830,0.0926,-0.1588,-0.1773,0.7049,-0.6868,0.0483,0.7032,0.7093),
      ["LeftUpperArm"] = CFrame.new(0.0000,0.0000,0.0000,0.9511,-0.2990,-0.0779,-0.1526,-0.6739,0.7229,-0.2687,-0.6757,-0.6865),
      ["LeftLowerArm"] = CFrame.new(0.0000,0.0000,0.0000,1.0000,-0.0000,0.0000,0.0000,0.9511,-0.3090,0.0000,0.3090,0.9511),
      ["LeftHand"] = CFrame.new(0.0000,0.0000,0.0000,1.0000,-0.0000,0.0000,0.0000,0.9848,-0.1736,0.0000,0.1736,0.9848),
      ["RightUpperArm"] = CFrame.new(0.0000,0.0000,0.0000,0.7604,-0.6440,0.0836,-0.6493,-0.7513,0.1185,-0.0135,-0.1444,-0.9894),
      ["RightLowerArm"] = CFrame.new(0.0000,0.0000,0.0000,1.0000,-0.0000,0.0000,0.0000,0.9136,-0.4067,0.0000,0.4067,0.9136),
      ["RightHand"] = CFrame.new(0.0000,0.0000,0.0000,1.0000,-0.0000,0.0000,0.0000,0.9848,0.1736,-0.0000,-0.1736,0.9848),
      ["Head"] = CFrame.new(0.0000,0.0000,0.0000,1.0000,-0.0000,0.0000,0.0000,0.6293,-0.7771,0.0000,0.7771,0.6293),
      ["RightUpperLeg"] = CFrame.new(0.0000,0.0000,0.0000,1.0000,-0.0000,0.0000,0.0000,1.0000,-0.0000,0.0000,0.0000,1.0000),
      ["RightLowerLeg"] = CFrame.new(0.0000,0.0000,0.0000,1.0000,-0.0000,0.0000,0.0000,0.9063,0.4226,-0.0000,-0.4226,0.9063),
      ["RightFoot"] = CFrame.new(0.0000,0.0000,0.0000,1.0000,-0.0000,0.0000,0.0000,0.9848,0.1736,-0.0000,-0.1736,0.9848),
      ["LeftUpperLeg"] = CFrame.new(0.0000,0.0000,0.0000,1.0000,-0.0000,0.0000,0.0000,0.9588,-0.2840,0.0000,0.2840,0.9588),
      ["LeftLowerLeg"] = CFrame.new(0.0000,0.0000,0.0000,1.0000,-0.0000,0.0000,0.0000,0.6428,0.7660,-0.0000,-0.7660,0.6428),
      ["LeftFoot"] = CFrame.new(0.0000,0.0000,0.0000,1.0000,-0.0000,0.0000,0.0000,0.9969,0.0784,-0.0000,-0.0784,0.9969),
    }},
    {Time = 0.200, Data = {
      ["HumanoidRootPart"] = CFrame.new(0.0000,0.0000,0.0000,1.0000,0.0000,0.0000,0.0000,1.0000,0.0000,0.0000,0.0000,1.0000),
      ["LowerTorso"] = CFrame.new(0.0246,0.2024,0.0530,0.9925,0.1216,-0.0123,-0.1059,0.8048,-0.5840,-0.0611,0.5809,0.8117),
      ["UpperTorso"] = CFrame.new(-0.0000,0.0000,-0.0000,0.9784,0.0356,-0.2035,-0.1798,0.6324,-0.7535,0.1019,0.7738,0.6252),
      ["LeftUpperArm"] = CFrame.new(0.0000,0.0000,0.0000,0.9324,-0.2835,-0.2240,-0.1484,-0.8657,0.4780,-0.3295,-0.4125,-0.8493),
      ["LeftLowerArm"] = CFrame.new(0.0000,0.0000,0.0000,1.0000,-0.0000,0.0000,0.0000,0.9219,-0.3875,0.0000,0.3875,0.9219),
      ["LeftHand"] = CFrame.new(0.0000,0.0000,0.0000,1.0000,-0.0000,0.0000,0.0000,0.9781,-0.2079,0.0000,0.2079,0.9781),
      ["RightUpperArm"] = CFrame.new(0.0000,0.0000,0.0000,0.9113,-0.4087,0.0502,-0.4114,-0.9086,0.0713,0.0164,-0.0857,-0.9962),
      ["RightLowerArm"] = CFrame.new(0.0000,0.0000,0.0000,1.0000,-0.0000,0.0000,0.0000,0.8957,-0.4446,0.0000,0.4446,0.8957),
      ["RightHand"] = CFrame.new(0.0000,0.0000,0.0000,1.0000,-0.0000,0.0000,0.0000,0.9877,0.1564,-0.0000,-0.1564,0.9877),
      ["Head"] = CFrame.new(0.0000,0.0000,0.0000,1.0000,-0.0000,0.0000,0.0000,0.6613,-0.7501,0.0000,0.7501,0.6613),
      ["RightUpperLeg"] = CFrame.new(0.0000,0.0000,0.0000,1.0000,-0.0000,0.0000,0.0000,0.9945,0.1045,-0.0000,-0.1045,0.9945),
      ["RightLowerLeg"] = CFrame.new(0.0000,0.0000,0.0000,1.0000,-0.0000,0.0000,0.0000,0.8660,0.5000,-0.0000,-0.5000,0.8660),
      ["RightFoot"] = CFrame.new(0.0000,0.0000,0.0000,1.0000,-0.0000,0.0000,0.0000,0.9781,0.2079,-0.0000,-0.2079,0.9781),
      ["LeftUpperLeg"] = CFrame.new(0.0000,0.0000,0.0000,1.0000,-0.0000,0.0000,0.0000,0.8499,-0.5270,0.0000,0.5270,0.8499),
      ["LeftLowerLeg"] = CFrame.new(0.0000,0.0000,0.0000,1.0000,-0.0000,0.0000,0.0000,0.7071,0.7071,-0.0000,-0.7071,0.7071),
      ["LeftFoot"] = CFrame.new(0.0000,0.0000,0.0000,1.0000,-0.0000,0.0000,0.0000,0.9999,-0.0105,0.0000,0.0105,0.9999),
    }},
    {Time = 0.233, Data = {
      ["HumanoidRootPart"] = CFrame.new(0.0000,0.0000,0.0000,1.0000,0.0000,0.0000,0.0000,1.0000,0.0000,0.0000,0.0000,1.0000),
      ["LowerTorso"] = CFrame.new(0.0323,0.2850,0.0748,0.9943,0.1043,-0.0223,-0.0926,0.7406,-0.6655,-0.0529,0.6638,0.7461),
      ["UpperTorso"] = CFrame.new(-0.0000,0.0000,-0.0000,0.9686,-0.0204,-0.2479,-0.1951,0.5554,-0.8084,0.1542,0.8314,0.5339),
      ["LeftUpperArm"] = CFrame.new(0.0000,0.0000,0.0000,0.8932,-0.2624,-0.3652,-0.2010,-0.9594,0.1977,-0.4023,-0.1032,-0.9097),
      ["LeftLowerArm"] = CFrame.new(0.0000,0.0000,0.0000,1.0000,-0.0000,0.0000,0.0000,0.8862,-0.4633,0.0000,0.4633,0.8862),
      ["LeftHand"] = CFrame.new(0.0000,0.0000,0.0000,1.0000,-0.0000,0.0000,0.0000,0.9703,-0.2419,0.0000,0.2419,0.9703),
      ["RightUpperArm"] = CFrame.new(0.0000,0.0000,0.0000,0.9900,-0.1401,0.0167,-0.1404,-0.9898,0.0238,0.0132,-0.0259,-0.9996),
      ["RightLowerArm"] = CFrame.new(0.0000,0.0000,0.0000,1.0000,-0.0000,0.0000,0.0000,0.8763,-0.4818,0.0000,0.4818,0.8763),
      ["RightHand"] = CFrame.new(0.0000,0.0000,0.0000,1.0000,-0.0000,0.0000,0.0000,0.9903,0.1392,-0.0000,-0.1392,0.9903),
      ["Head"] = CFrame.new(0.0000,0.0000,0.0000,1.0000,-0.0000,0.0000,0.0000,0.6922,-0.7217,0.0000,0.7217,0.6922),
      ["RightUpperLeg"] = CFrame.new(0.0000,0.0000,0.0000,1.0000,-0.0000,0.0000,0.0000,0.9781,0.2079,-0.0000,-0.2079,0.9781),
      ["RightLowerLeg"] = CFrame.new(0.0000,0.0000,0.0000,1.0000,-0.0000,0.0000,0.0000,0.8192,0.5736,-0.0000,-0.5736,0.8192),
      ["RightFoot"] = CFrame.new(0.0000,0.0000,0.0000,1.0000,-0.0000,0.0000,0.0000,0.9703,0.2419,-0.0000,-0.2419,0.9703),
      ["LeftUpperLeg"] = CFrame.new(0.0000,0.0000,0.0000,1.0000,-0.0000,0.0000,0.0000,0.6807,-0.7325,0.0000,0.7325,0.6807),
      ["LeftLowerLeg"] = CFrame.new(0.0000,0.0000,0.0000,1.0000,-0.0000,0.0000,0.0000,0.7660,0.6428,-0.0000,-0.6428,0.7660),
      ["LeftFoot"] = CFrame.new(0.0000,0.0000,0.0000,1.0000,-0.0000,0.0000,0.0000,0.9951,-0.0993,0.0000,0.0993,0.9951),
    }},
    {Time = 0.267, Data = {
      ["HumanoidRootPart"] = CFrame.new(0.0000,0.0000,0.0000,1.0000,0.0000,0.0000,0.0000,1.0000,0.0000,0.0000,0.0000,1.0000),
      ["LowerTorso"] = CFrame.new(0.0333,0.3001,0.0788,0.9958,0.0881,0.0258,-0.0450,0.7142,-0.6985,-0.0800,0.6944,0.7151),
      ["UpperTorso"] = CFrame.new(-0.0000,0.0000,-0.0000,0.9691,-0.0347,-0.2443,-0.1843,0.5563,-0.8103,0.1640,0.8303,0.5327),
      ["LeftUpperArm"] = CFrame.new(0.0000,0.0000,0.0000,0.9057,-0.2082,-0.3693,-0.1933,-0.9781,0.0774,-0.3773,0.0013,-0.9261),
      ["LeftLowerArm"] = CFrame.new(0.0000,0.0000,0.0000,1.0000,-0.0000,0.0000,0.0000,0.8746,-0.4848,0.0000,0.4848,0.8746),
      ["LeftHand"] = CFrame.new(0.0000,0.0000,0.0000,1.0000,-0.0000,0.0000,0.0000,0.9744,-0.2250,0.0000,0.2250,0.9744),
      ["RightUpperArm"] = CFrame.new(0.0000,0.0000,0.0000,1.0000,0.0000,-0.0000,0.0000,-0.9945,0.1045,-0.0000,-0.1045,-0.9945),
      ["RightLowerArm"] = CFrame.new(0.0000,0.0000,0.0000,1.0000,-0.0000,0.0000,0.0000,0.8480,-0.5299,0.0000,0.5299,0.8480),
      ["RightHand"] = CFrame.new(0.0000,0.0000,0.0000,1.0000,-0.0000,0.0000,0.0000,0.9925,0.1219,-0.0000,-0.1219,0.9925),
      ["Head"] = CFrame.new(0.0000,0.0000,0.0000,1.0000,-0.0000,0.0000,0.0000,0.7071,-0.7071,0.0000,0.7071,0.7071),
      ["RightUpperLeg"] = CFrame.new(0.0000,0.0000,0.0000,1.0000,-0.0000,0.0000,0.0000,0.9511,0.3090,-0.0000,-0.3090,0.9511),
      ["RightLowerLeg"] = CFrame.new(0.0000,0.0000,0.0000,1.0000,-0.0000,0.0000,0.0000,0.7660,0.6428,-0.0000,-0.6428,0.7660),
      ["RightFoot"] = CFrame.new(0.0000,0.0000,0.0000,1.0000,-0.0000,0.0000,0.0000,0.9613,0.2756,-0.0000,-0.2756,0.9613),
      ["LeftUpperLeg"] = CFrame.new(0.0000,0.0000,0.0000,1.0000,-0.0000,0.0000,0.0000,0.4633,-0.8862,0.0000,0.8862,0.4633),
      ["LeftLowerLeg"] = CFrame.new(0.0000,0.0000,0.0000,1.0000,-0.0000,0.0000,0.0000,0.8191,0.5736,-0.0000,-0.5736,0.8191),
      ["LeftFoot"] = CFrame.new(0.0000,0.0000,0.0000,1.0000,-0.0000,0.0000,0.0000,0.9823,-0.1874,0.0000,0.1874,0.9823),
    }},
    {Time = 0.300, Data = {
      ["HumanoidRootPart"] = CFrame.new(0.0000,0.0000,0.0000,1.0000,0.0000,0.0000,0.0000,1.0000,0.0000,0.0000,0.0000,1.0000),
      ["LowerTorso"] = CFrame.new(0.0275,0.2479,0.0651,0.9886,0.0724,0.1319,0.0376,0.7299,-0.6825,-0.1456,0.6797,0.7189),
      ["UpperTorso"] = CFrame.new(-0.0000,0.0000,-0.0000,0.9813,-0.0074,-0.1926,-0.1442,0.6347,-0.7592,0.1279,0.7727,0.6217),
      ["LeftUpperArm"] = CFrame.new(0.0000,0.0000,0.0000,0.9650,-0.1121,-0.2370,-0.0863,-0.9894,0.1169,-0.2476,-0.0924,-0.9645),
      ["LeftLowerArm"] = CFrame.new(0.0000,0.0000,0.0000,1.0000,-0.0000,0.0000,0.0000,0.8910,-0.4540,0.0000,0.4540,0.8910),
      ["LeftHand"] = CFrame.new(0.0000,0.0000,0.0000,1.0000,-0.0000,0.0000,0.0000,0.9877,-0.1564,0.0000,0.1564,0.9877),
      ["RightUpperArm"] = CFrame.new(0.0000,0.0000,0.0000,1.0000,0.0000,-0.0000,0.0000,-0.9511,0.3090,-0.0000,-0.3090,-0.9511),
      ["RightLowerArm"] = CFrame.new(0.0000,0.0000,0.0000,1.0000,-0.0000,0.0000,0.0000,0.8090,-0.5878,0.0000,0.5878,0.8090),
      ["RightHand"] = CFrame.new(0.0000,0.0000,0.0000,1.0000,-0.0000,0.0000,0.0000,0.9945,0.1045,-0.0000,-0.1045,0.9945),
      ["Head"] = CFrame.new(0.0000,0.0000,0.0000,1.0000,-0.0000,0.0000,0.0000,0.7071,-0.7071,0.0000,0.7071,0.7071),
      ["RightUpperLeg"] = CFrame.new(0.0000,0.0000,0.0000,1.0000,-0.0000,0.0000,0.0000,0.9135,0.4067,-0.0000,-0.4067,0.9135),
      ["RightLowerLeg"] = CFrame.new(0.0000,0.0000,0.0000,1.0000,-0.0000,0.0000,0.0000,0.7071,0.7071,-0.0000,-0.7071,0.7071),
      ["RightFoot"] = CFrame.new(0.0000,0.0000,0.0000,1.0000,-0.0000,0.0000,0.0000,0.9511,0.3090,-0.0000,-0.3090,0.9511),
      ["LeftUpperLeg"] = CFrame.new(0.0000,0.0000,0.0000,1.0000,-0.0000,0.0000,0.0000,0.2130,-0.9770,0.0000,0.9770,0.2130),
      ["LeftLowerLeg"] = CFrame.new(0.0000,0.0000,0.0000,1.0000,-0.0000,0.0000,0.0000,0.8660,0.5000,-0.0000,-0.5000,0.8660),
      ["LeftFoot"] = CFrame.new(0.0000,0.0000,0.0000,1.0000,-0.0000,0.0000,0.0000,0.9617,-0.2740,0.0000,0.2740,0.9617),
    }},
    {Time = 0.333, Data = {
      ["HumanoidRootPart"] = CFrame.new(0.0000,0.0000,0.0000,1.0000,0.0000,0.0000,0.0000,1.0000,0.0000,0.0000,0.0000,1.0000),
      ["LowerTorso"] = CFrame.new(0.0217,0.1958,0.0514,0.9700,0.0563,0.2364,0.1174,0.7430,-0.6589,-0.2127,0.6669,0.7142),
      ["UpperTorso"] = CFrame.new(0.0000,0.0000,0.0000,0.9899,0.0204,-0.1404,-0.1134,0.7087,-0.6963,0.0853,0.7052,0.7038),
      ["LeftUpperArm"] = CFrame.new(0.0000,0.0000,0.0000,0.9950,-0.0054,-0.1000,0.0104,-0.9876,0.1564,-0.0996,-0.1567,-0.9826),
      ["LeftLowerArm"] = CFrame.new(0.0000,0.0000,0.0000,1.0000,-0.0000,0.0000,0.0000,0.9063,-0.4226,0.0000,0.4226,0.9063),
      ["LeftHand"] = CFrame.new(0.0000,0.0000,0.0000,1.0000,-0.0000,0.0000,0.0000,0.9962,-0.0872,0.0000,0.0872,0.9962),
      ["RightUpperArm"] = CFrame.new(0.0000,0.0000,0.0000,1.0000,0.0000,-0.0000,0.0000,-0.8660,0.5000,-0.0000,-0.5000,-0.8660),
      ["RightLowerArm"] = CFrame.new(0.0000,0.0000,0.0000,1.0000,-0.0000,0.0000,0.0000,0.7660,-0.6428,0.0000,0.6428,0.7660),
      ["RightHand"] = CFrame.new(0.0000,0.0000,0.0000,1.0000,-0.0000,0.0000,0.0000,0.9962,0.0872,-0.0000,-0.0872,0.9962),
      ["Head"] = CFrame.new(0.0000,0.0000,0.0000,1.0000,-0.0000,0.0000,0.0000,0.7071,-0.7071,0.0000,0.7071,0.7071),
      ["RightUpperLeg"] = CFrame.new(0.0000,0.0000,0.0000,1.0000,-0.0000,0.0000,0.0000,0.8660,0.5000,-0.0000,-0.5000,0.8660),
      ["RightLowerLeg"] = CFrame.new(0.0000,0.0000,0.0000,1.0000,-0.0000,0.0000,0.0000,0.6428,0.7660,-0.0000,-0.7660,0.6428),
      ["RightFoot"] = CFrame.new(0.0000,0.0000,0.0000,1.0000,-0.0000,0.0000,0.0000,0.9397,0.3420,-0.0000,-0.3420,0.9397),
      ["LeftUpperLeg"] = CFrame.new(0.0000,0.0000,0.0000,1.0000,-0.0000,0.0000,0.0000,-0.0523,-0.9986,0.0000,0.9986,-0.0523),
      ["LeftLowerLeg"] = CFrame.new(0.0000,0.0000,0.0000,1.0000,-0.0000,0.0000,0.0000,0.9063,0.4226,-0.0000,-0.4226,0.9063),
      ["LeftFoot"] = CFrame.new(0.0000,0.0000,0.0000,1.0000,-0.0000,0.0000,0.0000,0.9336,-0.3584,0.0000,0.3584,0.9336),
    }},
    {Time = 0.367, Data = {
      ["HumanoidRootPart"] = CFrame.new(0.0000,0.0000,0.0000,1.0000,0.0000,0.0000,0.0000,1.0000,0.0000,0.0000,0.0000,1.0000),
      ["LowerTorso"] = CFrame.new(0.0173,0.1566,0.0411,0.9695,0.0450,0.2409,0.0967,0.8329,-0.5449,-0.2251,0.5516,0.8032),
      ["UpperTorso"] = CFrame.new(0.0050,-0.0213,-0.0121,0.9977,-0.0249,-0.0630,-0.0225,0.7548,-0.6556,0.0639,0.6555,0.7525),
      ["LeftUpperArm"] = CFrame.new(0.0000,0.0000,0.0000,0.9876,0.0875,-0.1303,0.1086,-0.9804,0.1645,-0.1134,-0.1766,-0.9777),
      ["LeftLowerArm"] = CFrame.new(0.0000,0.0000,0.0000,1.0000,-0.0000,0.0000,0.0000,0.9205,-0.3907,0.0000,0.3907,0.9205),
      ["LeftHand"] = CFrame.new(0.0000,0.0000,0.0000,1.0000,-0.0000,0.0000,0.0000,0.9998,-0.0175,0.0000,0.0175,0.9998),
      ["RightUpperArm"] = CFrame.new(0.0000,0.0000,0.0000,1.0000,-0.0000,-0.0000,0.0000,-0.7431,0.6691,-0.0000,-0.6691,-0.7431),
      ["RightLowerArm"] = CFrame.new(0.0000,0.0000,0.0000,1.0000,-0.0000,0.0000,0.0000,0.7193,-0.6947,0.0000,0.6947,0.7193),
      ["RightHand"] = CFrame.new(0.0000,0.0000,0.0000,1.0000,-0.0000,0.0000,0.0000,0.9976,0.0698,-0.0000,-0.0698,0.9976),
      ["Head"] = CFrame.new(0.0000,0.0000,0.0000,1.0000,-0.0000,0.0000,0.0000,0.7071,-0.7071,0.0000,0.7071,0.7071),
      ["RightUpperLeg"] = CFrame.new(0.0000,0.0000,0.0000,1.0000,-0.0000,0.0000,0.0000,0.8090,0.5878,-0.0000,-0.5878,0.8090),
      ["RightLowerLeg"] = CFrame.new(0.0000,0.0000,0.0000,1.0000,-0.0000,0.0000,0.0000,0.5736,0.8192,-0.0000,-0.8192,0.5736),
      ["RightFoot"] = CFrame.new(0.0000,0.0000,0.0000,1.0000,-0.0000,0.0000,0.0000,0.9272,0.3746,-0.0000,-0.3746,0.9272),
      ["LeftUpperLeg"] = CFrame.new(0.0000,0.0000,0.0000,1.0000,-0.0000,0.0000,0.0000,0.1668,-0.9860,0.0000,0.9860,0.1668),
      ["LeftLowerLeg"] = CFrame.new(0.0000,0.0000,0.0000,1.0000,-0.0000,0.0000,0.0000,0.9397,0.3420,-0.0000,-0.3420,0.9397),
      ["LeftFoot"] = CFrame.new(0.0000,0.0000,0.0000,1.0000,-0.0000,0.0000,0.0000,0.9573,-0.2891,0.0000,0.2891,0.9573),
    }},
    {Time = 0.400, Data = {
      ["HumanoidRootPart"] = CFrame.new(0.0000,0.0000,0.0000,1.0000,0.0000,0.0000,0.0000,1.0000,0.0000,0.0000,0.0000,1.0000),
      ["LowerTorso"] = CFrame.new(0.0130,0.1175,0.0308,0.9688,0.0337,0.2454,0.0747,0.9049,-0.4191,-0.2362,0.4244,0.8741),
      ["UpperTorso"] = CFrame.new(0.0100,-0.0426,-0.0241,0.9974,-0.0706,0.0147,0.0650,0.7914,-0.6078,0.0313,0.6072,0.7939),
      ["LeftUpperArm"] = CFrame.new(0.0000,0.0000,0.0000,0.9707,0.1788,-0.1605,0.2060,-0.9632,0.1724,-0.1238,-0.2004,-0.9719),
      ["LeftLowerArm"] = CFrame.new(0.0000,0.0000,0.0000,1.0000,-0.0000,0.0000,0.0000,0.9336,-0.3584,0.0000,0.3584,0.9336),
      ["LeftHand"] = CFrame.new(0.0000,0.0000,0.0000,1.0000,-0.0000,0.0000,0.0000,0.9986,0.0523,-0.0000,-0.0523,0.9986),
      ["RightUpperArm"] = CFrame.new(0.0000,0.0000,0.0000,1.0000,-0.0000,-0.0000,0.0000,-0.5878,0.8090,-0.0000,-0.8090,-0.5878),
      ["RightLowerArm"] = CFrame.new(0.0000,0.0000,0.0000,1.0000,-0.0000,0.0000,0.0000,0.6691,-0.7431,0.0000,0.7431,0.6691),
      ["RightHand"] = CFrame.new(0.0000,0.0000,0.0000,1.0000,-0.0000,0.0000,0.0000,0.9986,0.0523,-0.0000,-0.0523,0.9986),
      ["Head"] = CFrame.new(0.0000,0.0000,0.0000,1.0000,-0.0000,0.0000,0.0000,0.7071,-0.7071,0.0000,0.7071,0.7071),
      ["RightUpperLeg"] = CFrame.new(0.0000,0.0000,0.0000,1.0000,-0.0000,0.0000,0.0000,0.7432,0.6691,-0.0000,-0.6691,0.7432),
      ["RightLowerLeg"] = CFrame.new(0.0000,0.0000,0.0000,1.0000,-0.0000,0.0000,0.0000,0.5000,0.8660,-0.0000,-0.8660,0.5000),
      ["RightFoot"] = CFrame.new(0.0000,0.0000,0.0000,1.0000,-0.0000,0.0000,0.0000,0.9135,0.4067,-0.0000,-0.4067,0.9135),
      ["LeftUpperLeg"] = CFrame.new(0.0000,0.0000,0.0000,1.0000,-0.0000,0.0000,0.0000,0.3779,-0.9259,0.0000,0.9259,0.3779),
      ["LeftLowerLeg"] = CFrame.new(0.0000,0.0000,0.0000,1.0000,-0.0000,0.0000,0.0000,0.9659,0.2588,-0.0000,-0.2588,0.9659),
      ["LeftFoot"] = CFrame.new(0.0000,0.0000,0.0000,1.0000,-0.0000,0.0000,0.0000,0.9759,-0.2182,0.0000,0.2182,0.9759),
    }},
    {Time = 0.433, Data = {
      ["HumanoidRootPart"] = CFrame.new(0.0000,0.0000,0.0000,1.0000,0.0000,0.0000,0.0000,1.0000,0.0000,0.0000,0.0000,1.0000),
      ["LowerTorso"] = CFrame.new(0.0087,0.0783,0.0206,0.9680,0.0224,0.2499,0.0512,0.9574,-0.2844,-0.2456,0.2881,0.9256),
      ["UpperTorso"] = CFrame.new(0.0150,-0.0640,-0.0362,0.9890,-0.1155,0.0924,0.1474,0.8193,-0.5540,-0.0117,0.5616,0.8274),
      ["LeftUpperArm"] = CFrame.new(0.0000,0.0000,0.0000,0.9445,0.2675,-0.1905,0.3015,-0.9363,0.1800,-0.1302,-0.2275,-0.9650),
      ["LeftLowerArm"] = CFrame.new(0.0000,0.0000,0.0000,1.0000,-0.0000,0.0000,0.0000,0.9455,-0.3256,0.0000,0.3256,0.9455),
      ["LeftHand"] = CFrame.new(0.0000,0.0000,0.0000,1.0000,-0.0000,0.0000,0.0000,0.9925,0.1219,-0.0000,-0.1219,0.9925),
      ["RightUpperArm"] = CFrame.new(0.0000,0.0000,0.0000,1.0000,-0.0000,-0.0000,0.0000,-0.4067,0.9136,-0.0000,-0.9136,-0.4067),
      ["RightLowerArm"] = CFrame.new(0.0000,0.0000,0.0000,1.0000,-0.0000,0.0000,0.0000,0.6157,-0.7880,0.0000,0.7880,0.6157),
      ["RightHand"] = CFrame.new(0.0000,0.0000,0.0000,1.0000,-0.0000,0.0000,0.0000,0.9994,0.0349,-0.0000,-0.0349,0.9994),
      ["Head"] = CFrame.new(0.0000,0.0000,0.0000,1.0000,-0.0000,0.0000,0.0000,0.7071,-0.7071,0.0000,0.7071,0.7071),
      ["RightUpperLeg"] = CFrame.new(0.0000,0.0000,0.0000,1.0000,-0.0000,0.0000,0.0000,0.6691,0.7431,-0.0000,-0.7431,0.6691),
      ["RightLowerLeg"] = CFrame.new(0.0000,0.0000,0.0000,1.0000,-0.0000,0.0000,0.0000,0.4226,0.9063,-0.0000,-0.9063,0.4226),
      ["RightFoot"] = CFrame.new(0.0000,0.0000,0.0000,1.0000,-0.0000,0.0000,0.0000,0.8988,0.4384,-0.0000,-0.4384,0.8988),
      ["LeftUpperLeg"] = CFrame.new(0.0000,0.0000,0.0000,1.0000,-0.0000,0.0000,0.0000,0.5707,-0.8211,0.0000,0.8211,0.5707),
      ["LeftLowerLeg"] = CFrame.new(0.0000,0.0000,0.0000,1.0000,-0.0000,0.0000,0.0000,0.9848,0.1737,-0.0000,-0.1737,0.9848),
      ["LeftFoot"] = CFrame.new(0.0000,0.0000,0.0000,1.0000,-0.0000,0.0000,0.0000,0.9893,-0.1461,0.0000,0.1461,0.9893),
    }},
    {Time = 0.467, Data = {
      ["HumanoidRootPart"] = CFrame.new(0.0000,0.0000,0.0000,1.0000,0.0000,0.0000,0.0000,1.0000,0.0000,0.0000,0.0000,1.0000),
      ["LowerTorso"] = CFrame.new(0.0043,0.0392,0.0103,0.9670,0.0112,0.2543,0.0263,0.9893,-0.1436,-0.2532,0.1456,0.9564),
      ["UpperTorso"] = CFrame.new(0.0200,-0.0853,-0.0483,0.9726,-0.1589,0.1695,0.2234,0.8394,-0.4954,-0.0635,0.5198,0.8519),
      ["LeftUpperArm"] = CFrame.new(0.0000,0.0000,0.0000,0.9095,0.3526,-0.2204,0.3942,-0.8997,0.1874,-0.1322,-0.2573,-0.9573),
      ["LeftLowerArm"] = CFrame.new(0.0000,0.0000,0.0000,1.0000,-0.0000,0.0000,0.0000,0.9563,-0.2924,0.0000,0.2924,0.9563),
      ["LeftHand"] = CFrame.new(0.0000,0.0000,0.0000,1.0000,-0.0000,0.0000,0.0000,0.9816,0.1908,-0.0000,-0.1908,0.9816),
      ["RightUpperArm"] = CFrame.new(0.0000,0.0000,0.0000,1.0000,-0.0000,-0.0000,0.0000,-0.2079,0.9782,-0.0000,-0.9782,-0.2079),
      ["RightLowerArm"] = CFrame.new(0.0000,0.0000,0.0000,1.0000,-0.0000,0.0000,0.0000,0.5592,-0.8290,0.0000,0.8290,0.5592),
      ["RightHand"] = CFrame.new(0.0000,0.0000,0.0000,1.0000,-0.0000,0.0000,0.0000,0.9998,0.0175,-0.0000,-0.0175,0.9998),
      ["Head"] = CFrame.new(0.0000,0.0000,0.0000,1.0000,-0.0000,0.0000,0.0000,0.7071,-0.7071,0.0000,0.7071,0.7071),
      ["RightUpperLeg"] = CFrame.new(0.0000,0.0000,0.0000,1.0000,-0.0000,0.0000,0.0000,0.5878,0.8090,-0.0000,-0.8090,0.5878),
      ["RightLowerLeg"] = CFrame.new(0.0000,0.0000,0.0000,1.0000,-0.0000,0.0000,0.0000,0.3420,0.9397,-0.0000,-0.9397,0.3420),
      ["RightFoot"] = CFrame.new(0.0000,0.0000,0.0000,1.0000,-0.0000,0.0000,0.0000,0.8829,0.4695,-0.0000,-0.4695,0.8829),
      ["LeftUpperLeg"] = CFrame.new(0.0000,0.0000,0.0000,1.0000,-0.0000,0.0000,0.0000,0.7361,-0.6769,0.0000,0.6769,0.7361),
      ["LeftLowerLeg"] = CFrame.new(0.0000,0.0000,0.0000,1.0000,-0.0000,0.0000,0.0000,0.9962,0.0872,-0.0000,-0.0872,0.9962),
      ["LeftFoot"] = CFrame.new(0.0000,0.0000,0.0000,1.0000,-0.0000,0.0000,0.0000,0.9973,-0.0733,0.0000,0.0733,0.9973),
    }},
    {Time = 0.500, Data = {
      ["HumanoidRootPart"] = CFrame.new(0.0000,0.0000,0.0000,1.0000,0.0000,0.0000,0.0000,1.0000,0.0000,0.0000,0.0000,1.0000),
      ["LowerTorso"] = CFrame.new(0.0000,0.0000,0.0000,0.9659,-0.0000,0.2588,0.0000,1.0000,-0.0000,-0.2588,0.0000,0.9659),
      ["UpperTorso"] = CFrame.new(0.0250,-0.1066,-0.0603,0.9486,-0.1998,0.2455,0.2917,0.8527,-0.4333,-0.1228,0.4827,0.8672),
      ["LeftUpperArm"] = CFrame.new(0.0000,0.0000,0.0000,0.8660,0.4330,-0.2500,0.4830,-0.8538,0.1944,-0.1293,-0.2891,-0.9485),
      ["LeftLowerArm"] = CFrame.new(0.0000,0.0000,0.0000,1.0000,-0.0000,0.0000,0.0000,0.9659,-0.2588,0.0000,0.2588,0.9659),
      ["LeftHand"] = CFrame.new(0.0000,0.0000,0.0000,1.0000,-0.0000,0.0000,0.0000,0.9659,0.2588,-0.0000,-0.2588,0.9659),
      ["RightUpperArm"] = CFrame.new(0.0000,0.0000,0.0000,1.0000,-0.0000,-0.0000,0.0000,0.0001,1.0000,-0.0000,-1.0000,0.0001),
      ["RightLowerArm"] = CFrame.new(0.0000,0.0000,0.0000,1.0000,-0.0000,0.0000,0.0000,0.5000,-0.8660,0.0000,0.8660,0.5000),
      ["RightHand"] = CFrame.new(0.0000,0.0000,0.0000,1.0000,0.0000,0.0000,0.0000,1.0000,0.0000,0.0000,0.0000,1.0000),
      ["Head"] = CFrame.new(0.0000,0.0000,0.0000,1.0000,-0.0000,0.0000,0.0000,0.7071,-0.7071,0.0000,0.7071,0.7071),
      ["RightUpperLeg"] = CFrame.new(0.0000,0.0000,0.0000,1.0000,-0.0000,0.0000,0.0000,0.5000,0.8660,-0.0000,-0.8660,0.5000),
      ["RightLowerLeg"] = CFrame.new(0.0000,0.0000,0.0000,1.0000,-0.0000,0.0000,0.0000,0.2588,0.9659,-0.0000,-0.9659,0.2588),
      ["RightFoot"] = CFrame.new(0.0000,0.0000,0.0000,1.0000,-0.0000,0.0000,0.0000,0.8660,0.5000,-0.0000,-0.5000,0.8660),
      ["LeftUpperLeg"] = CFrame.new(0.0000,0.0000,0.0000,1.0000,-0.0000,0.0000,0.0000,0.8660,-0.5000,0.0000,0.5000,0.8660),
      ["LeftLowerLeg"] = CFrame.new(0.0000,0.0000,0.0000,1.0000,-0.0000,0.0000,0.0000,1.0000,0.0000,-0.0000,-0.0000,1.0000),
      ["LeftFoot"] = CFrame.new(0.0000,0.0000,0.0000,1.0000,-0.0000,0.0000,0.0000,1.0000,-0.0000,0.0000,0.0000,1.0000),
    }},
    {Time = 0.533, Data = {
      ["HumanoidRootPart"] = CFrame.new(0.0000,0.0000,0.0000,1.0000,0.0000,0.0000,0.0000,1.0000,0.0000,0.0000,0.0000,1.0000),
      ["LowerTorso"] = CFrame.new(-0.0034,0.0239,-0.0561,0.9781,-0.0248,0.2066,0.0464,0.9938,-0.1007,-0.2029,0.1080,0.9732),
      ["UpperTorso"] = CFrame.new(0.0150,-0.0640,-0.0362,0.9736,-0.1515,0.1707,0.2053,0.9079,-0.3654,-0.0996,0.3908,0.9151),
      ["LeftUpperArm"] = CFrame.new(0.0000,0.0000,0.0000,0.8510,0.4778,-0.2179,0.5162,-0.8373,0.1800,-0.0965,-0.2657,-0.9592),
      ["LeftLowerArm"] = CFrame.new(0.0000,0.0000,0.0000,1.0000,-0.0000,0.0000,0.0000,0.9711,-0.2385,0.0000,0.2385,0.9711),
      ["LeftHand"] = CFrame.new(0.0000,0.0000,0.0000,1.0000,-0.0000,0.0000,0.0000,0.9703,0.2419,-0.0000,-0.2419,0.9703),
      ["RightUpperArm"] = CFrame.new(0.0000,0.0000,0.0000,0.9975,0.0374,0.0597,-0.0510,-0.2015,0.9782,0.0486,-0.9788,-0.1991),
      ["RightLowerArm"] = CFrame.new(0.0000,0.0000,0.0000,1.0000,-0.0000,0.0000,0.0000,0.5878,-0.8090,0.0000,0.8090,0.5878),
      ["RightHand"] = CFrame.new(0.0000,0.0000,0.0000,1.0000,-0.0000,0.0000,0.0000,0.9994,-0.0349,0.0000,0.0349,0.9994),
      ["Head"] = CFrame.new(0.0000,0.0000,0.0000,1.0000,-0.0000,0.0000,0.0000,0.8746,-0.4848,0.0000,0.4848,0.8746),
      ["RightUpperLeg"] = CFrame.new(0.0000,0.0000,0.0000,1.0000,-0.0000,0.0000,0.0000,0.7108,0.7034,-0.0000,-0.7034,0.7108),
      ["RightLowerLeg"] = CFrame.new(0.0000,0.0000,0.0000,1.0000,-0.0000,0.0000,0.0000,0.3420,0.9397,-0.0000,-0.9397,0.3420),
      ["RightFoot"] = CFrame.new(0.0000,0.0000,0.0000,1.0000,-0.0000,0.0000,0.0000,0.9070,0.4210,-0.0000,-0.4210,0.9070),
      ["LeftUpperLeg"] = CFrame.new(0.0000,0.0000,0.0000,1.0000,-0.0000,0.0000,0.0000,0.9136,-0.4067,0.0000,0.4067,0.9136),
      ["LeftLowerLeg"] = CFrame.new(0.0000,0.0000,0.0000,1.0000,-0.0000,0.0000,0.0000,0.9962,0.0872,-0.0000,-0.0872,0.9962),
      ["LeftFoot"] = CFrame.new(0.0000,0.0000,0.0000,1.0000,-0.0000,0.0000,0.0000,0.9994,0.0349,-0.0000,-0.0349,0.9994),
    }},
    {Time = 0.567, Data = {
      ["HumanoidRootPart"] = CFrame.new(0.0000,0.0000,0.0000,1.0000,0.0000,0.0000,0.0000,1.0000,0.0000,0.0000,0.0000,1.0000),
      ["LowerTorso"] = CFrame.new(-0.0067,0.0479,-0.1121,0.9868,-0.0500,0.1538,0.0810,0.9760,-0.2022,-0.1400,0.2120,0.9672),
      ["UpperTorso"] = CFrame.new(0.0050,-0.0213,-0.0121,0.9904,-0.1005,0.0949,0.1242,0.9487,-0.2907,-0.0608,0.2997,0.9521),
      ["LeftUpperArm"] = CFrame.new(0.0000,0.0000,0.0000,0.8328,0.5216,-0.1855,0.5497,-0.8189,0.1651,-0.0658,-0.2395,-0.9687),
      ["LeftLowerArm"] = CFrame.new(0.0000,0.0000,0.0000,1.0000,-0.0000,0.0000,0.0000,0.9759,-0.2181,0.0000,0.2181,0.9759),
      ["LeftHand"] = CFrame.new(0.0000,0.0000,0.0000,1.0000,-0.0000,0.0000,0.0000,0.9744,0.2250,-0.0000,-0.2250,0.9744),
      ["RightUpperArm"] = CFrame.new(0.0000,0.0000,0.0000,0.9901,0.0743,0.1191,-0.0801,-0.3980,0.9139,0.1154,-0.9144,-0.3881),
      ["RightLowerArm"] = CFrame.new(0.0000,0.0000,0.0000,1.0000,-0.0000,0.0000,0.0000,0.6691,-0.7432,0.0000,0.7432,0.6691),
      ["RightHand"] = CFrame.new(0.0000,0.0000,0.0000,1.0000,-0.0000,0.0000,0.0000,0.9976,-0.0698,0.0000,0.0698,0.9976),
      ["Head"] = CFrame.new(0.0000,0.0000,0.0000,1.0000,-0.0000,0.0000,0.0000,0.9744,-0.2249,0.0000,0.2249,0.9744),
      ["RightUpperLeg"] = CFrame.new(0.0000,0.0000,0.0000,1.0000,-0.0000,0.0000,0.0000,0.8712,0.4909,-0.0000,-0.4909,0.8712),
      ["RightLowerLeg"] = CFrame.new(0.0000,0.0000,0.0000,1.0000,-0.0000,0.0000,0.0000,0.4226,0.9063,-0.0000,-0.9063,0.4226),
      ["RightFoot"] = CFrame.new(0.0000,0.0000,0.0000,1.0000,-0.0000,0.0000,0.0000,0.9409,0.3387,-0.0000,-0.3387,0.9409),
      ["LeftUpperLeg"] = CFrame.new(0.0000,0.0000,0.0000,1.0000,-0.0000,0.0000,0.0000,0.9511,-0.3090,0.0000,0.3090,0.9511),
      ["LeftLowerLeg"] = CFrame.new(0.0000,0.0000,0.0000,1.0000,-0.0000,0.0000,0.0000,0.9848,0.1737,-0.0000,-0.1737,0.9848),
      ["LeftFoot"] = CFrame.new(0.0000,0.0000,0.0000,1.0000,-0.0000,0.0000,0.0000,0.9976,0.0697,-0.0000,-0.0697,0.9976),
    }},
    {Time = 0.600, Data = {
      ["HumanoidRootPart"] = CFrame.new(0.0000,0.0000,0.0000,1.0000,0.0000,0.0000,0.0000,1.0000,0.0000,0.0000,0.0000,1.0000),
      ["LowerTorso"] = CFrame.new(-0.0101,0.0718,-0.1682,0.9921,-0.0755,0.1006,0.1028,0.9475,-0.3027,-0.0725,0.3107,0.9478),
      ["UpperTorso"] = CFrame.new(0.0000,-0.0000,-0.0000,0.9939,-0.0781,0.0773,0.1004,0.9318,-0.3489,-0.0447,0.3546,0.9340),
      ["LeftUpperArm"] = CFrame.new(0.0000,0.0000,0.0000,0.8114,0.5641,-0.1530,0.5833,-0.7983,0.1498,-0.0376,-0.2108,-0.9768),
      ["LeftLowerArm"] = CFrame.new(0.0000,0.0000,0.0000,1.0000,-0.0000,0.0000,0.0000,0.9803,-0.1976,0.0000,0.1976,0.9803),
      ["LeftHand"] = CFrame.new(0.0000,0.0000,0.0000,1.0000,-0.0000,0.0000,0.0000,0.9781,0.2079,-0.0000,-0.2079,0.9781),
      ["RightUpperArm"] = CFrame.new(0.0000,0.0000,0.0000,0.9778,0.1104,0.1782,-0.0823,-0.5795,0.8108,0.1928,-0.8074,-0.5576),
      ["RightLowerArm"] = CFrame.new(0.0000,0.0000,0.0000,1.0000,-0.0000,0.0000,0.0000,0.7431,-0.6691,0.0000,0.6691,0.7431),
      ["RightHand"] = CFrame.new(0.0000,0.0000,0.0000,1.0000,-0.0000,0.0000,0.0000,0.9945,-0.1045,0.0000,0.1045,0.9945),
      ["Head"] = CFrame.new(0.0000,0.0000,0.0000,1.0000,-0.0000,0.0000,0.0000,0.9694,-0.2453,0.0000,0.2453,0.9694),
      ["RightUpperLeg"] = CFrame.new(0.0000,0.0000,0.0000,1.0000,-0.0000,0.0000,0.0000,0.9699,0.2436,-0.0000,-0.2436,0.9699),
      ["RightLowerLeg"] = CFrame.new(0.0000,0.0000,0.0000,1.0000,-0.0000,0.0000,0.0000,0.5000,0.8660,-0.0000,-0.8660,0.5000),
      ["RightFoot"] = CFrame.new(0.0000,0.0000,0.0000,1.0000,-0.0000,0.0000,0.0000,0.9673,0.2538,-0.0000,-0.2538,0.9673),
      ["LeftUpperLeg"] = CFrame.new(0.0000,0.0000,0.0000,1.0000,-0.0000,0.0000,0.0000,0.9782,-0.2079,0.0000,0.2079,0.9782),
      ["LeftLowerLeg"] = CFrame.new(0.0000,0.0000,0.0000,1.0000,-0.0000,0.0000,0.0000,0.9659,0.2588,-0.0000,-0.2588,0.9659),
      ["LeftFoot"] = CFrame.new(0.0000,0.0000,0.0000,1.0000,-0.0000,0.0000,0.0000,0.9945,0.1045,-0.0000,-0.1045,0.9945),
    }},
    {Time = 0.633, Data = {
      ["HumanoidRootPart"] = CFrame.new(0.0000,0.0000,0.0000,1.0000,0.0000,0.0000,0.0000,1.0000,0.0000,0.0000,0.0000,1.0000),
      ["LowerTorso"] = CFrame.new(-0.0135,0.0958,-0.2243,0.9938,-0.1010,0.0471,0.1114,0.9096,-0.4002,-0.0024,0.4029,0.9152),
      ["UpperTorso"] = CFrame.new(0.0000,-0.0000,-0.0000,0.9893,-0.0855,0.1181,0.1356,0.8369,-0.5303,-0.0535,0.5407,0.8395),
      ["LeftUpperArm"] = CFrame.new(0.0000,0.0000,0.0000,0.7870,0.6052,-0.1203,0.6169,-0.7756,0.1341,-0.0121,-0.1797,-0.9836),
      ["LeftLowerArm"] = CFrame.new(0.0000,0.0000,0.0000,1.0000,-0.0000,0.0000,0.0000,0.9842,-0.1771,0.0000,0.1771,0.9842),
      ["LeftHand"] = CFrame.new(0.0000,0.0000,0.0000,1.0000,-0.0000,0.0000,0.0000,0.9816,0.1908,-0.0000,-0.1908,0.9816),
      ["RightUpperArm"] = CFrame.new(0.0000,0.0000,0.0000,0.9607,0.1451,0.2366,-0.0550,-0.7361,0.6747,0.2720,-0.6612,-0.6992),
      ["RightLowerArm"] = CFrame.new(0.0000,0.0000,0.0000,1.0000,-0.0000,0.0000,0.0000,0.8090,-0.5878,0.0000,0.5878,0.8090),
      ["RightHand"] = CFrame.new(0.0000,0.0000,0.0000,1.0000,-0.0000,0.0000,0.0000,0.9903,-0.1392,0.0000,0.1392,0.9903),
      ["Head"] = CFrame.new(0.0000,0.0000,0.0000,1.0000,-0.0000,0.0000,0.0000,0.8425,-0.5387,0.0000,0.5387,0.8425),
      ["RightUpperLeg"] = CFrame.new(0.0000,0.0000,0.0000,1.0000,-0.0000,0.0000,0.0000,0.9998,-0.0210,0.0000,0.0210,0.9998),
      ["RightLowerLeg"] = CFrame.new(0.0000,0.0000,0.0000,1.0000,-0.0000,0.0000,0.0000,0.5736,0.8192,-0.0000,-0.8192,0.5736),
      ["RightFoot"] = CFrame.new(0.0000,0.0000,0.0000,1.0000,-0.0000,0.0000,0.0000,0.9860,0.1668,-0.0000,-0.1668,0.9860),
      ["LeftUpperLeg"] = CFrame.new(0.0000,0.0000,0.0000,1.0000,-0.0000,0.0000,0.0000,0.9945,-0.1045,0.0000,0.1045,0.9945),
      ["LeftLowerLeg"] = CFrame.new(0.0000,0.0000,0.0000,1.0000,-0.0000,0.0000,0.0000,0.9397,0.3420,-0.0000,-0.3420,0.9397),
      ["LeftFoot"] = CFrame.new(0.0000,0.0000,0.0000,1.0000,-0.0000,0.0000,0.0000,0.9903,0.1391,-0.0000,-0.1391,0.9903),
    }},
    {Time = 0.667, Data = {
      ["HumanoidRootPart"] = CFrame.new(0.0000,0.0000,0.0000,1.0000,0.0000,0.0000,0.0000,1.0000,0.0000,0.0000,0.0000,1.0000),
      ["LowerTorso"] = CFrame.new(-0.0168,0.1199,0.0312,0.9903,-0.1390,0.0023,0.1218,0.8598,-0.4960,0.0670,0.4914,0.8683),
      ["UpperTorso"] = CFrame.new(0.0000,-0.0000,-0.0000,0.9830,-0.0926,0.1588,0.1773,0.7049,-0.6868,-0.0483,0.7033,0.7093),
      ["LeftUpperArm"] = CFrame.new(0.0000,0.0000,0.0000,0.7597,0.6444,-0.0874,0.6502,-0.7505,0.1181,0.0105,-0.1465,-0.9891),
      ["LeftLowerArm"] = CFrame.new(0.0000,0.0000,0.0000,1.0000,-0.0000,0.0000,0.0000,0.9877,-0.1564,0.0000,0.1564,0.9877),
      ["LeftHand"] = CFrame.new(0.0000,0.0000,0.0000,1.0000,-0.0000,0.0000,0.0000,0.9848,0.1736,-0.0000,-0.1736,0.9848),
      ["RightUpperArm"] = CFrame.new(0.0000,0.0000,0.0000,0.9390,0.1780,0.2941,0.0020,-0.8583,0.5131,0.3438,-0.4813,-0.8063),
      ["RightLowerArm"] = CFrame.new(0.0000,0.0000,0.0000,1.0000,-0.0000,0.0000,0.0000,0.8660,-0.5000,0.0000,0.5000,0.8660),
      ["RightHand"] = CFrame.new(0.0000,0.0000,0.0000,1.0000,-0.0000,0.0000,0.0000,0.9848,-0.1736,0.0000,0.1736,0.9848),
      ["Head"] = CFrame.new(0.0000,0.0000,0.0000,1.0000,-0.0000,0.0000,0.0000,0.6293,-0.7771,0.0000,0.7771,0.6293),
      ["RightUpperLeg"] = CFrame.new(0.0000,0.0000,0.0000,1.0000,-0.0000,0.0000,0.0000,0.9588,-0.2840,0.0000,0.2840,0.9588),
      ["RightLowerLeg"] = CFrame.new(0.0000,0.0000,0.0000,1.0000,-0.0000,0.0000,0.0000,0.6428,0.7660,-0.0000,-0.7660,0.6428),
      ["RightFoot"] = CFrame.new(0.0000,0.0000,0.0000,1.0000,-0.0000,0.0000,0.0000,0.9969,0.0785,-0.0000,-0.0785,0.9969),
      ["LeftUpperLeg"] = CFrame.new(0.0000,0.0000,0.0000,1.0000,-0.0000,0.0000,0.0000,1.0000,0.0000,-0.0000,-0.0000,1.0000),
      ["LeftLowerLeg"] = CFrame.new(0.0000,0.0000,0.0000,1.0000,-0.0000,0.0000,0.0000,0.9063,0.4226,-0.0000,-0.4226,0.9063),
      ["LeftFoot"] = CFrame.new(0.0000,0.0000,0.0000,1.0000,-0.0000,0.0000,0.0000,0.9848,0.1736,-0.0000,-0.1736,0.9848),
    }},
    {Time = 0.700, Data = {
      ["HumanoidRootPart"] = CFrame.new(0.0000,0.0000,0.0000,1.0000,0.0000,0.0000,0.0000,1.0000,0.0000,0.0000,0.0000,1.0000),
      ["LowerTorso"] = CFrame.new(-0.0246,0.2024,0.0530,0.9925,-0.1216,0.0123,0.1059,0.8048,-0.5840,0.0611,0.5809,0.8117),
      ["UpperTorso"] = CFrame.new(0.0000,-0.0000,-0.0000,0.9716,-0.0579,0.2295,0.2019,0.7083,-0.6764,-0.1234,0.7035,0.6999),
      ["LeftUpperArm"] = CFrame.new(0.0000,0.0000,0.0000,0.9110,0.4091,-0.0525,0.4121,-0.9084,0.0711,-0.0186,-0.0864,-0.9961),
      ["LeftLowerArm"] = CFrame.new(0.0000,0.0000,0.0000,1.0000,-0.0000,0.0000,0.0000,0.9542,-0.2990,0.0000,0.2990,0.9542),
      ["LeftHand"] = CFrame.new(0.0000,0.0000,0.0000,1.0000,-0.0000,0.0000,0.0000,0.9877,0.1564,-0.0000,-0.1564,0.9877),
      ["RightUpperArm"] = CFrame.new(0.0000,0.0000,0.0000,0.9129,0.2088,0.3507,0.0859,-0.9383,0.3351,0.3990,-0.2758,-0.8745),
      ["RightLowerArm"] = CFrame.new(0.0000,0.0000,0.0000,1.0000,-0.0000,0.0000,0.0000,0.8660,-0.5000,0.0000,0.5000,0.8660),
      ["RightHand"] = CFrame.new(0.0000,0.0000,0.0000,1.0000,-0.0000,0.0000,0.0000,0.9781,-0.2079,0.0000,0.2079,0.9781),
      ["Head"] = CFrame.new(0.0000,0.0000,0.0000,1.0000,-0.0000,0.0000,0.0000,0.6613,-0.7501,0.0000,0.7501,0.6613),
      ["RightUpperLeg"] = CFrame.new(0.0000,0.0000,0.0000,1.0000,-0.0000,0.0000,0.0000,0.8499,-0.5270,0.0000,0.5270,0.8499),
      ["RightLowerLeg"] = CFrame.new(0.0000,0.0000,0.0000,1.0000,-0.0000,0.0000,0.0000,0.7071,0.7071,-0.0000,-0.7071,0.7071),
      ["RightFoot"] = CFrame.new(0.0000,0.0000,0.0000,1.0000,-0.0000,0.0000,0.0000,0.9999,-0.0105,0.0000,0.0105,0.9999),
      ["LeftUpperLeg"] = CFrame.new(0.0000,0.0000,0.0000,1.0000,-0.0000,0.0000,0.0000,0.9945,0.1045,-0.0000,-0.1045,0.9945),
      ["LeftLowerLeg"] = CFrame.new(0.0000,0.0000,0.0000,1.0000,-0.0000,0.0000,0.0000,0.8660,0.5000,-0.0000,-0.5000,0.8660),
      ["LeftFoot"] = CFrame.new(0.0000,0.0000,0.0000,1.0000,-0.0000,0.0000,0.0000,0.9782,0.2079,-0.0000,-0.2079,0.9782),
    }},
    {Time = 0.733, Data = {
      ["HumanoidRootPart"] = CFrame.new(0.0000,0.0000,0.0000,1.0000,0.0000,0.0000,0.0000,1.0000,0.0000,0.0000,0.0000,1.0000),
      ["LowerTorso"] = CFrame.new(-0.0323,0.2850,0.0748,0.9943,-0.1043,0.0223,0.0926,0.7406,-0.6655,0.0529,0.6638,0.7460),
      ["UpperTorso"] = CFrame.new(0.0000,-0.0000,-0.0000,0.9540,-0.0239,0.2990,0.2255,0.7142,-0.6626,-0.1977,0.6995,0.6867),
      ["LeftUpperArm"] = CFrame.new(0.0000,0.0000,0.0000,0.9900,0.1402,-0.0175,0.1406,-0.9898,0.0237,-0.0140,-0.0260,-0.9996),
      ["LeftLowerArm"] = CFrame.new(0.0000,0.0000,0.0000,1.0000,-0.0000,0.0000,0.0000,0.9003,-0.4352,0.0000,0.4352,0.9003),
      ["LeftHand"] = CFrame.new(0.0000,0.0000,0.0000,1.0000,-0.0000,0.0000,0.0000,0.9903,0.1392,-0.0000,-0.1392,0.9903),
      ["RightUpperArm"] = CFrame.new(0.0000,0.0000,0.0000,0.8827,0.2370,0.4059,0.1914,-0.9700,0.1502,0.4293,-0.0549,-0.9015),
      ["RightLowerArm"] = CFrame.new(0.0000,0.0000,0.0000,1.0000,-0.0000,0.0000,0.0000,0.8660,-0.5000,0.0000,0.5000,0.8660),
      ["RightHand"] = CFrame.new(0.0000,0.0000,0.0000,1.0000,-0.0000,0.0000,0.0000,0.9703,-0.2419,0.0000,0.2419,0.9703),
      ["Head"] = CFrame.new(0.0000,0.0000,0.0000,1.0000,-0.0000,0.0000,0.0000,0.6922,-0.7217,0.0000,0.7217,0.6922),
      ["RightUpperLeg"] = CFrame.new(0.0000,0.0000,0.0000,1.0000,-0.0000,0.0000,0.0000,0.6807,-0.7325,0.0000,0.7325,0.6807),
      ["RightLowerLeg"] = CFrame.new(0.0000,0.0000,0.0000,1.0000,-0.0000,0.0000,0.0000,0.7660,0.6428,-0.0000,-0.6428,0.7660),
      ["RightFoot"] = CFrame.new(0.0000,0.0000,0.0000,1.0000,-0.0000,0.0000,0.0000,0.9951,-0.0993,0.0000,0.0993,0.9951),
      ["LeftUpperLeg"] = CFrame.new(0.0000,0.0000,0.0000,1.0000,-0.0000,0.0000,0.0000,0.9781,0.2079,-0.0000,-0.2079,0.9781),
      ["LeftLowerLeg"] = CFrame.new(0.0000,0.0000,0.0000,1.0000,-0.0000,0.0000,0.0000,0.8191,0.5736,-0.0000,-0.5736,0.8191),
      ["LeftFoot"] = CFrame.new(0.0000,0.0000,0.0000,1.0000,-0.0000,0.0000,0.0000,0.9703,0.2419,-0.0000,-0.2419,0.9703),
    }},
    {Time = 0.767, Data = {
      ["HumanoidRootPart"] = CFrame.new(0.0000,0.0000,0.0000,1.0000,0.0000,0.0000,0.0000,1.0000,0.0000,0.0000,0.0000,1.0000),
      ["LowerTorso"] = CFrame.new(-0.0333,0.3002,0.0788,0.9958,-0.0881,-0.0258,0.0450,0.7142,-0.6985,0.0800,0.6944,0.7151),
      ["UpperTorso"] = CFrame.new(0.0000,-0.0000,-0.0000,0.9553,-0.0099,0.2954,0.2130,0.7160,-0.6648,-0.2049,0.6980,0.6861),
      ["LeftUpperArm"] = CFrame.new(0.0000,0.0000,0.0000,1.0000,-0.0000,-0.0000,-0.0000,-0.9976,0.0697,-0.0000,-0.0697,-0.9976),
      ["LeftLowerArm"] = CFrame.new(0.0000,0.0000,0.0000,1.0000,-0.0000,0.0000,0.0000,0.8660,-0.5000,0.0000,0.5000,0.8660),
      ["LeftHand"] = CFrame.new(0.0000,0.0000,0.0000,1.0000,-0.0000,0.0000,0.0000,0.9925,0.1219,-0.0000,-0.1219,0.9925),
      ["RightUpperArm"] = CFrame.new(0.0000,0.0000,0.0000,0.9057,0.2082,0.3693,0.1933,-0.9781,0.0774,0.3773,0.0013,-0.9261),
      ["RightLowerArm"] = CFrame.new(0.0000,0.0000,0.0000,1.0000,-0.0000,0.0000,0.0000,0.8746,-0.4848,0.0000,0.4848,0.8746),
      ["RightHand"] = CFrame.new(0.0000,0.0000,0.0000,1.0000,-0.0000,0.0000,0.0000,0.9744,-0.2250,0.0000,0.2250,0.9744),
      ["Head"] = CFrame.new(0.0000,0.0000,0.0000,1.0000,-0.0000,0.0000,0.0000,0.7071,-0.7071,0.0000,0.7071,0.7071),
      ["RightUpperLeg"] = CFrame.new(0.0000,0.0000,0.0000,1.0000,-0.0000,0.0000,0.0000,0.4633,-0.8862,0.0000,0.8862,0.4633),
      ["RightLowerLeg"] = CFrame.new(0.0000,0.0000,0.0000,1.0000,-0.0000,0.0000,0.0000,0.8192,0.5736,-0.0000,-0.5736,0.8192),
      ["RightFoot"] = CFrame.new(0.0000,0.0000,0.0000,1.0000,-0.0000,0.0000,0.0000,0.9823,-0.1874,0.0000,0.1874,0.9823),
      ["LeftUpperLeg"] = CFrame.new(0.0000,0.0000,0.0000,1.0000,-0.0000,0.0000,0.0000,0.9511,0.3090,-0.0000,-0.3090,0.9511),
      ["LeftLowerLeg"] = CFrame.new(0.0000,0.0000,0.0000,1.0000,-0.0000,0.0000,0.0000,0.7660,0.6428,-0.0000,-0.6428,0.7660),
      ["LeftFoot"] = CFrame.new(0.0000,0.0000,0.0000,1.0000,-0.0000,0.0000,0.0000,0.9613,0.2756,-0.0000,-0.2756,0.9613),
    }},
    {Time = 0.800, Data = {
      ["HumanoidRootPart"] = CFrame.new(0.0000,0.0000,0.0000,1.0000,0.0000,0.0000,0.0000,1.0000,0.0000,0.0000,0.0000,1.0000),
      ["LowerTorso"] = CFrame.new(-0.0275,0.2480,0.0651,0.9886,-0.0724,-0.1319,-0.0376,0.7299,-0.6825,0.1456,0.6797,0.7189),
      ["UpperTorso"] = CFrame.new(0.0000,-0.0000,-0.0000,0.9757,-0.0151,0.2186,0.1640,0.7121,-0.6827,-0.1453,0.7019,0.6973),
      ["LeftUpperArm"] = CFrame.new(0.0000,0.0000,0.0000,1.0000,-0.0000,-0.0000,-0.0000,-0.9782,0.2079,-0.0000,-0.2079,-0.9782),
      ["LeftLowerArm"] = CFrame.new(0.0000,0.0000,0.0000,1.0000,-0.0000,0.0000,0.0000,0.8660,-0.5000,0.0000,0.5000,0.8660),
      ["LeftHand"] = CFrame.new(0.0000,0.0000,0.0000,1.0000,-0.0000,0.0000,0.0000,0.9945,0.1045,-0.0000,-0.1045,0.9945),
      ["RightUpperArm"] = CFrame.new(0.0000,0.0000,0.0000,0.9650,0.1121,0.2369,0.0862,-0.9894,0.1170,0.2475,-0.0925,-0.9645),
      ["RightLowerArm"] = CFrame.new(0.0000,0.0000,0.0000,1.0000,-0.0000,0.0000,0.0000,0.8910,-0.4540,0.0000,0.4540,0.8910),
      ["RightHand"] = CFrame.new(0.0000,0.0000,0.0000,1.0000,-0.0000,0.0000,0.0000,0.9877,-0.1564,0.0000,0.1564,0.9877),
      ["Head"] = CFrame.new(0.0000,0.0000,0.0000,1.0000,-0.0000,0.0000,0.0000,0.7071,-0.7071,0.0000,0.7071,0.7071),
      ["RightUpperLeg"] = CFrame.new(0.0000,0.0000,0.0000,1.0000,-0.0000,0.0000,0.0000,0.2130,-0.9770,0.0000,0.9770,0.2130),
      ["RightLowerLeg"] = CFrame.new(0.0000,0.0000,0.0000,1.0000,-0.0000,0.0000,0.0000,0.8660,0.5000,-0.0000,-0.5000,0.8660),
      ["RightFoot"] = CFrame.new(0.0000,0.0000,0.0000,1.0000,-0.0000,0.0000,0.0000,0.9617,-0.2740,0.0000,0.2740,0.9617),
      ["LeftUpperLeg"] = CFrame.new(0.0000,0.0000,0.0000,1.0000,-0.0000,0.0000,0.0000,0.9135,0.4067,-0.0000,-0.4067,0.9135),
      ["LeftLowerLeg"] = CFrame.new(0.0000,0.0000,0.0000,1.0000,-0.0000,0.0000,0.0000,0.7071,0.7071,-0.0000,-0.7071,0.7071),
      ["LeftFoot"] = CFrame.new(0.0000,0.0000,0.0000,1.0000,-0.0000,0.0000,0.0000,0.9511,0.3090,-0.0000,-0.3090,0.9511),
    }},
    {Time = 0.833, Data = {
      ["HumanoidRootPart"] = CFrame.new(0.0000,0.0000,0.0000,1.0000,0.0000,0.0000,0.0000,1.0000,0.0000,0.0000,0.0000,1.0000),
      ["LowerTorso"] = CFrame.new(-0.0217,0.1958,0.0514,0.9700,-0.0563,-0.2364,-0.1174,0.7430,-0.6589,0.2127,0.6669,0.7142),
      ["UpperTorso"] = CFrame.new(0.0000,-0.0000,-0.0000,0.9899,-0.0204,0.1404,0.1134,0.7087,-0.6963,-0.0853,0.7052,0.7038),
      ["LeftUpperArm"] = CFrame.new(0.0000,0.0000,0.0000,1.0000,-0.0000,-0.0000,-0.0000,-0.9397,0.3420,-0.0000,-0.3420,-0.9397),
      ["LeftLowerArm"] = CFrame.new(0.0000,0.0000,0.0000,1.0000,-0.0000,0.0000,0.0000,0.8660,-0.5000,0.0000,0.5000,0.8660),
      ["LeftHand"] = CFrame.new(0.0000,0.0000,0.0000,1.0000,-0.0000,0.0000,0.0000,0.9962,0.0872,-0.0000,-0.0872,0.9962),
      ["RightUpperArm"] = CFrame.new(0.0000,0.0000,0.0000,0.9950,0.0054,0.0999,-0.0104,-0.9876,0.1566,0.0995,-0.1569,-0.9826),
      ["RightLowerArm"] = CFrame.new(0.0000,0.0000,0.0000,1.0000,-0.0000,0.0000,0.0000,0.9063,-0.4226,0.0000,0.4226,0.9063),
      ["RightHand"] = CFrame.new(0.0000,0.0000,0.0000,1.0000,-0.0000,0.0000,0.0000,0.9962,-0.0872,0.0000,0.0872,0.9962),
      ["Head"] = CFrame.new(0.0000,0.0000,0.0000,1.0000,-0.0000,0.0000,0.0000,0.7071,-0.7071,0.0000,0.7071,0.7071),
      ["RightUpperLeg"] = CFrame.new(0.0000,0.0000,0.0000,1.0000,-0.0000,0.0000,0.0000,-0.0523,-0.9986,0.0000,0.9986,-0.0523),
      ["RightLowerLeg"] = CFrame.new(0.0000,0.0000,0.0000,1.0000,-0.0000,0.0000,0.0000,0.9063,0.4226,-0.0000,-0.4226,0.9063),
      ["RightFoot"] = CFrame.new(0.0000,0.0000,0.0000,1.0000,-0.0000,0.0000,0.0000,0.9336,-0.3584,0.0000,0.3584,0.9336),
      ["LeftUpperLeg"] = CFrame.new(0.0000,0.0000,0.0000,1.0000,-0.0000,0.0000,0.0000,0.8660,0.5000,-0.0000,-0.5000,0.8660),
      ["LeftLowerLeg"] = CFrame.new(0.0000,0.0000,0.0000,1.0000,-0.0000,0.0000,0.0000,0.6428,0.7660,-0.0000,-0.7660,0.6428),
      ["LeftFoot"] = CFrame.new(0.0000,0.0000,0.0000,1.0000,-0.0000,0.0000,0.0000,0.9397,0.3420,-0.0000,-0.3420,0.9397),
    }},
    {Time = 0.867, Data = {
      ["HumanoidRootPart"] = CFrame.new(0.0000,0.0000,0.0000,1.0000,0.0000,0.0000,0.0000,1.0000,0.0000,0.0000,0.0000,1.0000),
      ["LowerTorso"] = CFrame.new(-0.0174,0.1566,0.0411,0.9695,-0.0450,-0.2409,-0.0967,0.8329,-0.5449,0.2251,0.5516,0.8032),
      ["UpperTorso"] = CFrame.new(-0.0050,-0.0213,-0.0121,0.9977,0.0249,0.0630,0.0225,0.7548,-0.6556,-0.0639,0.6555,0.7525),
      ["LeftUpperArm"] = CFrame.new(0.0000,0.0000,0.0000,1.0000,-0.0000,-0.0000,-0.0000,-0.8830,0.4695,-0.0000,-0.4695,-0.8830),
      ["LeftLowerArm"] = CFrame.new(0.0000,0.0000,0.0000,1.0000,-0.0000,0.0000,0.0000,0.8660,-0.5000,0.0000,0.5000,0.8660),
      ["LeftHand"] = CFrame.new(0.0000,0.0000,0.0000,1.0000,-0.0000,0.0000,0.0000,0.9976,0.0698,-0.0000,-0.0698,0.9976),
      ["RightUpperArm"] = CFrame.new(0.0000,0.0000,0.0000,0.9876,-0.0875,0.1302,-0.1086,-0.9803,0.1647,0.1133,-0.1768,-0.9777),
      ["RightLowerArm"] = CFrame.new(0.0000,0.0000,0.0000,1.0000,-0.0000,0.0000,0.0000,0.9205,-0.3907,0.0000,0.3907,0.9205),
      ["RightHand"] = CFrame.new(0.0000,0.0000,0.0000,1.0000,-0.0000,0.0000,0.0000,0.9998,-0.0175,0.0000,0.0175,0.9998),
      ["Head"] = CFrame.new(0.0000,0.0000,0.0000,1.0000,-0.0000,0.0000,0.0000,0.7071,-0.7071,0.0000,0.7071,0.7071),
      ["RightUpperLeg"] = CFrame.new(0.0000,0.0000,0.0000,1.0000,-0.0000,0.0000,0.0000,0.1668,-0.9860,0.0000,0.9860,0.1668),
      ["RightLowerLeg"] = CFrame.new(0.0000,0.0000,0.0000,1.0000,-0.0000,0.0000,0.0000,0.9397,0.3420,-0.0000,-0.3420,0.9397),
      ["RightFoot"] = CFrame.new(0.0000,0.0000,0.0000,1.0000,-0.0000,0.0000,0.0000,0.9573,-0.2890,0.0000,0.2890,0.9573),
      ["LeftUpperLeg"] = CFrame.new(0.0000,0.0000,0.0000,1.0000,-0.0000,0.0000,0.0000,0.8090,0.5878,-0.0000,-0.5878,0.8090),
      ["LeftLowerLeg"] = CFrame.new(0.0000,0.0000,0.0000,1.0000,-0.0000,0.0000,0.0000,0.5736,0.8191,-0.0000,-0.8191,0.5736),
      ["LeftFoot"] = CFrame.new(0.0000,0.0000,0.0000,1.0000,-0.0000,0.0000,0.0000,0.9272,0.3746,-0.0000,-0.3746,0.9272),
    }},
    {Time = 0.900, Data = {
      ["HumanoidRootPart"] = CFrame.new(0.0000,0.0000,0.0000,1.0000,0.0000,0.0000,0.0000,1.0000,0.0000,0.0000,0.0000,1.0000),
      ["LowerTorso"] = CFrame.new(-0.0130,0.1175,0.0308,0.9688,-0.0337,-0.2454,-0.0747,0.9049,-0.4191,0.2361,0.4244,0.8741),
      ["UpperTorso"] = CFrame.new(-0.0100,-0.0426,-0.0241,0.9974,0.0706,-0.0147,-0.0650,0.7914,-0.6078,-0.0313,0.6072,0.7939),
      ["LeftUpperArm"] = CFrame.new(0.0000,0.0000,0.0000,1.0000,-0.0000,-0.0000,-0.0000,-0.8090,0.5878,-0.0000,-0.5878,-0.8090),
      ["LeftLowerArm"] = CFrame.new(0.0000,0.0000,0.0000,1.0000,-0.0000,0.0000,0.0000,0.8660,-0.5000,0.0000,0.5000,0.8660),
      ["LeftHand"] = CFrame.new(0.0000,0.0000,0.0000,1.0000,-0.0000,0.0000,0.0000,0.9986,0.0523,-0.0000,-0.0523,0.9986),
      ["RightUpperArm"] = CFrame.new(0.0000,0.0000,0.0000,0.9707,-0.1789,0.1604,-0.2060,-0.9632,0.1725,0.1237,-0.2005,-0.9718),
      ["RightLowerArm"] = CFrame.new(0.0000,0.0000,0.0000,1.0000,-0.0000,0.0000,0.0000,0.9336,-0.3584,0.0000,0.3584,0.9336),
      ["RightHand"] = CFrame.new(0.0000,0.0000,0.0000,1.0000,-0.0000,0.0000,0.0000,0.9986,0.0523,-0.0000,-0.0523,0.9986),
      ["Head"] = CFrame.new(0.0000,0.0000,0.0000,1.0000,-0.0000,0.0000,0.0000,0.7071,-0.7071,0.0000,0.7071,0.7071),
      ["RightUpperLeg"] = CFrame.new(0.0000,0.0000,0.0000,1.0000,-0.0000,0.0000,0.0000,0.3778,-0.9259,0.0000,0.9259,0.3778),
      ["RightLowerLeg"] = CFrame.new(0.0000,0.0000,0.0000,1.0000,-0.0000,0.0000,0.0000,0.9659,0.2588,-0.0000,-0.2588,0.9659),
      ["RightFoot"] = CFrame.new(0.0000,0.0000,0.0000,1.0000,-0.0000,0.0000,0.0000,0.9759,-0.2181,0.0000,0.2181,0.9759),
      ["LeftUpperLeg"] = CFrame.new(0.0000,0.0000,0.0000,1.0000,-0.0000,0.0000,0.0000,0.7432,0.6691,-0.0000,-0.6691,0.7432),
      ["LeftLowerLeg"] = CFrame.new(0.0000,0.0000,0.0000,1.0000,-0.0000,0.0000,0.0000,0.5000,0.8660,-0.0000,-0.8660,0.5000),
      ["LeftFoot"] = CFrame.new(0.0000,0.0000,0.0000,1.0000,-0.0000,0.0000,0.0000,0.9136,0.4067,-0.0000,-0.4067,0.9136),
    }},
    {Time = 0.933, Data = {
      ["HumanoidRootPart"] = CFrame.new(0.0000,0.0000,0.0000,1.0000,0.0000,0.0000,0.0000,1.0000,0.0000,0.0000,0.0000,1.0000),
      ["LowerTorso"] = CFrame.new(-0.0087,0.0783,0.0206,0.9680,-0.0224,-0.2499,-0.0512,0.9574,-0.2844,0.2456,0.2881,0.9256),
      ["UpperTorso"] = CFrame.new(-0.0150,-0.0640,-0.0362,0.9890,0.1155,-0.0924,-0.1474,0.8193,-0.5540,0.0117,0.5616,0.8274),
      ["LeftUpperArm"] = CFrame.new(0.0000,0.0000,0.0000,1.0000,-0.0000,-0.0000,-0.0000,-0.7194,0.6946,-0.0000,-0.6946,-0.7194),
      ["LeftLowerArm"] = CFrame.new(0.0000,0.0000,0.0000,1.0000,-0.0000,0.0000,0.0000,0.8660,-0.5000,0.0000,0.5000,0.8660),
      ["LeftHand"] = CFrame.new(0.0000,0.0000,0.0000,1.0000,-0.0000,0.0000,0.0000,0.9994,0.0349,-0.0000,-0.0349,0.9994),
      ["RightUpperArm"] = CFrame.new(0.0000,0.0000,0.0000,0.9445,-0.2675,0.1905,-0.3015,-0.9363,0.1801,0.1302,-0.2276,-0.9650),
      ["RightLowerArm"] = CFrame.new(0.0000,0.0000,0.0000,1.0000,-0.0000,0.0000,0.0000,0.9455,-0.3256,0.0000,0.3256,0.9455),
      ["RightHand"] = CFrame.new(0.0000,0.0000,0.0000,1.0000,-0.0000,0.0000,0.0000,0.9925,0.1219,-0.0000,-0.1219,0.9925),
      ["Head"] = CFrame.new(0.0000,0.0000,0.0000,1.0000,-0.0000,0.0000,0.0000,0.7071,-0.7071,0.0000,0.7071,0.7071),
      ["RightUpperLeg"] = CFrame.new(0.0000,0.0000,0.0000,1.0000,-0.0000,0.0000,0.0000,0.5707,-0.8212,0.0000,0.8212,0.5707),
      ["RightLowerLeg"] = CFrame.new(0.0000,0.0000,0.0000,1.0000,-0.0000,0.0000,0.0000,0.9848,0.1736,-0.0000,-0.1736,0.9848),
      ["RightFoot"] = CFrame.new(0.0000,0.0000,0.0000,1.0000,-0.0000,0.0000,0.0000,0.9893,-0.1461,0.0000,0.1461,0.9893),
      ["LeftUpperLeg"] = CFrame.new(0.0000,0.0000,0.0000,1.0000,-0.0000,0.0000,0.0000,0.6691,0.7431,-0.0000,-0.7431,0.6691),
      ["LeftLowerLeg"] = CFrame.new(0.0000,0.0000,0.0000,1.0000,-0.0000,0.0000,0.0000,0.4226,0.9063,-0.0000,-0.9063,0.4226),
      ["LeftFoot"] = CFrame.new(0.0000,0.0000,0.0000,1.0000,-0.0000,0.0000,0.0000,0.8988,0.4383,-0.0000,-0.4383,0.8988),
    }},
    {Time = 0.967, Data = {
      ["HumanoidRootPart"] = CFrame.new(0.0000,0.0000,0.0000,1.0000,0.0000,0.0000,0.0000,1.0000,0.0000,0.0000,0.0000,1.0000),
      ["LowerTorso"] = CFrame.new(-0.0043,0.0392,0.0103,0.9670,-0.0112,-0.2543,-0.0263,0.9893,-0.1436,0.2532,0.1456,0.9564),
      ["UpperTorso"] = CFrame.new(-0.0200,-0.0853,-0.0482,0.9726,0.1589,-0.1695,-0.2234,0.8394,-0.4954,0.0635,0.5198,0.8519),
      ["LeftUpperArm"] = CFrame.new(0.0000,0.0000,0.0000,1.0000,-0.0000,-0.0000,-0.0000,-0.6157,0.7880,-0.0000,-0.7880,-0.6157),
      ["LeftLowerArm"] = CFrame.new(0.0000,0.0000,0.0000,1.0000,-0.0000,0.0000,0.0000,0.8660,-0.5000,0.0000,0.5000,0.8660),
      ["LeftHand"] = CFrame.new(0.0000,0.0000,0.0000,1.0000,-0.0000,0.0000,0.0000,0.9998,0.0175,-0.0000,-0.0175,0.9998),
      ["RightUpperArm"] = CFrame.new(0.0000,0.0000,0.0000,0.9095,-0.3526,0.2204,-0.3942,-0.8997,0.1874,0.1322,-0.2573,-0.9572),
      ["RightLowerArm"] = CFrame.new(0.0000,0.0000,0.0000,1.0000,-0.0000,0.0000,0.0000,0.9563,-0.2924,0.0000,0.2924,0.9563),
      ["RightHand"] = CFrame.new(0.0000,0.0000,0.0000,1.0000,-0.0000,0.0000,0.0000,0.9816,0.1908,-0.0000,-0.1908,0.9816),
      ["Head"] = CFrame.new(0.0000,0.0000,0.0000,1.0000,-0.0000,0.0000,0.0000,0.7071,-0.7071,0.0000,0.7071,0.7071),
      ["RightUpperLeg"] = CFrame.new(0.0000,0.0000,0.0000,1.0000,-0.0000,0.0000,0.0000,0.7361,-0.6769,0.0000,0.6769,0.7361),
      ["RightLowerLeg"] = CFrame.new(0.0000,0.0000,0.0000,1.0000,-0.0000,0.0000,0.0000,0.9962,0.0872,-0.0000,-0.0872,0.9962),
      ["RightFoot"] = CFrame.new(0.0000,0.0000,0.0000,1.0000,-0.0000,0.0000,0.0000,0.9973,-0.0732,0.0000,0.0732,0.9973),
      ["LeftUpperLeg"] = CFrame.new(0.0000,0.0000,0.0000,1.0000,-0.0000,0.0000,0.0000,0.5878,0.8090,-0.0000,-0.8090,0.5878),
      ["LeftLowerLeg"] = CFrame.new(0.0000,0.0000,0.0000,1.0000,-0.0000,0.0000,0.0000,0.3420,0.9397,-0.0000,-0.9397,0.3420),
      ["LeftFoot"] = CFrame.new(0.0000,0.0000,0.0000,1.0000,-0.0000,0.0000,0.0000,0.8830,0.4694,-0.0000,-0.4694,0.8830),
    }},
    {Time = 1.000, Data = {
      ["HumanoidRootPart"] = CFrame.new(0.0000,0.0000,0.0000,1.0000,0.0000,0.0000,0.0000,1.0000,0.0000,0.0000,0.0000,1.0000),
      ["LowerTorso"] = CFrame.new(0.0000,-0.0000,0.0000,0.9659,-0.0000,-0.2588,0.0000,1.0000,-0.0000,0.2588,0.0000,0.9659),
      ["UpperTorso"] = CFrame.new(-0.0250,-0.1066,-0.0603,0.9486,0.1998,-0.2455,-0.2917,0.8527,-0.4333,0.1228,0.4827,0.8672),
      ["LeftUpperArm"] = CFrame.new(0.0000,0.0000,0.0000,1.0000,-0.0000,-0.0000,-0.0000,-0.5000,0.8660,-0.0000,-0.8660,-0.5000),
      ["LeftLowerArm"] = CFrame.new(0.0000,0.0000,0.0000,1.0000,-0.0000,0.0000,0.0000,0.8660,-0.5000,0.0000,0.5000,0.8660),
      ["LeftHand"] = CFrame.new(0.0000,0.0000,0.0000,1.0000,0.0000,0.0000,0.0000,1.0000,0.0000,0.0000,0.0000,1.0000),
      ["RightUpperArm"] = CFrame.new(0.0000,0.0000,0.0000,0.8660,-0.4330,0.2500,-0.4830,-0.8538,0.1944,0.1293,-0.2891,-0.9485),
      ["RightLowerArm"] = CFrame.new(0.0000,0.0000,0.0000,1.0000,-0.0000,0.0000,0.0000,0.9659,-0.2588,0.0000,0.2588,0.9659),
      ["RightHand"] = CFrame.new(0.0000,0.0000,0.0000,1.0000,-0.0000,0.0000,0.0000,0.9659,0.2588,-0.0000,-0.2588,0.9659),
      ["Head"] = CFrame.new(0.0000,0.0000,0.0000,1.0000,-0.0000,0.0000,0.0000,0.7071,-0.7071,0.0000,0.7071,0.7071),
      ["RightUpperLeg"] = CFrame.new(0.0000,0.0000,0.0000,1.0000,-0.0000,0.0000,0.0000,0.8660,-0.5000,0.0000,0.5000,0.8660),
      ["RightLowerLeg"] = CFrame.new(0.0000,0.0000,0.0000,1.0000,0.0000,0.0000,0.0000,1.0000,0.0000,0.0000,0.0000,1.0000),
      ["RightFoot"] = CFrame.new(0.0000,0.0000,0.0000,1.0000,0.0000,0.0000,0.0000,1.0000,0.0000,0.0000,0.0000,1.0000),
      ["LeftUpperLeg"] = CFrame.new(0.0000,0.0000,0.0000,1.0000,-0.0000,0.0000,0.0000,0.5000,0.8660,-0.0000,-0.8660,0.5000),
      ["LeftLowerLeg"] = CFrame.new(0.0000,0.0000,0.0000,1.0000,-0.0000,0.0000,0.0000,0.2588,0.9659,-0.0000,-0.9659,0.2588),
      ["LeftFoot"] = CFrame.new(0.0000,0.0000,0.0000,1.0000,-0.0000,0.0000,0.0000,0.8660,0.5000,-0.0000,-0.5000,0.8660),
    }},
  }
}
