return {
  ["123977804399026"] = {
    {Time = 0.000, Data = {
      ["HumanoidRootPart"] = CFrame.new(0.0000,0.0000,0.0000,1.0000,0.0000,0.0000,0.0000,1.0000,0.0000,0.0000,0.0000,1.0000),
      ["LowerTorso"] = CFrame.new(0.0000,0.0000,0.0000,0.8541,-0.0224,-0.5196,-0.0000,0.9991,-0.0432,0.5201,0.0369,0.8533),
      ["UpperTorso"] = CFrame.new(0.0000,0.0000,0.0000,0.9996,-0.0000,-0.0273,0.0000,1.0000,-0.0000,0.0273,0.0000,0.9996),
      ["LeftUpperArm"] = CFrame.new(0.0000,-0.1637,0.0299,0.9934,0.1150,0.0000,-0.1131,0.9772,0.1795,0.0206,-0.1783,0.9838),
      ["LeftLowerArm"] = CFrame.new(0.0000,0.0000,0.0000,1.0000,-0.0000,0.0000,0.0000,0.9321,-0.3623,0.0000,0.3623,0.9321),
      ["RightUpperArm"] = CFrame.new(-0.1065,-0.5267,-0.0314,0.9287,-0.2799,-0.2431,0.1362,0.8674,-0.4785,0.3448,0.4113,0.8437),
      ["RightLowerArm"] = CFrame.new(0.0000,0.0000,0.0000,1.0000,-0.0000,0.0000,0.0000,0.7236,-0.6902,0.0000,0.6902,0.7236),
      ["RightHand"] = CFrame.new(0.0000,0.0000,0.0000,1.0000,0.0000,0.0000,0.0000,1.0000,0.0000,0.0000,0.0000,1.0000),
      ["Head"] = CFrame.new(1.8767,-1.5590,-1.0271,0.9589,-0.0520,-0.2788,0.1103,0.9740,0.1979,0.2613,-0.2205,0.9397),
      ["RightUpperLeg"] = CFrame.new(0.0358,-0.0385,0.0250,0.7711,-0.0957,-0.6294,0.0771,0.9954,-0.0569,0.6320,-0.0047,0.7750),
      ["RightLowerLeg"] = CFrame.new(0.0000,0.0000,0.0000,1.0000,-0.0000,0.0000,0.0000,0.9884,0.1522,-0.0000,-0.1522,0.9884),
      ["LeftUpperLeg"] = CFrame.new(-0.0105,-0.0832,-0.1874,0.9527,0.1361,-0.2718,-0.0731,0.9706,0.2295,0.2951,-0.1987,0.9346),
      ["LeftLowerLeg"] = CFrame.new(0.0000,0.0000,0.0000,1.0000,-0.0000,0.0000,0.0000,0.9971,0.0763,-0.0000,-0.0763,0.9971),
    }},
    {Time = 0.033, Data = {
      ["HumanoidRootPart"] = CFrame.new(0.0000,0.0000,0.0000,1.0000,0.0000,0.0000,0.0000,1.0000,0.0000,0.0000,0.0000,1.0000),
      ["LowerTorso"] = CFrame.new(0.0000,0.0000,0.0000,0.8541,-0.0224,-0.5196,-0.0000,0.9991,-0.0432,0.5201,0.0369,0.8533),
      ["UpperTorso"] = CFrame.new(0.0000,0.0000,0.0000,0.9996,-0.0002,-0.0273,-0.0000,1.0000,-0.0059,0.0273,0.0059,0.9996),
      ["LeftUpperArm"] = CFrame.new(-0.0004,-0.1671,0.0305,0.9934,0.1150,0.0003,-0.1131,0.9768,0.1819,0.0206,-0.1807,0.9833),
      ["LeftLowerArm"] = CFrame.new(0.0000,0.0000,0.0000,1.0000,-0.0000,0.0000,0.0000,0.9321,-0.3623,0.0000,0.3623,0.9321),
      ["RightUpperArm"] = CFrame.new(-0.1065,-0.5267,-0.0314,0.9287,-0.3046,-0.2113,0.1362,0.8105,-0.5697,0.3448,0.5003,0.7942),
      ["RightLowerArm"] = CFrame.new(0.0000,0.0000,0.0000,1.0000,-0.0000,0.0000,0.0000,0.8057,-0.5923,0.0000,0.5923,0.8057),
      ["RightHand"] = CFrame.new(0.0000,0.0000,0.0000,1.0000,-0.0000,0.0000,0.0000,1.0000,0.0007,-0.0000,-0.0007,1.0000),
      ["Head"] = CFrame.new(1.8563,-1.1773,-1.1135,0.9570,-0.0520,-0.2853,0.1116,0.9740,0.1971,0.2676,-0.2205,0.9380),
      ["RightUpperLeg"] = CFrame.new(0.0358,-0.0385,0.0250,0.7711,-0.0957,-0.6294,0.0771,0.9954,-0.0569,0.6320,-0.0047,0.7750),
      ["RightLowerLeg"] = CFrame.new(0.0000,0.0000,0.0000,1.0000,-0.0000,0.0000,0.0000,0.9884,0.1522,-0.0000,-0.1522,0.9884),
      ["LeftUpperLeg"] = CFrame.new(-0.0105,-0.0832,-0.1874,0.9527,0.1361,-0.2718,-0.0731,0.9706,0.2295,0.2951,-0.1987,0.9346),
      ["LeftLowerLeg"] = CFrame.new(0.0000,0.0000,0.0000,1.0000,-0.0000,0.0000,0.0000,0.9971,0.0763,-0.0000,-0.0763,0.9971),
    }},
    {Time = 0.067, Data = {
      ["HumanoidRootPart"] = CFrame.new(0.0000,0.0000,0.0000,1.0000,0.0000,0.0000,0.0000,1.0000,0.0000,0.0000,0.0000,1.0000),
      ["LowerTorso"] = CFrame.new(0.0000,0.0000,0.0000,0.8541,-0.0224,-0.5196,-0.0000,0.9991,-0.0432,0.5201,0.0369,0.8533),
      ["UpperTorso"] = CFrame.new(0.0000,0.0000,0.0000,0.9996,-0.0003,-0.0273,-0.0000,0.9999,-0.0118,0.0273,0.0118,0.9996),
      ["LeftUpperArm"] = CFrame.new(-0.0008,-0.1706,0.0311,0.9934,0.1150,0.0006,-0.1131,0.9763,0.1843,0.0206,-0.1831,0.9829),
      ["LeftLowerArm"] = CFrame.new(0.0000,0.0000,0.0000,1.0000,-0.0000,0.0000,0.0000,0.9321,-0.3623,0.0000,0.3623,0.9321),
      ["RightUpperArm"] = CFrame.new(-0.1065,-0.5267,-0.0314,0.9287,-0.3562,-0.1028,0.1362,0.5857,-0.7990,0.3448,0.7280,0.5925),
      ["RightLowerArm"] = CFrame.new(0.0000,0.0000,0.0000,1.0000,-0.0000,0.0000,0.0000,0.8747,-0.4846,0.0000,0.4846,0.8747),
      ["RightHand"] = CFrame.new(0.0000,0.0000,0.0000,1.0000,-0.0000,0.0000,0.0000,1.0000,0.0013,-0.0000,-0.0013,1.0000),
      ["Head"] = CFrame.new(1.8360,-0.7957,-1.1999,0.9551,-0.0520,-0.2917,0.1130,0.9740,0.1964,0.2739,-0.2205,0.9361),
      ["RightUpperLeg"] = CFrame.new(0.0358,-0.0385,0.0250,0.7711,-0.0957,-0.6294,0.0771,0.9954,-0.0569,0.6320,-0.0047,0.7750),
      ["RightLowerLeg"] = CFrame.new(0.0000,0.0000,0.0000,1.0000,-0.0000,0.0000,0.0000,0.9884,0.1522,-0.0000,-0.1522,0.9884),
      ["LeftUpperLeg"] = CFrame.new(-0.0105,-0.0832,-0.1874,0.9527,0.1361,-0.2718,-0.0731,0.9706,0.2295,0.2951,-0.1987,0.9346),
      ["LeftLowerLeg"] = CFrame.new(0.0000,0.0000,0.0000,1.0000,-0.0000,0.0000,0.0000,0.9971,0.0763,-0.0000,-0.0763,0.9971),
    }},
    {Time = 0.100, Data = {
      ["HumanoidRootPart"] = CFrame.new(0.0000,0.0000,0.0000,1.0000,0.0000,0.0000,0.0000,1.0000,0.0000,0.0000,0.0000,1.0000),
      ["LowerTorso"] = CFrame.new(0.0000,0.0000,0.0000,0.8541,-0.0224,-0.5196,-0.0000,0.9991,-0.0432,0.5201,0.0369,0.8533),
      ["UpperTorso"] = CFrame.new(0.0000,0.0000,0.0000,0.9996,-0.0005,-0.0273,-0.0000,0.9998,-0.0177,0.0273,0.0177,0.9995),
      ["LeftUpperArm"] = CFrame.new(-0.0012,-0.1740,0.0318,0.9934,0.1150,0.0008,-0.1131,0.9759,0.1867,0.0206,-0.1855,0.9824),
      ["LeftLowerArm"] = CFrame.new(0.0000,0.0000,0.0000,1.0000,-0.0000,0.0000,0.0000,0.9321,-0.3623,0.0000,0.3623,0.9321),
      ["RightUpperArm"] = CFrame.new(-0.1065,-0.5267,-0.0314,0.9287,-0.3581,0.0959,0.1362,0.0890,-0.9867,0.3448,0.9294,0.1315),
      ["RightLowerArm"] = CFrame.new(0.0000,0.0000,0.0000,1.0000,-0.0000,0.0000,0.0000,0.9294,-0.3690,0.0000,0.3690,0.9294),
      ["RightHand"] = CFrame.new(0.0000,0.0000,0.0000,1.0000,-0.0000,0.0000,0.0000,1.0000,0.0020,-0.0000,-0.0020,1.0000),
      ["Head"] = CFrame.new(1.8156,-0.4140,-1.2863,0.9531,-0.0520,-0.2981,0.1143,0.9740,0.1956,0.2802,-0.2205,0.9343),
      ["RightUpperLeg"] = CFrame.new(0.0358,-0.0385,0.0250,0.7711,-0.0957,-0.6294,0.0771,0.9954,-0.0569,0.6320,-0.0047,0.7750),
      ["RightLowerLeg"] = CFrame.new(0.0000,0.0000,0.0000,1.0000,-0.0000,0.0000,0.0000,0.9884,0.1522,-0.0000,-0.1522,0.9884),
      ["LeftUpperLeg"] = CFrame.new(-0.0105,-0.0832,-0.1874,0.9527,0.1361,-0.2718,-0.0731,0.9706,0.2295,0.2951,-0.1987,0.9346),
      ["LeftLowerLeg"] = CFrame.new(0.0000,0.0000,0.0000,1.0000,-0.0000,0.0000,0.0000,0.9971,0.0763,-0.0000,-0.0763,0.9971),
    }},
    {Time = 0.133, Data = {
      ["HumanoidRootPart"] = CFrame.new(0.0000,0.0000,0.0000,1.0000,0.0000,0.0000,0.0000,1.0000,0.0000,0.0000,0.0000,1.0000),
      ["LowerTorso"] = CFrame.new(0.0000,0.0000,0.0000,0.8541,-0.0224,-0.5196,-0.0000,0.9991,-0.0432,0.5201,0.0369,0.8533),
      ["UpperTorso"] = CFrame.new(0.0000,0.0000,0.0000,0.9996,-0.0006,-0.0273,-0.0000,0.9997,-0.0237,0.0273,0.0237,0.9993),
      ["LeftUpperArm"] = CFrame.new(-0.0016,-0.1775,0.0324,0.9934,0.1150,0.0011,-0.1131,0.9754,0.1890,0.0206,-0.1879,0.9820),
      ["LeftLowerArm"] = CFrame.new(0.0000,0.0000,0.0000,1.0000,-0.0000,0.0000,0.0000,0.9321,-0.3623,0.0000,0.3623,0.9321),
      ["RightUpperArm"] = CFrame.new(-0.1065,-0.5267,-0.0314,0.9296,-0.3513,0.1117,0.1352,0.0430,-0.9899,0.3429,0.9353,0.0875),
      ["RightLowerArm"] = CFrame.new(0.0000,0.0000,0.0000,1.0000,-0.0000,0.0000,0.0000,0.9347,-0.3556,0.0000,0.3556,0.9347),
      ["RightHand"] = CFrame.new(0.0000,0.0000,0.0000,1.0000,-0.0000,0.0000,0.0000,1.0000,0.0026,-0.0000,-0.0026,1.0000),
      ["Head"] = CFrame.new(1.8205,-0.1773,-1.3993,0.9672,-0.0921,-0.2366,0.0786,0.9947,-0.0659,0.2414,0.0452,0.9694),
      ["RightUpperLeg"] = CFrame.new(0.0358,-0.0385,0.0250,0.7711,-0.0957,-0.6294,0.0771,0.9954,-0.0569,0.6320,-0.0047,0.7750),
      ["RightLowerLeg"] = CFrame.new(0.0000,0.0000,0.0000,1.0000,-0.0000,0.0000,0.0000,0.9884,0.1522,-0.0000,-0.1522,0.9884),
      ["LeftUpperLeg"] = CFrame.new(-0.0105,-0.0832,-0.1874,0.9527,0.1361,-0.2718,-0.0731,0.9706,0.2295,0.2951,-0.1987,0.9346),
      ["LeftLowerLeg"] = CFrame.new(0.0000,0.0000,0.0000,1.0000,-0.0000,0.0000,0.0000,0.9971,0.0763,-0.0000,-0.0763,0.9971),
    }},
    {Time = 0.167, Data = {
      ["HumanoidRootPart"] = CFrame.new(0.0000,0.0000,0.0000,1.0000,0.0000,0.0000,0.0000,1.0000,0.0000,0.0000,0.0000,1.0000),
      ["LowerTorso"] = CFrame.new(0.0000,0.0000,0.0000,0.8541,-0.0224,-0.5196,-0.0000,0.9991,-0.0432,0.5201,0.0369,0.8533),
      ["UpperTorso"] = CFrame.new(0.0000,0.0000,0.0000,0.9996,-0.0008,-0.0273,-0.0000,0.9996,-0.0296,0.0273,0.0296,0.9992),
      ["LeftUpperArm"] = CFrame.new(-0.0020,-0.1809,0.0330,0.9934,0.1150,0.0014,-0.1131,0.9750,0.1914,0.0206,-0.1903,0.9815),
      ["LeftLowerArm"] = CFrame.new(0.0000,0.0000,0.0000,1.0000,-0.0000,0.0000,0.0000,0.9321,-0.3623,0.0000,0.3623,0.9321),
      ["RightUpperArm"] = CFrame.new(-0.1065,-0.5267,-0.0314,0.9302,-0.3443,0.1274,0.1346,-0.0031,-0.9909,0.3416,0.9388,0.0435),
      ["RightLowerArm"] = CFrame.new(0.0000,0.0000,0.0000,1.0000,-0.0000,0.0000,0.0000,0.9397,-0.3420,0.0000,0.3420,0.9397),
      ["RightHand"] = CFrame.new(0.0000,0.0000,0.0000,1.0000,-0.0000,0.0000,0.0000,1.0000,0.0033,-0.0000,-0.0033,1.0000),
      ["Head"] = CFrame.new(1.8253,0.0595,-1.5124,0.9757,-0.1329,-0.1742,0.0692,0.9413,-0.3304,0.2079,0.3103,0.9276),
      ["RightUpperLeg"] = CFrame.new(0.0358,-0.0385,0.0250,0.7711,-0.0957,-0.6294,0.0771,0.9954,-0.0569,0.6320,-0.0047,0.7750),
      ["RightLowerLeg"] = CFrame.new(0.0000,0.0000,0.0000,1.0000,-0.0000,0.0000,0.0000,0.9884,0.1522,-0.0000,-0.1522,0.9884),
      ["LeftUpperLeg"] = CFrame.new(-0.0105,-0.0832,-0.1874,0.9527,0.1361,-0.2718,-0.0731,0.9706,0.2295,0.2951,-0.1987,0.9346),
      ["LeftLowerLeg"] = CFrame.new(0.0000,0.0000,0.0000,1.0000,-0.0000,0.0000,0.0000,0.9971,0.0763,-0.0000,-0.0763,0.9971),
    }},
    {Time = 0.200, Data = {
      ["HumanoidRootPart"] = CFrame.new(0.0000,0.0000,0.0000,1.0000,0.0000,0.0000,0.0000,1.0000,0.0000,0.0000,0.0000,1.0000),
      ["LowerTorso"] = CFrame.new(0.0000,0.0000,0.0000,0.8541,-0.0224,-0.5196,-0.0000,0.9991,-0.0432,0.5201,0.0369,0.8533),
      ["UpperTorso"] = CFrame.new(0.0000,0.0000,0.0000,0.9996,-0.0010,-0.0273,-0.0000,0.9994,-0.0355,0.0273,0.0355,0.9990),
      ["LeftUpperArm"] = CFrame.new(-0.0024,-0.1844,0.0337,0.9934,0.1150,0.0017,-0.1131,0.9745,0.1938,0.0206,-0.1927,0.9810),
      ["LeftLowerArm"] = CFrame.new(0.0000,0.0000,0.0000,1.0000,-0.0000,0.0000,0.0000,0.9321,-0.3623,0.0000,0.3623,0.9321),
      ["RightUpperArm"] = CFrame.new(-0.1065,-0.5267,-0.0314,0.9304,-0.3373,0.1431,0.1344,-0.0492,-0.9897,0.3409,0.9401,-0.0005),
      ["RightLowerArm"] = CFrame.new(0.0000,0.0000,0.0000,1.0000,-0.0000,0.0000,0.0000,0.9445,-0.3284,0.0000,0.3284,0.9445),
      ["RightHand"] = CFrame.new(0.0000,0.0000,0.0000,1.0000,-0.0000,0.0000,0.0000,1.0000,0.0039,-0.0000,-0.0039,1.0000),
      ["Head"] = CFrame.new(1.8302,0.2962,-1.6255,0.9785,-0.1738,-0.1111,0.0795,0.8146,-0.5745,0.1903,0.5534,0.8109),
      ["RightUpperLeg"] = CFrame.new(0.0358,-0.0385,0.0250,0.7711,-0.0957,-0.6294,0.0771,0.9954,-0.0569,0.6320,-0.0047,0.7750),
      ["RightLowerLeg"] = CFrame.new(0.0000,0.0000,0.0000,1.0000,-0.0000,0.0000,0.0000,0.9884,0.1522,-0.0000,-0.1522,0.9884),
      ["LeftUpperLeg"] = CFrame.new(-0.0105,-0.0832,-0.1874,0.9527,0.1361,-0.2718,-0.0731,0.9706,0.2295,0.2951,-0.1987,0.9346),
      ["LeftLowerLeg"] = CFrame.new(0.0000,0.0000,0.0000,1.0000,-0.0000,0.0000,0.0000,0.9971,0.0763,-0.0000,-0.0763,0.9971),
    }},
    {Time = 0.233, Data = {
      ["HumanoidRootPart"] = CFrame.new(0.0000,0.0000,0.0000,1.0000,0.0000,0.0000,0.0000,1.0000,0.0000,0.0000,0.0000,1.0000),
      ["LowerTorso"] = CFrame.new(0.0000,0.0000,0.0000,0.8541,-0.0224,-0.5196,-0.0000,0.9991,-0.0432,0.5201,0.0369,0.8533),
      ["UpperTorso"] = CFrame.new(0.0000,0.0000,0.0000,0.9996,-0.0011,-0.0273,-0.0000,0.9991,-0.0414,0.0273,0.0414,0.9988),
      ["LeftUpperArm"] = CFrame.new(-0.0028,-0.1878,0.0343,0.9934,0.1150,0.0020,-0.1131,0.9740,0.1962,0.0206,-0.1951,0.9806),
      ["LeftLowerArm"] = CFrame.new(0.0000,0.0000,0.0000,1.0000,-0.0000,0.0000,0.0000,0.9321,-0.3623,0.0000,0.3623,0.9321),
      ["RightUpperArm"] = CFrame.new(-0.1065,-0.5267,-0.0314,0.9305,-0.3302,0.1588,0.1345,-0.0953,-0.9863,0.3408,0.9391,-0.0442),
      ["RightLowerArm"] = CFrame.new(0.0000,0.0000,0.0000,1.0000,-0.0000,0.0000,0.0000,0.9492,-0.3147,0.0000,0.3147,0.9492),
      ["RightHand"] = CFrame.new(0.0000,0.0000,0.0000,1.0000,-0.0000,0.0000,0.0000,1.0000,0.0046,-0.0000,-0.0046,1.0000),
      ["Head"] = CFrame.new(1.8350,0.5329,-1.7385,0.9756,-0.2143,-0.0475,0.0989,0.6221,-0.7766,0.1960,0.7530,0.6282),
      ["RightUpperLeg"] = CFrame.new(0.0358,-0.0385,0.0250,0.7711,-0.0957,-0.6294,0.0771,0.9954,-0.0569,0.6320,-0.0047,0.7750),
      ["RightLowerLeg"] = CFrame.new(0.0000,0.0000,0.0000,1.0000,-0.0000,0.0000,0.0000,0.9884,0.1522,-0.0000,-0.1522,0.9884),
      ["LeftUpperLeg"] = CFrame.new(-0.0105,-0.0832,-0.1874,0.9527,0.1361,-0.2718,-0.0731,0.9706,0.2295,0.2951,-0.1987,0.9346),
      ["LeftLowerLeg"] = CFrame.new(0.0000,0.0000,0.0000,1.0000,-0.0000,0.0000,0.0000,0.9971,0.0763,-0.0000,-0.0763,0.9971),
    }},
    {Time = 0.267, Data = {
      ["HumanoidRootPart"] = CFrame.new(0.0000,0.0000,0.0000,1.0000,0.0000,0.0000,0.0000,1.0000,0.0000,0.0000,0.0000,1.0000),
      ["LowerTorso"] = CFrame.new(0.0000,0.0000,0.0000,0.8541,-0.0224,-0.5196,-0.0000,0.9991,-0.0432,0.5201,0.0369,0.8533),
      ["UpperTorso"] = CFrame.new(0.0000,0.0000,0.0000,0.9996,-0.0013,-0.0273,-0.0000,0.9989,-0.0473,0.0273,0.0473,0.9985),
      ["LeftUpperArm"] = CFrame.new(-0.0033,-0.1913,0.0349,0.9934,0.1150,0.0022,-0.1131,0.9735,0.1985,0.0206,-0.1975,0.9801),
      ["LeftLowerArm"] = CFrame.new(0.0000,0.0000,0.0000,1.0000,-0.0000,0.0000,0.0000,0.9321,-0.3623,0.0000,0.3623,0.9321),
      ["RightUpperArm"] = CFrame.new(-0.1065,-0.5267,-0.0314,0.9302,-0.3231,0.1744,0.1349,-0.1411,-0.9808,0.3415,0.9358,-0.0877),
      ["RightLowerArm"] = CFrame.new(0.0000,0.0000,0.0000,1.0000,-0.0000,0.0000,0.0000,0.9536,-0.3010,0.0000,0.3010,0.9536),
      ["RightHand"] = CFrame.new(0.0000,0.0000,0.0000,1.0000,-0.0000,0.0000,0.0000,1.0000,0.0052,-0.0000,-0.0052,1.0000),
      ["Head"] = CFrame.new(1.8399,0.7696,-1.8516,0.9671,-0.2538,0.0163,0.1147,0.3780,-0.9187,0.2270,0.8903,0.3947),
      ["RightUpperLeg"] = CFrame.new(0.0358,-0.0385,0.0250,0.7711,-0.0957,-0.6294,0.0771,0.9954,-0.0569,0.6320,-0.0047,0.7750),
      ["RightLowerLeg"] = CFrame.new(0.0000,0.0000,0.0000,1.0000,-0.0000,0.0000,0.0000,0.9884,0.1522,-0.0000,-0.1522,0.9884),
      ["LeftUpperLeg"] = CFrame.new(-0.0105,-0.0832,-0.1874,0.9527,0.1361,-0.2718,-0.0731,0.9706,0.2295,0.2951,-0.1987,0.9346),
      ["LeftLowerLeg"] = CFrame.new(0.0000,0.0000,0.0000,1.0000,-0.0000,0.0000,0.0000,0.9971,0.0763,-0.0000,-0.0763,0.9971),
    }},
    {Time = 0.300, Data = {
      ["HumanoidRootPart"] = CFrame.new(0.0000,0.0000,0.0000,1.0000,0.0000,0.0000,0.0000,1.0000,0.0000,0.0000,0.0000,1.0000),
      ["LowerTorso"] = CFrame.new(0.0000,0.0000,0.0000,0.8541,-0.0224,-0.5196,0.0000,0.9991,-0.0432,0.5201,0.0369,0.8533),
      ["UpperTorso"] = CFrame.new(0.0000,0.0000,0.0000,0.9996,-0.0015,-0.0273,-0.0000,0.9986,-0.0532,0.0273,0.0532,0.9982),
      ["LeftUpperArm"] = CFrame.new(-0.0037,-0.1947,0.0355,0.9934,0.1150,0.0025,-0.1131,0.9731,0.2009,0.0207,-0.1999,0.9796),
      ["LeftLowerArm"] = CFrame.new(0.0000,0.0000,0.0000,1.0000,-0.0000,0.0000,0.0000,0.9321,-0.3623,0.0000,0.3623,0.9321),
      ["RightUpperArm"] = CFrame.new(-0.1065,-0.5267,-0.0314,0.9296,-0.3158,0.1900,0.1355,-0.1866,-0.9731,0.3428,0.9303,-0.1306),
      ["RightLowerArm"] = CFrame.new(0.0000,0.0000,0.0000,1.0000,-0.0000,0.0000,0.0000,0.9579,-0.2871,0.0000,0.2871,0.9579),
      ["RightHand"] = CFrame.new(0.0000,0.0000,0.0000,1.0000,-0.0000,0.0000,0.0000,1.0000,0.0059,-0.0000,-0.0059,1.0000),
      ["Head"] = CFrame.new(1.8447,1.0063,-1.9647,0.9531,-0.2918,0.0800,0.1143,0.1022,-0.9882,0.2802,0.9510,0.1308),
      ["RightUpperLeg"] = CFrame.new(0.0358,-0.0385,0.0250,0.7711,-0.0957,-0.6294,0.0771,0.9954,-0.0569,0.6320,-0.0047,0.7750),
      ["RightLowerLeg"] = CFrame.new(0.0000,0.0000,0.0000,1.0000,-0.0000,0.0000,0.0000,0.9884,0.1522,-0.0000,-0.1522,0.9884),
      ["LeftUpperLeg"] = CFrame.new(-0.0105,-0.0832,-0.1874,0.9527,0.1361,-0.2718,-0.0731,0.9706,0.2295,0.2951,-0.1987,0.9346),
      ["LeftLowerLeg"] = CFrame.new(0.0000,0.0000,0.0000,1.0000,-0.0000,0.0000,0.0000,0.9971,0.0763,-0.0000,-0.0763,0.9971),
    }},
    {Time = 0.333, Data = {
      ["HumanoidRootPart"] = CFrame.new(0.0000,0.0000,0.0000,1.0000,0.0000,0.0000,0.0000,1.0000,0.0000,0.0000,0.0000,1.0000),
      ["LowerTorso"] = CFrame.new(0.0000,0.0000,0.0000,0.8541,-0.0224,-0.5196,-0.0000,0.9991,-0.0432,0.5201,0.0369,0.8533),
      ["UpperTorso"] = CFrame.new(0.0000,0.0000,0.0000,0.9996,-0.0016,-0.0273,-0.0000,0.9983,-0.0591,0.0273,0.0591,0.9979),
      ["LeftUpperArm"] = CFrame.new(-0.0035,-0.1931,0.0352,0.9934,0.1150,0.0024,-0.1131,0.9733,0.1997,0.0206,-0.1987,0.9798),
      ["LeftLowerArm"] = CFrame.new(0.0000,0.0000,0.0000,1.0000,-0.0000,0.0000,0.0000,0.9321,-0.3623,0.0000,0.3623,0.9321),
      ["RightUpperArm"] = CFrame.new(-0.1065,-0.5267,-0.0314,0.9287,-0.3086,0.2055,0.1362,-0.2316,-0.9632,0.3448,0.9226,-0.1731),
      ["RightLowerArm"] = CFrame.new(0.0000,0.0000,0.0000,1.0000,-0.0000,0.0000,0.0000,0.9619,-0.2733,0.0000,0.2733,0.9619),
      ["RightHand"] = CFrame.new(0.0000,0.0000,0.0000,1.0000,-0.0000,0.0000,0.0000,1.0000,0.0065,-0.0000,-0.0065,1.0000),
      ["Head"] = CFrame.new(1.7866,1.3000,-1.8865,0.9707,-0.1993,0.1339,0.0739,-0.2826,-0.9564,0.2285,0.9383,-0.2596),
      ["RightUpperLeg"] = CFrame.new(0.0358,-0.0385,0.0250,0.7711,-0.0957,-0.6294,0.0771,0.9954,-0.0569,0.6320,-0.0047,0.7750),
      ["RightLowerLeg"] = CFrame.new(0.0000,0.0000,0.0000,1.0000,-0.0000,0.0000,0.0000,0.9884,0.1522,-0.0000,-0.1522,0.9884),
      ["LeftUpperLeg"] = CFrame.new(-0.0105,-0.0832,-0.1874,0.9527,0.1361,-0.2718,-0.0731,0.9706,0.2295,0.2951,-0.1987,0.9346),
      ["LeftLowerLeg"] = CFrame.new(0.0000,0.0000,0.0000,1.0000,-0.0000,0.0000,0.0000,0.9971,0.0763,-0.0000,-0.0763,0.9971),
    }},
    {Time = 0.367, Data = {
      ["HumanoidRootPart"] = CFrame.new(0.0000,0.0000,0.0000,1.0000,0.0000,0.0000,0.0000,1.0000,0.0000,0.0000,0.0000,1.0000),
      ["LowerTorso"] = CFrame.new(0.0000,0.0000,0.0000,0.8541,-0.0224,-0.5196,-0.0000,0.9991,-0.0432,0.5201,0.0369,0.8533),
      ["UpperTorso"] = CFrame.new(0.0000,0.0000,0.0000,0.9996,-0.0015,-0.0273,-0.0000,0.9984,-0.0558,0.0273,0.0557,0.9981),
      ["LeftUpperArm"] = CFrame.new(-0.0033,-0.1914,0.0349,0.9934,0.1150,0.0022,-0.1131,0.9735,0.1986,0.0206,-0.1975,0.9801),
      ["LeftLowerArm"] = CFrame.new(0.0000,0.0000,0.0000,1.0000,-0.0000,0.0000,0.0000,0.9321,-0.3623,0.0000,0.3623,0.9321),
      ["RightUpperArm"] = CFrame.new(-0.1065,-0.5267,-0.0314,0.9292,-0.3122,0.1978,0.1358,-0.2092,-0.9684,0.3437,0.9267,-0.1519),
      ["RightLowerArm"] = CFrame.new(0.0000,0.0000,0.0000,1.0000,-0.0000,0.0000,0.0000,0.9599,-0.2802,0.0000,0.2802,0.9599),
      ["RightHand"] = CFrame.new(0.0000,0.0000,0.0000,1.0000,-0.0000,0.0000,0.0000,1.0000,0.0065,-0.0000,-0.0065,1.0000),
      ["Head"] = CFrame.new(1.7284,1.5937,-1.8084,0.9766,-0.1058,0.1873,0.0807,-0.6268,-0.7750,0.1994,0.7719,-0.6036),
      ["RightUpperLeg"] = CFrame.new(0.0358,-0.0385,0.0250,0.7711,-0.0957,-0.6294,0.0771,0.9954,-0.0569,0.6320,-0.0047,0.7750),
      ["RightLowerLeg"] = CFrame.new(0.0000,0.0000,0.0000,1.0000,-0.0000,0.0000,0.0000,0.9884,0.1522,-0.0000,-0.1522,0.9884),
      ["LeftUpperLeg"] = CFrame.new(-0.0105,-0.0832,-0.1874,0.9527,0.1361,-0.2718,-0.0731,0.9706,0.2295,0.2951,-0.1987,0.9346),
      ["LeftLowerLeg"] = CFrame.new(0.0000,0.0000,0.0000,1.0000,-0.0000,0.0000,0.0000,0.9971,0.0763,-0.0000,-0.0763,0.9971),
    }},
    {Time = 0.400, Data = {
      ["HumanoidRootPart"] = CFrame.new(0.0000,0.0000,0.0000,1.0000,0.0000,0.0000,0.0000,1.0000,0.0000,0.0000,0.0000,1.0000),
      ["LowerTorso"] = CFrame.new(0.0000,0.0000,0.0000,0.8541,-0.0224,-0.5196,-0.0000,0.9991,-0.0432,0.5201,0.0369,0.8533),
      ["UpperTorso"] = CFrame.new(0.0000,0.0000,0.0000,0.9996,-0.0014,-0.0273,-0.0000,0.9986,-0.0524,0.0273,0.0524,0.9983),
      ["LeftUpperArm"] = CFrame.new(-0.0031,-0.1897,0.0346,0.9934,0.1150,0.0021,-0.1131,0.9738,0.1974,0.0206,-0.1964,0.9803),
      ["LeftLowerArm"] = CFrame.new(0.0000,0.0000,0.0000,1.0000,-0.0000,0.0000,0.0000,0.9321,-0.3623,0.0000,0.3623,0.9321),
      ["RightUpperArm"] = CFrame.new(-0.1065,-0.5267,-0.0314,0.9296,-0.3158,0.1900,0.1355,-0.1866,-0.9731,0.3428,0.9303,-0.1306),
      ["RightLowerArm"] = CFrame.new(0.0000,0.0000,0.0000,1.0000,-0.0000,0.0000,0.0000,0.9579,-0.2871,0.0000,0.2871,0.9579),
      ["RightHand"] = CFrame.new(0.0000,0.0000,0.0000,1.0000,-0.0000,0.0000,0.0000,1.0000,0.0065,-0.0000,-0.0065,1.0000),
      ["Head"] = CFrame.new(1.6702,1.8874,-1.7303,0.9706,-0.0130,0.2403,0.1061,-0.8731,-0.4759,0.2159,0.4874,-0.8460),
      ["RightUpperLeg"] = CFrame.new(0.0358,-0.0385,0.0250,0.7711,-0.0957,-0.6294,0.0771,0.9954,-0.0569,0.6320,-0.0047,0.7750),
      ["RightLowerLeg"] = CFrame.new(0.0000,0.0000,0.0000,1.0000,-0.0000,0.0000,0.0000,0.9884,0.1522,-0.0000,-0.1522,0.9884),
      ["LeftUpperLeg"] = CFrame.new(-0.0105,-0.0832,-0.1874,0.9527,0.1361,-0.2718,-0.0731,0.9706,0.2295,0.2951,-0.1987,0.9346),
      ["LeftLowerLeg"] = CFrame.new(0.0000,0.0000,0.0000,1.0000,-0.0000,0.0000,0.0000,0.9971,0.0763,-0.0000,-0.0763,0.9971),
    }},
    {Time = 0.433, Data = {
      ["HumanoidRootPart"] = CFrame.new(0.0000,0.0000,0.0000,1.0000,0.0000,0.0000,0.0000,1.0000,0.0000,0.0000,0.0000,1.0000),
      ["LowerTorso"] = CFrame.new(0.0000,0.0000,0.0000,0.8541,-0.0224,-0.5196,0.0000,0.9991,-0.0432,0.5201,0.0369,0.8533),
      ["UpperTorso"] = CFrame.new(0.0000,0.0000,0.0000,0.9996,-0.0013,-0.0273,-0.0000,0.9988,-0.0490,0.0273,0.0490,0.9984),
      ["LeftUpperArm"] = CFrame.new(-0.0029,-0.1880,0.0343,0.9934,0.1150,0.0020,-0.1131,0.9740,0.1963,0.0206,-0.1952,0.9805),
      ["LeftLowerArm"] = CFrame.new(0.0000,0.0000,0.0000,1.0000,-0.0000,0.0000,0.0000,0.9321,-0.3623,0.0000,0.3623,0.9321),
      ["RightUpperArm"] = CFrame.new(-0.1065,-0.5267,-0.0314,0.9299,-0.3195,0.1822,0.1352,-0.1639,-0.9772,0.3420,0.9333,-0.1092),
      ["RightLowerArm"] = CFrame.new(0.0000,0.0000,0.0000,1.0000,-0.0000,0.0000,0.0000,0.9558,-0.2941,0.0000,0.2941,0.9558),
      ["RightHand"] = CFrame.new(0.0000,0.0000,0.0000,1.0000,-0.0000,0.0000,0.0000,1.0000,0.0065,-0.0000,-0.0065,1.0000),
      ["Head"] = CFrame.new(1.6120,2.1811,-1.6521,0.9531,0.0776,0.2925,0.1143,-0.9873,-0.1104,0.2802,0.1387,-0.9499),
      ["RightUpperLeg"] = CFrame.new(0.0358,-0.0385,0.0250,0.7711,-0.0957,-0.6294,0.0771,0.9954,-0.0569,0.6320,-0.0047,0.7750),
      ["RightLowerLeg"] = CFrame.new(0.0000,0.0000,0.0000,1.0000,-0.0000,0.0000,0.0000,0.9884,0.1522,-0.0000,-0.1522,0.9884),
      ["LeftUpperLeg"] = CFrame.new(-0.0105,-0.0832,-0.1874,0.9527,0.1361,-0.2718,-0.0731,0.9706,0.2295,0.2951,-0.1987,0.9346),
      ["LeftLowerLeg"] = CFrame.new(0.0000,0.0000,0.0000,1.0000,-0.0000,0.0000,0.0000,0.9971,0.0763,-0.0000,-0.0763,0.9971),
    }},
    {Time = 0.467, Data = {
      ["HumanoidRootPart"] = CFrame.new(0.0000,0.0000,0.0000,1.0000,0.0000,0.0000,0.0000,1.0000,0.0000,0.0000,0.0000,1.0000),
      ["LowerTorso"] = CFrame.new(0.0000,0.0000,0.0000,0.8541,-0.0224,-0.5196,-0.0000,0.9991,-0.0432,0.5201,0.0369,0.8533),
      ["UpperTorso"] = CFrame.new(0.0000,0.0000,0.0000,0.9996,-0.0012,-0.0273,-0.0000,0.9990,-0.0456,0.0273,0.0456,0.9986),
      ["LeftUpperArm"] = CFrame.new(-0.0027,-0.1863,0.0340,0.9934,0.1150,0.0018,-0.1131,0.9742,0.1951,0.0206,-0.1940,0.9808),
      ["LeftLowerArm"] = CFrame.new(0.0000,0.0000,0.0000,1.0000,-0.0000,0.0000,0.0000,0.9321,-0.3623,0.0000,0.3623,0.9321),
      ["RightUpperArm"] = CFrame.new(-0.1065,-0.5267,-0.0314,0.9302,-0.3231,0.1744,0.1349,-0.1411,-0.9808,0.3415,0.9358,-0.0877),
      ["RightLowerArm"] = CFrame.new(0.0000,0.0000,0.0000,1.0000,-0.0000,0.0000,0.0000,0.9536,-0.3010,0.0000,0.3010,0.9536),
      ["RightHand"] = CFrame.new(0.0000,0.0000,0.0000,1.0000,-0.0000,0.0000,0.0000,1.0000,0.0065,-0.0000,-0.0065,1.0000),
      ["Head"] = CFrame.new(1.5902,2.0397,-1.5202,0.9707,0.1319,0.2008,0.0758,-0.9612,0.2654,0.2280,-0.2424,-0.9430),
      ["RightUpperLeg"] = CFrame.new(0.0358,-0.0385,0.0250,0.7711,-0.0957,-0.6294,0.0771,0.9954,-0.0569,0.6320,-0.0047,0.7750),
      ["RightLowerLeg"] = CFrame.new(0.0000,0.0000,0.0000,1.0000,-0.0000,0.0000,0.0000,0.9884,0.1522,-0.0000,-0.1522,0.9884),
      ["LeftUpperLeg"] = CFrame.new(-0.0105,-0.0832,-0.1874,0.9527,0.1361,-0.2718,-0.0731,0.9706,0.2295,0.2951,-0.1987,0.9346),
      ["LeftLowerLeg"] = CFrame.new(0.0000,0.0000,0.0000,1.0000,-0.0000,0.0000,0.0000,0.9971,0.0763,-0.0000,-0.0763,0.9971),
    }},
    {Time = 0.500, Data = {
      ["HumanoidRootPart"] = CFrame.new(0.0000,0.0000,0.0000,1.0000,0.0000,0.0000,0.0000,1.0000,0.0000,0.0000,0.0000,1.0000),
      ["LowerTorso"] = CFrame.new(0.0000,0.0000,0.0000,0.8541,-0.0224,-0.5196,-0.0000,0.9991,-0.0432,0.5201,0.0369,0.8533),
      ["UpperTorso"] = CFrame.new(0.0000,0.0000,0.0000,0.9996,-0.0012,-0.0273,-0.0000,0.9991,-0.0422,0.0273,0.0422,0.9987),
      ["LeftUpperArm"] = CFrame.new(-0.0025,-0.1847,0.0337,0.9934,0.1150,0.0017,-0.1131,0.9745,0.1940,0.0206,-0.1929,0.9810),
      ["LeftLowerArm"] = CFrame.new(0.0000,0.0000,0.0000,1.0000,-0.0000,0.0000,0.0000,0.9321,-0.3623,0.0000,0.3623,0.9321),
      ["RightUpperArm"] = CFrame.new(-0.1065,-0.5267,-0.0314,0.9303,-0.3267,0.1666,0.1347,-0.1182,-0.9838,0.3411,0.9377,-0.0660),
      ["RightLowerArm"] = CFrame.new(0.0000,0.0000,0.0000,1.0000,-0.0000,0.0000,0.0000,0.9514,-0.3078,0.0000,0.3078,0.9514),
      ["RightHand"] = CFrame.new(0.0000,0.0000,0.0000,1.0000,-0.0000,0.0000,0.0000,1.0000,0.0065,-0.0000,-0.0065,1.0000),
      ["Head"] = CFrame.new(1.5684,1.8983,-1.3883,0.9765,0.1867,0.1073,0.0829,-0.7857,0.6130,0.1988,-0.5897,-0.7828),
      ["RightUpperLeg"] = CFrame.new(0.0358,-0.0385,0.0250,0.7711,-0.0957,-0.6294,0.0771,0.9954,-0.0569,0.6320,-0.0047,0.7750),
      ["RightLowerLeg"] = CFrame.new(0.0000,0.0000,0.0000,1.0000,-0.0000,0.0000,0.0000,0.9884,0.1522,-0.0000,-0.1522,0.9884),
      ["LeftUpperLeg"] = CFrame.new(-0.0105,-0.0832,-0.1874,0.9527,0.1361,-0.2718,-0.0731,0.9706,0.2295,0.2951,-0.1987,0.9346),
      ["LeftLowerLeg"] = CFrame.new(0.0000,0.0000,0.0000,1.0000,-0.0000,0.0000,0.0000,0.9971,0.0763,-0.0000,-0.0763,0.9971),
    }},
    {Time = 0.533, Data = {
      ["HumanoidRootPart"] = CFrame.new(0.0000,0.0000,0.0000,1.0000,0.0000,0.0000,0.0000,1.0000,0.0000,0.0000,0.0000,1.0000),
      ["LowerTorso"] = CFrame.new(0.0000,0.0000,0.0000,0.8541,-0.0224,-0.5196,-0.0000,0.9991,-0.0432,0.5201,0.0369,0.8533),
      ["UpperTorso"] = CFrame.new(0.0000,0.0000,0.0000,0.9996,-0.0011,-0.0273,-0.0000,0.9992,-0.0389,0.0273,0.0389,0.9989),
      ["LeftUpperArm"] = CFrame.new(-0.0023,-0.1830,0.0334,0.9934,0.1150,0.0016,-0.1131,0.9747,0.1928,0.0206,-0.1917,0.9812),
      ["LeftLowerArm"] = CFrame.new(0.0000,0.0000,0.0000,1.0000,-0.0000,0.0000,0.0000,0.9321,-0.3623,0.0000,0.3623,0.9321),
      ["RightUpperArm"] = CFrame.new(-0.1065,-0.5267,-0.0314,0.9305,-0.3302,0.1588,0.1345,-0.0953,-0.9863,0.3408,0.9391,-0.0442),
      ["RightLowerArm"] = CFrame.new(0.0000,0.0000,0.0000,1.0000,-0.0000,0.0000,0.0000,0.9492,-0.3147,0.0000,0.3147,0.9492),
      ["RightHand"] = CFrame.new(0.0000,0.0000,0.0000,1.0000,-0.0000,0.0000,0.0000,1.0000,0.0065,-0.0000,-0.0065,1.0000),
      ["Head"] = CFrame.new(1.5465,1.7568,-1.2563,0.9706,0.2404,0.0129,0.1078,-0.4819,0.8696,0.2153,-0.8426,-0.4937),
      ["RightUpperLeg"] = CFrame.new(0.0358,-0.0385,0.0250,0.7711,-0.0957,-0.6294,0.0771,0.9954,-0.0569,0.6320,-0.0047,0.7750),
      ["RightLowerLeg"] = CFrame.new(0.0000,0.0000,0.0000,1.0000,-0.0000,0.0000,0.0000,0.9884,0.1522,-0.0000,-0.1522,0.9884),
      ["LeftUpperLeg"] = CFrame.new(-0.0105,-0.0832,-0.1874,0.9527,0.1361,-0.2718,-0.0731,0.9706,0.2295,0.2951,-0.1987,0.9346),
      ["LeftLowerLeg"] = CFrame.new(0.0000,0.0000,0.0000,1.0000,-0.0000,0.0000,0.0000,0.9971,0.0763,-0.0000,-0.0763,0.9971),
    }},
    {Time = 0.567, Data = {
      ["HumanoidRootPart"] = CFrame.new(0.0000,0.0000,0.0000,1.0000,0.0000,0.0000,0.0000,1.0000,0.0000,0.0000,0.0000,1.0000),
      ["LowerTorso"] = CFrame.new(0.0000,0.0000,0.0000,0.8541,-0.0224,-0.5196,-0.0000,0.9991,-0.0432,0.5201,0.0369,0.8533),
      ["UpperTorso"] = CFrame.new(0.0000,0.0000,0.0000,0.9996,-0.0010,-0.0273,-0.0000,0.9994,-0.0355,0.0273,0.0355,0.9990),
      ["LeftUpperArm"] = CFrame.new(-0.0021,-0.1813,0.0331,0.9934,0.1150,0.0014,-0.1131,0.9749,0.1917,0.0206,-0.1906,0.9815),
      ["LeftLowerArm"] = CFrame.new(0.0000,0.0000,0.0000,1.0000,-0.0000,0.0000,0.0000,0.9321,-0.3623,0.0000,0.3623,0.9321),
      ["RightUpperArm"] = CFrame.new(-0.1065,-0.5267,-0.0314,0.9305,-0.3338,0.1509,0.1344,-0.0723,-0.9883,0.3408,0.9399,-0.0224),
      ["RightLowerArm"] = CFrame.new(0.0000,0.0000,0.0000,1.0000,-0.0000,0.0000,0.0000,0.9469,-0.3216,0.0000,0.3216,0.9469),
      ["RightHand"] = CFrame.new(0.0000,0.0000,0.0000,1.0000,-0.0000,0.0000,0.0000,1.0000,0.0065,-0.0000,-0.0065,1.0000),
      ["Head"] = CFrame.new(1.5247,1.6154,-1.1244,0.9531,0.2914,-0.0816,0.1143,-0.0968,0.9887,0.2802,-0.9517,-0.1255),
      ["RightUpperLeg"] = CFrame.new(0.0358,-0.0385,0.0250,0.7711,-0.0957,-0.6294,0.0771,0.9954,-0.0569,0.6320,-0.0047,0.7750),
      ["RightLowerLeg"] = CFrame.new(0.0000,0.0000,0.0000,1.0000,-0.0000,0.0000,0.0000,0.9884,0.1522,-0.0000,-0.1522,0.9884),
      ["LeftUpperLeg"] = CFrame.new(-0.0105,-0.0832,-0.1874,0.9527,0.1361,-0.2718,-0.0731,0.9706,0.2295,0.2951,-0.1987,0.9346),
      ["LeftLowerLeg"] = CFrame.new(0.0000,0.0000,0.0000,1.0000,-0.0000,0.0000,0.0000,0.9971,0.0763,-0.0000,-0.0763,0.9971),
    }},
    {Time = 0.600, Data = {
      ["HumanoidRootPart"] = CFrame.new(0.0000,0.0000,0.0000,1.0000,0.0000,0.0000,0.0000,1.0000,0.0000,0.0000,0.0000,1.0000),
      ["LowerTorso"] = CFrame.new(0.0000,0.0000,0.0000,0.8541,-0.0224,-0.5196,-0.0000,0.9991,-0.0432,0.5201,0.0369,0.8533),
      ["UpperTorso"] = CFrame.new(0.0000,0.0000,0.0000,0.9996,-0.0009,-0.0273,-0.0000,0.9995,-0.0321,0.0273,0.0321,0.9991),
      ["LeftUpperArm"] = CFrame.new(-0.0019,-0.1796,0.0328,0.9934,0.1150,0.0013,-0.1131,0.9751,0.1905,0.0206,-0.1894,0.9817),
      ["LeftLowerArm"] = CFrame.new(0.0000,0.0000,0.0000,1.0000,-0.0000,0.0000,0.0000,0.9321,-0.3623,0.0000,0.3623,0.9321),
      ["RightUpperArm"] = CFrame.new(-0.1065,-0.5267,-0.0314,0.9304,-0.3373,0.1431,0.1344,-0.0492,-0.9897,0.3409,0.9401,-0.0005),
      ["RightLowerArm"] = CFrame.new(0.0000,0.0000,0.0000,1.0000,-0.0000,0.0000,0.0000,0.9445,-0.3284,0.0000,0.3284,0.9445),
      ["RightHand"] = CFrame.new(0.0000,0.0000,0.0000,1.0000,-0.0000,0.0000,0.0000,1.0000,0.0065,-0.0000,-0.0065,1.0000),
      ["Head"] = CFrame.new(1.5796,1.3266,-1.1934,0.9705,0.1933,-0.1444,0.0778,0.3156,0.9457,0.2284,-0.9290,0.2912),
      ["RightUpperLeg"] = CFrame.new(0.0358,-0.0385,0.0250,0.7711,-0.0957,-0.6294,0.0771,0.9954,-0.0569,0.6320,-0.0047,0.7750),
      ["RightLowerLeg"] = CFrame.new(0.0000,0.0000,0.0000,1.0000,-0.0000,0.0000,0.0000,0.9884,0.1522,-0.0000,-0.1522,0.9884),
      ["LeftUpperLeg"] = CFrame.new(-0.0105,-0.0832,-0.1874,0.9527,0.1361,-0.2718,-0.0731,0.9706,0.2295,0.2951,-0.1987,0.9346),
      ["LeftLowerLeg"] = CFrame.new(0.0000,0.0000,0.0000,1.0000,-0.0000,0.0000,0.0000,0.9971,0.0763,-0.0000,-0.0763,0.9971),
    }},
    {Time = 0.633, Data = {
      ["HumanoidRootPart"] = CFrame.new(0.0000,0.0000,0.0000,1.0000,0.0000,0.0000,0.0000,1.0000,0.0000,0.0000,0.0000,1.0000),
      ["LowerTorso"] = CFrame.new(0.0000,0.0000,0.0000,0.8541,-0.0224,-0.5196,-0.0000,0.9991,-0.0432,0.5201,0.0369,0.8533),
      ["UpperTorso"] = CFrame.new(0.0000,0.0000,0.0000,0.9996,-0.0008,-0.0273,-0.0000,0.9996,-0.0287,0.0273,0.0287,0.9992),
      ["LeftUpperArm"] = CFrame.new(-0.0017,-0.1779,0.0325,0.9934,0.1150,0.0012,-0.1131,0.9754,0.1894,0.0206,-0.1882,0.9819),
      ["LeftLowerArm"] = CFrame.new(0.0000,0.0000,0.0000,1.0000,-0.0000,0.0000,0.0000,0.9321,-0.3623,0.0000,0.3623,0.9321),
      ["RightUpperArm"] = CFrame.new(-0.1065,-0.5267,-0.0314,0.9303,-0.3408,0.1353,0.1344,-0.0262,-0.9906,0.3412,0.9398,0.0215),
      ["RightLowerArm"] = CFrame.new(0.0000,0.0000,0.0000,1.0000,-0.0000,0.0000,0.0000,0.9421,-0.3352,0.0000,0.3352,0.9421),
      ["RightHand"] = CFrame.new(0.0000,0.0000,0.0000,1.0000,-0.0000,0.0000,0.0000,1.0000,0.0065,-0.0000,-0.0065,1.0000),
      ["Head"] = CFrame.new(1.6346,1.0377,-1.2625,0.9739,0.0943,-0.2066,0.0902,0.6740,0.7332,0.2084,-0.7326,0.6479),
      ["RightUpperLeg"] = CFrame.new(0.0358,-0.0385,0.0250,0.7711,-0.0957,-0.6294,0.0771,0.9954,-0.0569,0.6320,-0.0047,0.7750),
      ["RightLowerLeg"] = CFrame.new(0.0000,0.0000,0.0000,1.0000,-0.0000,0.0000,0.0000,0.9884,0.1522,-0.0000,-0.1522,0.9884),
      ["LeftUpperLeg"] = CFrame.new(-0.0105,-0.0832,-0.1874,0.9527,0.1361,-0.2718,-0.0731,0.9706,0.2295,0.2951,-0.1987,0.9346),
      ["LeftLowerLeg"] = CFrame.new(0.0000,0.0000,0.0000,1.0000,-0.0000,0.0000,0.0000,0.9971,0.0763,-0.0000,-0.0763,0.9971),
    }},
    {Time = 0.667, Data = {
      ["HumanoidRootPart"] = CFrame.new(0.0000,0.0000,0.0000,1.0000,0.0000,0.0000,0.0000,1.0000,0.0000,0.0000,0.0000,1.0000),
      ["LowerTorso"] = CFrame.new(0.0000,0.0000,0.0000,0.8541,-0.0224,-0.5196,-0.0000,0.9991,-0.0432,0.5201,0.0369,0.8533),
      ["UpperTorso"] = CFrame.new(0.0000,0.0000,0.0000,0.9996,-0.0007,-0.0273,-0.0000,0.9997,-0.0254,0.0273,0.0253,0.9993),
      ["LeftUpperArm"] = CFrame.new(-0.0015,-0.1763,0.0322,0.9934,0.1150,0.0010,-0.1131,0.9756,0.1882,0.0206,-0.1871,0.9821),
      ["LeftLowerArm"] = CFrame.new(0.0000,0.0000,0.0000,1.0000,-0.0000,0.0000,0.0000,0.9321,-0.3623,0.0000,0.3623,0.9321),
      ["RightUpperArm"] = CFrame.new(-0.1065,-0.5267,-0.0314,0.9302,-0.3443,0.1274,0.1346,-0.0031,-0.9909,0.3416,0.9388,0.0435),
      ["RightLowerArm"] = CFrame.new(0.0000,0.0000,0.0000,1.0000,-0.0000,0.0000,0.0000,0.9397,-0.3420,0.0000,0.3420,0.9397),
      ["RightHand"] = CFrame.new(0.0000,0.0000,0.0000,1.0000,-0.0000,0.0000,0.0000,1.0000,0.0065,-0.0000,-0.0065,1.0000),
      ["Head"] = CFrame.new(1.6895,0.7489,-1.3315,0.9634,-0.0034,-0.2679,0.1129,0.9119,0.3946,0.2430,-0.4104,0.8789),
      ["RightUpperLeg"] = CFrame.new(0.0358,-0.0385,0.0250,0.7711,-0.0957,-0.6294,0.0771,0.9954,-0.0569,0.6320,-0.0047,0.7750),
      ["RightLowerLeg"] = CFrame.new(0.0000,0.0000,0.0000,1.0000,-0.0000,0.0000,0.0000,0.9884,0.1522,-0.0000,-0.1522,0.9884),
      ["LeftUpperLeg"] = CFrame.new(-0.0105,-0.0832,-0.1874,0.9527,0.1361,-0.2718,-0.0731,0.9706,0.2295,0.2951,-0.1987,0.9346),
      ["LeftLowerLeg"] = CFrame.new(0.0000,0.0000,0.0000,1.0000,-0.0000,0.0000,0.0000,0.9971,0.0763,-0.0000,-0.0763,0.9971),
    }},
    {Time = 0.700, Data = {
      ["HumanoidRootPart"] = CFrame.new(0.0000,0.0000,0.0000,1.0000,0.0000,0.0000,0.0000,1.0000,0.0000,0.0000,0.0000,1.0000),
      ["LowerTorso"] = CFrame.new(0.0000,0.0000,0.0000,0.8541,-0.0224,-0.5196,-0.0000,0.9991,-0.0432,0.5201,0.0369,0.8533),
      ["UpperTorso"] = CFrame.new(0.0000,0.0000,0.0000,0.9996,-0.0006,-0.0273,-0.0000,0.9998,-0.0220,0.0273,0.0220,0.9994),
      ["LeftUpperArm"] = CFrame.new(-0.0013,-0.1746,0.0319,0.9934,0.1150,0.0009,-0.1131,0.9758,0.1871,0.0206,-0.1859,0.9823),
      ["LeftLowerArm"] = CFrame.new(0.0000,0.0000,0.0000,1.0000,-0.0000,0.0000,0.0000,0.9321,-0.3623,0.0000,0.3623,0.9321),
      ["RightUpperArm"] = CFrame.new(-0.1065,-0.5267,-0.0314,0.9299,-0.3478,0.1195,0.1348,0.0200,-0.9907,0.3422,0.9373,0.0655),
      ["RightLowerArm"] = CFrame.new(0.0000,0.0000,0.0000,1.0000,-0.0000,0.0000,0.0000,0.9372,-0.3488,0.0000,0.3488,0.9372),
      ["RightHand"] = CFrame.new(0.0000,0.0000,0.0000,1.0000,-0.0000,0.0000,0.0000,1.0000,0.0065,-0.0000,-0.0065,1.0000),
      ["Head"] = CFrame.new(1.7311,0.4590,-1.3547,0.9531,-0.0512,-0.2982,0.1143,0.9735,0.1981,0.2802,-0.2229,0.9337),
      ["RightUpperLeg"] = CFrame.new(0.0358,-0.0385,0.0250,0.7711,-0.0957,-0.6294,0.0771,0.9954,-0.0569,0.6320,-0.0047,0.7750),
      ["RightLowerLeg"] = CFrame.new(0.0000,0.0000,0.0000,1.0000,-0.0000,0.0000,0.0000,0.9884,0.1522,-0.0000,-0.1522,0.9884),
      ["LeftUpperLeg"] = CFrame.new(-0.0105,-0.0832,-0.1874,0.9527,0.1361,-0.2718,-0.0731,0.9706,0.2295,0.2951,-0.1987,0.9346),
      ["LeftLowerLeg"] = CFrame.new(0.0000,0.0000,0.0000,1.0000,-0.0000,0.0000,0.0000,0.9971,0.0763,-0.0000,-0.0763,0.9971),
    }},
    {Time = 0.733, Data = {
      ["HumanoidRootPart"] = CFrame.new(0.0000,0.0000,0.0000,1.0000,0.0000,0.0000,0.0000,1.0000,0.0000,0.0000,0.0000,1.0000),
      ["LowerTorso"] = CFrame.new(0.0000,0.0000,0.0000,0.8541,-0.0224,-0.5196,-0.0000,0.9991,-0.0432,0.5201,0.0369,0.8533),
      ["UpperTorso"] = CFrame.new(0.0000,0.0000,0.0000,0.9996,-0.0005,-0.0273,-0.0000,0.9998,-0.0186,0.0273,0.0186,0.9995),
      ["LeftUpperArm"] = CFrame.new(-0.0011,-0.1729,0.0316,0.9934,0.1150,0.0007,-0.1131,0.9760,0.1859,0.0206,-0.1847,0.9826),
      ["LeftLowerArm"] = CFrame.new(0.0000,0.0000,0.0000,1.0000,-0.0000,0.0000,0.0000,0.9321,-0.3623,0.0000,0.3623,0.9321),
      ["RightUpperArm"] = CFrame.new(-0.1065,-0.5267,-0.0314,0.9296,-0.3513,0.1117,0.1352,0.0430,-0.9899,0.3429,0.9353,0.0875),
      ["RightLowerArm"] = CFrame.new(0.0000,0.0000,0.0000,1.0000,-0.0000,0.0000,0.0000,0.9347,-0.3556,0.0000,0.3556,0.9347),
      ["RightHand"] = CFrame.new(0.0000,0.0000,0.0000,1.0000,-0.0000,0.0000,0.0000,1.0000,0.0065,-0.0000,-0.0065,1.0000),
      ["Head"] = CFrame.new(1.7592,0.1680,-1.3319,0.9531,-0.0514,-0.2982,0.1143,0.9737,0.1973,0.2802,-0.2221,0.9339),
      ["RightUpperLeg"] = CFrame.new(0.0358,-0.0385,0.0250,0.7711,-0.0957,-0.6294,0.0771,0.9954,-0.0569,0.6320,-0.0047,0.7750),
      ["RightLowerLeg"] = CFrame.new(0.0000,0.0000,0.0000,1.0000,-0.0000,0.0000,0.0000,0.9884,0.1522,-0.0000,-0.1522,0.9884),
      ["LeftUpperLeg"] = CFrame.new(-0.0105,-0.0832,-0.1874,0.9527,0.1361,-0.2718,-0.0731,0.9706,0.2295,0.2951,-0.1987,0.9346),
      ["LeftLowerLeg"] = CFrame.new(0.0000,0.0000,0.0000,1.0000,-0.0000,0.0000,0.0000,0.9971,0.0763,-0.0000,-0.0763,0.9971),
    }},
    {Time = 0.767, Data = {
      ["HumanoidRootPart"] = CFrame.new(0.0000,0.0000,0.0000,1.0000,0.0000,0.0000,0.0000,1.0000,0.0000,0.0000,0.0000,1.0000),
      ["LowerTorso"] = CFrame.new(0.0000,0.0000,0.0000,0.8541,-0.0224,-0.5196,-0.0000,0.9991,-0.0432,0.5201,0.0369,0.8533),
      ["UpperTorso"] = CFrame.new(0.0000,0.0000,0.0000,0.9996,-0.0004,-0.0273,-0.0000,0.9999,-0.0152,0.0273,0.0152,0.9995),
      ["LeftUpperArm"] = CFrame.new(-0.0009,-0.1712,0.0312,0.9934,0.1150,0.0006,-0.1131,0.9763,0.1847,0.0206,-0.1836,0.9828),
      ["LeftLowerArm"] = CFrame.new(0.0000,0.0000,0.0000,1.0000,-0.0000,0.0000,0.0000,0.9321,-0.3623,0.0000,0.3623,0.9321),
      ["RightUpperArm"] = CFrame.new(-0.1065,-0.5267,-0.0314,0.9292,-0.3547,0.1038,0.1356,0.0661,-0.9886,0.3438,0.9326,0.1095),
      ["RightLowerArm"] = CFrame.new(0.0000,0.0000,0.0000,1.0000,-0.0000,0.0000,0.0000,0.9321,-0.3623,0.0000,0.3623,0.9321),
      ["RightHand"] = CFrame.new(0.0000,0.0000,0.0000,1.0000,-0.0000,0.0000,0.0000,1.0000,0.0065,-0.0000,-0.0065,1.0000),
      ["Head"] = CFrame.new(1.7874,-0.1230,-1.3091,0.9531,-0.0517,-0.2981,0.1143,0.9738,0.1964,0.2802,-0.2213,0.9341),
      ["RightUpperLeg"] = CFrame.new(0.0358,-0.0385,0.0250,0.7711,-0.0957,-0.6294,0.0771,0.9954,-0.0569,0.6320,-0.0047,0.7750),
      ["RightLowerLeg"] = CFrame.new(0.0000,0.0000,0.0000,1.0000,-0.0000,0.0000,0.0000,0.9884,0.1522,-0.0000,-0.1522,0.9884),
      ["LeftUpperLeg"] = CFrame.new(-0.0105,-0.0832,-0.1874,0.9527,0.1361,-0.2718,-0.0731,0.9706,0.2295,0.2951,-0.1987,0.9346),
      ["LeftLowerLeg"] = CFrame.new(0.0000,0.0000,0.0000,1.0000,-0.0000,0.0000,0.0000,0.9971,0.0763,-0.0000,-0.0763,0.9971),
    }},
    {Time = 0.800, Data = {
      ["HumanoidRootPart"] = CFrame.new(0.0000,0.0000,0.0000,1.0000,0.0000,0.0000,0.0000,1.0000,0.0000,0.0000,0.0000,1.0000),
      ["LowerTorso"] = CFrame.new(0.0000,0.0000,0.0000,0.8541,-0.0224,-0.5196,-0.0000,0.9991,-0.0432,0.5201,0.0369,0.8533),
      ["UpperTorso"] = CFrame.new(0.0000,0.0000,0.0000,0.9996,-0.0003,-0.0273,-0.0000,0.9999,-0.0118,0.0273,0.0118,0.9996),
      ["LeftUpperArm"] = CFrame.new(-0.0007,-0.1695,0.0309,0.9934,0.1150,0.0005,-0.1131,0.9765,0.1836,0.0206,-0.1824,0.9830),
      ["LeftLowerArm"] = CFrame.new(0.0000,0.0000,0.0000,1.0000,-0.0000,0.0000,0.0000,0.9321,-0.3623,0.0000,0.3623,0.9321),
      ["RightUpperArm"] = CFrame.new(-0.1065,-0.5267,-0.0314,0.9287,-0.3581,0.0959,0.1362,0.0890,-0.9867,0.3448,0.9294,0.1315),
      ["RightLowerArm"] = CFrame.new(0.0000,0.0000,0.0000,1.0000,-0.0000,0.0000,0.0000,0.9294,-0.3690,0.0000,0.3690,0.9294),
      ["RightHand"] = CFrame.new(0.0000,0.0000,0.0000,1.0000,-0.0000,0.0000,0.0000,1.0000,0.0065,-0.0000,-0.0065,1.0000),
      ["Head"] = CFrame.new(1.8156,-0.4140,-1.2863,0.9531,-0.0520,-0.2981,0.1143,0.9740,0.1956,0.2802,-0.2205,0.9343),
      ["RightUpperLeg"] = CFrame.new(0.0358,-0.0385,0.0250,0.7711,-0.0957,-0.6294,0.0771,0.9954,-0.0569,0.6320,-0.0047,0.7750),
      ["RightLowerLeg"] = CFrame.new(0.0000,0.0000,0.0000,1.0000,-0.0000,0.0000,0.0000,0.9884,0.1522,-0.0000,-0.1522,0.9884),
      ["LeftUpperLeg"] = CFrame.new(-0.0105,-0.0832,-0.1874,0.9527,0.1361,-0.2718,-0.0731,0.9706,0.2295,0.2951,-0.1987,0.9346),
      ["LeftLowerLeg"] = CFrame.new(0.0000,0.0000,0.0000,1.0000,-0.0000,0.0000,0.0000,0.9971,0.0763,-0.0000,-0.0763,0.9971),
    }},
    {Time = 0.833, Data = {
      ["HumanoidRootPart"] = CFrame.new(0.0000,0.0000,0.0000,1.0000,0.0000,0.0000,0.0000,1.0000,0.0000,0.0000,0.0000,1.0000),
      ["LowerTorso"] = CFrame.new(0.0000,0.0000,0.0000,0.8541,-0.0224,-0.5196,-0.0000,0.9991,-0.0432,0.5201,0.0369,0.8533),
      ["UpperTorso"] = CFrame.new(0.0000,0.0000,0.0000,0.9996,-0.0002,-0.0273,-0.0000,1.0000,-0.0085,0.0273,0.0084,0.9996),
      ["LeftUpperArm"] = CFrame.new(-0.0005,-0.1679,0.0306,0.9934,0.1150,0.0003,-0.1131,0.9767,0.1824,0.0206,-0.1813,0.9832),
      ["LeftLowerArm"] = CFrame.new(0.0000,0.0000,0.0000,1.0000,-0.0000,0.0000,0.0000,0.9321,-0.3623,0.0000,0.3623,0.9321),
      ["RightUpperArm"] = CFrame.new(-0.1065,-0.5267,-0.0314,0.9287,-0.3646,0.0671,0.1362,0.1673,-0.9764,0.3448,0.9160,0.2051),
      ["RightLowerArm"] = CFrame.new(0.0000,0.0000,0.0000,1.0000,-0.0000,0.0000,0.0000,0.8834,-0.4685,0.0000,0.4685,0.8834),
      ["RightHand"] = CFrame.new(0.0000,0.0000,0.0000,1.0000,-0.0000,0.0000,0.0000,1.0000,0.0065,-0.0000,-0.0065,1.0000),
      ["Head"] = CFrame.new(1.8331,-0.7411,-1.2122,0.9516,-0.0520,-0.3030,0.1153,0.9740,0.1950,0.2849,-0.2205,0.9328),
      ["RightUpperLeg"] = CFrame.new(0.0358,-0.0385,0.0250,0.7711,-0.0957,-0.6294,0.0771,0.9954,-0.0569,0.6320,-0.0047,0.7750),
      ["RightLowerLeg"] = CFrame.new(0.0000,0.0000,0.0000,1.0000,-0.0000,0.0000,0.0000,0.9884,0.1522,-0.0000,-0.1522,0.9884),
      ["LeftUpperLeg"] = CFrame.new(-0.0105,-0.0832,-0.1874,0.9527,0.1361,-0.2718,-0.0731,0.9706,0.2295,0.2951,-0.1987,0.9346),
      ["LeftLowerLeg"] = CFrame.new(0.0000,0.0000,0.0000,1.0000,-0.0000,0.0000,0.0000,0.9971,0.0763,-0.0000,-0.0763,0.9971),
    }},
    {Time = 0.867, Data = {
      ["HumanoidRootPart"] = CFrame.new(0.0000,0.0000,0.0000,1.0000,0.0000,0.0000,0.0000,1.0000,0.0000,0.0000,0.0000,1.0000),
      ["LowerTorso"] = CFrame.new(0.0000,0.0000,0.0000,0.8541,-0.0224,-0.5196,-0.0000,0.9991,-0.0432,0.5201,0.0369,0.8533),
      ["UpperTorso"] = CFrame.new(0.0000,0.0000,0.0000,0.9996,-0.0001,-0.0273,-0.0000,1.0000,-0.0051,0.0273,0.0051,0.9996),
      ["LeftUpperArm"] = CFrame.new(-0.0003,-0.1662,0.0303,0.9934,0.1150,0.0002,-0.1131,0.9769,0.1813,0.0206,-0.1801,0.9834),
      ["LeftLowerArm"] = CFrame.new(0.0000,0.0000,0.0000,1.0000,-0.0000,0.0000,0.0000,0.9321,-0.3623,0.0000,0.3623,0.9321),
      ["RightUpperArm"] = CFrame.new(-0.1065,-0.5267,-0.0314,0.9287,-0.3702,-0.0212,0.1362,0.3939,-0.9090,0.3448,0.8413,0.4163),
      ["RightLowerArm"] = CFrame.new(0.0000,0.0000,0.0000,1.0000,-0.0000,0.0000,0.0000,0.8268,-0.5624,0.0000,0.5624,0.8268),
      ["RightHand"] = CFrame.new(0.0000,0.0000,0.0000,1.0000,-0.0000,0.0000,0.0000,1.0000,0.0065,-0.0000,-0.0065,1.0000),
      ["Head"] = CFrame.new(1.8505,-1.0683,-1.1382,0.9500,-0.0520,-0.3078,0.1163,0.9740,0.1944,0.2897,-0.2205,0.9314),
      ["RightUpperLeg"] = CFrame.new(0.0358,-0.0385,0.0250,0.7711,-0.0957,-0.6294,0.0771,0.9954,-0.0569,0.6320,-0.0047,0.7750),
      ["RightLowerLeg"] = CFrame.new(0.0000,0.0000,0.0000,1.0000,-0.0000,0.0000,0.0000,0.9884,0.1522,-0.0000,-0.1522,0.9884),
      ["LeftUpperLeg"] = CFrame.new(-0.0105,-0.0832,-0.1874,0.9527,0.1361,-0.2718,-0.0731,0.9706,0.2295,0.2951,-0.1987,0.9346),
      ["LeftLowerLeg"] = CFrame.new(0.0000,0.0000,0.0000,1.0000,-0.0000,0.0000,0.0000,0.9971,0.0763,-0.0000,-0.0763,0.9971),
    }},
    {Time = 0.900, Data = {
      ["HumanoidRootPart"] = CFrame.new(0.0000,0.0000,0.0000,1.0000,0.0000,0.0000,0.0000,1.0000,0.0000,0.0000,0.0000,1.0000),
      ["LowerTorso"] = CFrame.new(0.0000,0.0000,0.0000,0.8541,-0.0224,-0.5196,-0.0000,0.9991,-0.0432,0.5201,0.0369,0.8533),
      ["UpperTorso"] = CFrame.new(0.0000,0.0000,0.0000,0.9996,-0.0000,-0.0273,-0.0000,1.0000,-0.0017,0.0273,0.0017,0.9996),
      ["LeftUpperArm"] = CFrame.new(-0.0001,-0.1645,0.0300,0.9934,0.1150,0.0001,-0.1131,0.9771,0.1801,0.0206,-0.1789,0.9836),
      ["LeftLowerArm"] = CFrame.new(0.0000,0.0000,0.0000,1.0000,-0.0000,0.0000,0.0000,0.9321,-0.3623,0.0000,0.3623,0.9321),
      ["RightUpperArm"] = CFrame.new(-0.1065,-0.5267,-0.0314,0.9287,-0.3329,-0.1632,0.1362,0.7159,-0.6848,0.3448,0.6138,0.7102),
      ["RightLowerArm"] = CFrame.new(0.0000,0.0000,0.0000,1.0000,-0.0000,0.0000,0.0000,0.7603,-0.6495,0.0000,0.6495,0.7603),
      ["RightHand"] = CFrame.new(0.0000,0.0000,0.0000,1.0000,-0.0000,0.0000,0.0000,1.0000,0.0065,-0.0000,-0.0065,1.0000),
      ["Head"] = CFrame.new(1.8680,-1.3954,-1.0641,0.9484,-0.0520,-0.3127,0.1173,0.9740,0.1938,0.2945,-0.2205,0.9299),
      ["RightUpperLeg"] = CFrame.new(0.0358,-0.0385,0.0250,0.7711,-0.0957,-0.6294,0.0771,0.9954,-0.0569,0.6320,-0.0047,0.7750),
      ["RightLowerLeg"] = CFrame.new(0.0000,0.0000,0.0000,1.0000,-0.0000,0.0000,0.0000,0.9884,0.1522,-0.0000,-0.1522,0.9884),
      ["LeftUpperLeg"] = CFrame.new(-0.0105,-0.0832,-0.1874,0.9527,0.1361,-0.2718,-0.0731,0.9706,0.2295,0.2951,-0.1987,0.9346),
      ["LeftLowerLeg"] = CFrame.new(0.0000,0.0000,0.0000,1.0000,-0.0000,0.0000,0.0000,0.9971,0.0763,-0.0000,-0.0763,0.9971),
    }},
    {Time = 0.933, Data = {
      ["HumanoidRootPart"] = CFrame.new(0.0000,0.0000,0.0000,1.0000,0.0000,0.0000,0.0000,1.0000,0.0000,0.0000,0.0000,1.0000),
      ["LowerTorso"] = CFrame.new(0.0000,0.0000,0.0000,0.8541,-0.0224,-0.5196,-0.0000,0.9991,-0.0432,0.5201,0.0369,0.8533),
      ["UpperTorso"] = CFrame.new(0.0000,0.0000,0.0000,0.9996,0.0000,-0.0273,0.0000,1.0000,0.0011,0.0273,-0.0011,0.9996),
      ["LeftUpperArm"] = CFrame.new(0.0000,-0.1637,0.0299,0.9934,0.1150,0.0000,-0.1131,0.9772,0.1795,0.0206,-0.1783,0.9838),
      ["LeftLowerArm"] = CFrame.new(0.0000,0.0000,0.0000,1.0000,-0.0000,0.0000,0.0000,0.9321,-0.3623,0.0000,0.3623,0.9321),
      ["RightUpperArm"] = CFrame.new(-0.1065,-0.5267,-0.0314,0.9287,-0.2798,-0.2432,0.1362,0.8677,-0.4781,0.3448,0.4109,0.8439),
      ["RightLowerArm"] = CFrame.new(0.0000,0.0000,0.0000,1.0000,-0.0000,0.0000,0.0000,0.7236,-0.6902,0.0000,0.6902,0.7236),
      ["RightHand"] = CFrame.new(0.0000,0.0000,0.0000,1.0000,-0.0000,0.0000,0.0000,1.0000,0.0065,-0.0000,-0.0065,1.0000),
      ["Head"] = CFrame.new(1.8753,-1.5754,-1.0158,0.9469,-0.0475,-0.3179,0.1184,0.9710,0.2076,0.2988,-0.2342,0.9251),
      ["RightUpperLeg"] = CFrame.new(0.0358,-0.0385,0.0250,0.7711,-0.0957,-0.6294,0.0771,0.9954,-0.0569,0.6320,-0.0047,0.7750),
      ["RightLowerLeg"] = CFrame.new(0.0000,0.0000,0.0000,1.0000,-0.0000,0.0000,0.0000,0.9884,0.1522,-0.0000,-0.1522,0.9884),
      ["LeftUpperLeg"] = CFrame.new(-0.0105,-0.0832,-0.1874,0.9527,0.1361,-0.2718,-0.0731,0.9706,0.2295,0.2951,-0.1987,0.9346),
      ["LeftLowerLeg"] = CFrame.new(0.0000,0.0000,0.0000,1.0000,-0.0000,0.0000,0.0000,0.9971,0.0763,-0.0000,-0.0763,0.9971),
    }},
    {Time = 0.967, Data = {
      ["HumanoidRootPart"] = CFrame.new(0.0000,0.0000,0.0000,1.0000,0.0000,0.0000,0.0000,1.0000,0.0000,0.0000,0.0000,1.0000),
      ["LowerTorso"] = CFrame.new(0.0000,0.0000,0.0000,0.8541,-0.0224,-0.5196,-0.0000,0.9991,-0.0432,0.5201,0.0369,0.8533),
      ["UpperTorso"] = CFrame.new(0.0000,0.0000,0.0000,0.9996,0.0001,-0.0273,0.0000,1.0000,0.0033,0.0273,-0.0033,0.9996),
      ["LeftUpperArm"] = CFrame.new(0.0000,-0.1637,0.0299,0.9934,0.1150,0.0000,-0.1131,0.9772,0.1795,0.0206,-0.1783,0.9838),
      ["LeftLowerArm"] = CFrame.new(0.0000,0.0000,0.0000,1.0000,-0.0000,0.0000,0.0000,0.9321,-0.3623,0.0000,0.3623,0.9321),
      ["RightUpperArm"] = CFrame.new(-0.1065,-0.5267,-0.0314,0.9287,-0.2789,-0.2442,0.1362,0.8694,-0.4750,0.3448,0.4078,0.8454),
      ["RightLowerArm"] = CFrame.new(0.0000,0.0000,0.0000,1.0000,-0.0000,0.0000,0.0000,0.7236,-0.6902,0.0000,0.6902,0.7236),
      ["RightHand"] = CFrame.new(0.0000,0.0000,0.0000,1.0000,-0.0000,0.0000,0.0000,1.0000,0.0065,-0.0000,-0.0065,1.0000),
      ["Head"] = CFrame.new(1.8727,-1.6082,-0.9933,0.9454,-0.0386,-0.3235,0.1200,0.9644,0.2355,0.3029,-0.2615,0.9164),
      ["RightUpperLeg"] = CFrame.new(0.0358,-0.0385,0.0250,0.7711,-0.0957,-0.6294,0.0771,0.9954,-0.0569,0.6320,-0.0047,0.7750),
      ["RightLowerLeg"] = CFrame.new(0.0000,0.0000,0.0000,1.0000,-0.0000,0.0000,0.0000,0.9884,0.1522,-0.0000,-0.1522,0.9884),
      ["LeftUpperLeg"] = CFrame.new(-0.0105,-0.0832,-0.1874,0.9527,0.1361,-0.2718,-0.0731,0.9706,0.2295,0.2951,-0.1987,0.9346),
      ["LeftLowerLeg"] = CFrame.new(0.0000,0.0000,0.0000,1.0000,-0.0000,0.0000,0.0000,0.9971,0.0763,-0.0000,-0.0763,0.9971),
    }},
    {Time = 1.000, Data = {
      ["HumanoidRootPart"] = CFrame.new(0.0000,0.0000,0.0000,1.0000,0.0000,0.0000,0.0000,1.0000,0.0000,0.0000,0.0000,1.0000),
      ["LowerTorso"] = CFrame.new(0.0000,0.0000,0.0000,0.8541,-0.0224,-0.5196,-0.0000,0.9991,-0.0432,0.5201,0.0369,0.8533),
      ["UpperTorso"] = CFrame.new(0.0000,0.0000,0.0000,0.9996,0.0002,-0.0273,0.0000,1.0000,0.0055,0.0273,-0.0055,0.9996),
      ["LeftUpperArm"] = CFrame.new(0.0000,-0.1637,0.0299,0.9934,0.1150,0.0000,-0.1131,0.9772,0.1795,0.0206,-0.1783,0.9838),
      ["LeftLowerArm"] = CFrame.new(0.0000,0.0000,0.0000,1.0000,-0.0000,0.0000,0.0000,0.9321,-0.3623,0.0000,0.3623,0.9321),
      ["RightUpperArm"] = CFrame.new(-0.1065,-0.5267,-0.0314,0.9287,-0.2771,-0.2463,0.1362,0.8729,-0.4686,0.3448,0.4016,0.8484),
      ["RightLowerArm"] = CFrame.new(0.0000,0.0000,0.0000,1.0000,-0.0000,0.0000,0.0000,0.7236,-0.6902,0.0000,0.6902,0.7236),
      ["RightHand"] = CFrame.new(0.0000,0.0000,0.0000,1.0000,-0.0000,0.0000,0.0000,1.0000,0.0065,-0.0000,-0.0065,1.0000),
      ["Head"] = CFrame.new(1.8700,-1.6410,-0.9707,0.9438,-0.0298,-0.3291,0.1220,0.9570,0.2631,0.3072,-0.2884,0.9069),
      ["RightUpperLeg"] = CFrame.new(0.0358,-0.0385,0.0250,0.7711,-0.0957,-0.6294,0.0771,0.9954,-0.0569,0.6320,-0.0047,0.7750),
      ["RightLowerLeg"] = CFrame.new(0.0000,0.0000,0.0000,1.0000,-0.0000,0.0000,0.0000,0.9884,0.1522,-0.0000,-0.1522,0.9884),
      ["LeftUpperLeg"] = CFrame.new(-0.0105,-0.0832,-0.1874,0.9527,0.1361,-0.2718,-0.0731,0.9706,0.2295,0.2951,-0.1987,0.9346),
      ["LeftLowerLeg"] = CFrame.new(0.0000,0.0000,0.0000,1.0000,-0.0000,0.0000,0.0000,0.9971,0.0763,-0.0000,-0.0763,0.9971),
    }},
    {Time = 1.033, Data = {
      ["HumanoidRootPart"] = CFrame.new(0.0000,0.0000,0.0000,1.0000,0.0000,0.0000,0.0000,1.0000,0.0000,0.0000,0.0000,1.0000),
      ["LowerTorso"] = CFrame.new(0.0000,0.0000,0.0000,0.8541,-0.0224,-0.5196,-0.0000,0.9991,-0.0432,0.5201,0.0369,0.8533),
      ["UpperTorso"] = CFrame.new(0.0000,0.0000,0.0000,0.9996,0.0002,-0.0273,0.0000,1.0000,0.0077,0.0273,-0.0077,0.9996),
      ["LeftUpperArm"] = CFrame.new(0.0000,-0.1637,0.0299,0.9934,0.1150,0.0000,-0.1131,0.9772,0.1795,0.0206,-0.1783,0.9838),
      ["LeftLowerArm"] = CFrame.new(0.0000,0.0000,0.0000,1.0000,-0.0000,0.0000,0.0000,0.9321,-0.3623,0.0000,0.3623,0.9321),
      ["RightUpperArm"] = CFrame.new(-0.1065,-0.5267,-0.0314,0.9287,-0.2744,-0.2493,0.1362,0.8780,-0.4590,0.3448,0.3923,0.8528),
      ["RightLowerArm"] = CFrame.new(0.0000,0.0000,0.0000,1.0000,-0.0000,0.0000,0.0000,0.7236,-0.6902,0.0000,0.6902,0.7236),
      ["RightHand"] = CFrame.new(0.0000,0.0000,0.0000,1.0000,-0.0000,0.0000,0.0000,1.0000,0.0065,-0.0000,-0.0065,1.0000),
      ["Head"] = CFrame.new(1.8673,-1.6738,-0.9482,0.9421,-0.0210,-0.3347,0.1243,0.9488,0.2902,0.3115,-0.3150,0.8965),
      ["RightUpperLeg"] = CFrame.new(0.0358,-0.0385,0.0250,0.7711,-0.0957,-0.6294,0.0771,0.9954,-0.0569,0.6320,-0.0047,0.7750),
      ["RightLowerLeg"] = CFrame.new(0.0000,0.0000,0.0000,1.0000,-0.0000,0.0000,0.0000,0.9884,0.1522,-0.0000,-0.1522,0.9884),
      ["LeftUpperLeg"] = CFrame.new(-0.0105,-0.0832,-0.1874,0.9527,0.1361,-0.2718,-0.0731,0.9706,0.2295,0.2951,-0.1987,0.9346),
      ["LeftLowerLeg"] = CFrame.new(0.0000,0.0000,0.0000,1.0000,-0.0000,0.0000,0.0000,0.9971,0.0763,-0.0000,-0.0763,0.9971),
    }},
    {Time = 1.067, Data = {
      ["HumanoidRootPart"] = CFrame.new(0.0000,0.0000,0.0000,1.0000,0.0000,0.0000,0.0000,1.0000,0.0000,0.0000,0.0000,1.0000),
      ["LowerTorso"] = CFrame.new(0.0000,0.0000,0.0000,0.8541,-0.0224,-0.5196,-0.0000,0.9991,-0.0432,0.5201,0.0369,0.8533),
      ["UpperTorso"] = CFrame.new(0.0000,0.0000,0.0000,0.9996,0.0003,-0.0273,0.0000,1.0000,0.0099,0.0273,-0.0099,0.9996),
      ["LeftUpperArm"] = CFrame.new(0.0000,-0.1637,0.0299,0.9934,0.1150,0.0000,-0.1131,0.9772,0.1795,0.0206,-0.1783,0.9838),
      ["LeftLowerArm"] = CFrame.new(0.0000,0.0000,0.0000,1.0000,-0.0000,0.0000,0.0000,0.9321,-0.3623,0.0000,0.3623,0.9321),
      ["RightUpperArm"] = CFrame.new(-0.1065,-0.5267,-0.0314,0.9287,-0.2707,-0.2533,0.1362,0.8846,-0.4460,0.3448,0.3797,0.8584),
      ["RightLowerArm"] = CFrame.new(0.0000,0.0000,0.0000,1.0000,-0.0000,0.0000,0.0000,0.7236,-0.6902,0.0000,0.6902,0.7236),
      ["RightHand"] = CFrame.new(0.0000,0.0000,0.0000,1.0000,-0.0000,0.0000,0.0000,1.0000,0.0065,-0.0000,-0.0065,1.0000),
      ["Head"] = CFrame.new(1.8646,-1.7067,-0.9257,0.9402,-0.0122,-0.3403,0.1270,0.9399,0.3170,0.3160,-0.3413,0.8853),
      ["RightUpperLeg"] = CFrame.new(0.0358,-0.0385,0.0250,0.7711,-0.0957,-0.6294,0.0771,0.9954,-0.0569,0.6320,-0.0047,0.7750),
      ["RightLowerLeg"] = CFrame.new(0.0000,0.0000,0.0000,1.0000,-0.0000,0.0000,0.0000,0.9884,0.1522,-0.0000,-0.1522,0.9884),
      ["LeftUpperLeg"] = CFrame.new(-0.0105,-0.0832,-0.1874,0.9527,0.1361,-0.2718,-0.0731,0.9706,0.2295,0.2951,-0.1987,0.9346),
      ["LeftLowerLeg"] = CFrame.new(0.0000,0.0000,0.0000,1.0000,-0.0000,0.0000,0.0000,0.9971,0.0763,-0.0000,-0.0763,0.9971),
    }},
    {Time = 1.100, Data = {
      ["HumanoidRootPart"] = CFrame.new(0.0000,0.0000,0.0000,1.0000,0.0000,0.0000,0.0000,1.0000,0.0000,0.0000,0.0000,1.0000),
      ["LowerTorso"] = CFrame.new(0.0000,0.0000,0.0000,0.8541,-0.0224,-0.5196,-0.0000,0.9991,-0.0432,0.5201,0.0369,0.8533),
      ["UpperTorso"] = CFrame.new(0.0000,0.0000,0.0000,0.9996,0.0003,-0.0273,0.0000,0.9999,0.0122,0.0273,-0.0121,0.9996),
      ["LeftUpperArm"] = CFrame.new(0.0000,-0.1637,0.0299,0.9934,0.1150,0.0000,-0.1131,0.9772,0.1795,0.0206,-0.1783,0.9838),
      ["LeftLowerArm"] = CFrame.new(0.0000,0.0000,0.0000,1.0000,-0.0000,0.0000,0.0000,0.9321,-0.3623,0.0000,0.3623,0.9321),
      ["RightUpperArm"] = CFrame.new(-0.1065,-0.5267,-0.0314,0.9287,-0.2661,-0.2582,0.1362,0.8926,-0.4298,0.3448,0.3640,0.8652),
      ["RightLowerArm"] = CFrame.new(0.0000,0.0000,0.0000,1.0000,-0.0000,0.0000,0.0000,0.7236,-0.6902,0.0000,0.6902,0.7236),
      ["RightHand"] = CFrame.new(0.0000,0.0000,0.0000,1.0000,-0.0000,0.0000,0.0000,1.0000,0.0065,-0.0000,-0.0065,1.0000),
      ["Head"] = CFrame.new(1.8619,-1.7395,-0.9032,0.9383,-0.0035,-0.3459,0.1301,0.9302,0.3434,0.3205,-0.3672,0.8732),
      ["RightUpperLeg"] = CFrame.new(0.0358,-0.0385,0.0250,0.7711,-0.0957,-0.6294,0.0771,0.9954,-0.0569,0.6320,-0.0047,0.7750),
      ["RightLowerLeg"] = CFrame.new(0.0000,0.0000,0.0000,1.0000,-0.0000,0.0000,0.0000,0.9884,0.1522,-0.0000,-0.1522,0.9884),
      ["LeftUpperLeg"] = CFrame.new(-0.0105,-0.0832,-0.1874,0.9527,0.1361,-0.2718,-0.0731,0.9706,0.2295,0.2951,-0.1987,0.9346),
      ["LeftLowerLeg"] = CFrame.new(0.0000,0.0000,0.0000,1.0000,-0.0000,0.0000,0.0000,0.9971,0.0763,-0.0000,-0.0763,0.9971),
    }},
    {Time = 1.133, Data = {
      ["HumanoidRootPart"] = CFrame.new(0.0000,0.0000,0.0000,1.0000,0.0000,0.0000,0.0000,1.0000,0.0000,0.0000,0.0000,1.0000),
      ["LowerTorso"] = CFrame.new(0.0000,0.0000,0.0000,0.8541,-0.0224,-0.5196,-0.0000,0.9991,-0.0432,0.5201,0.0369,0.8533),
      ["UpperTorso"] = CFrame.new(0.0000,0.0000,0.0000,0.9996,0.0004,-0.0273,0.0000,0.9999,0.0144,0.0273,-0.0144,0.9995),
      ["LeftUpperArm"] = CFrame.new(0.0000,-0.1637,0.0299,0.9934,0.1150,0.0000,-0.1131,0.9772,0.1795,0.0206,-0.1783,0.9838),
      ["LeftLowerArm"] = CFrame.new(0.0000,0.0000,0.0000,1.0000,-0.0000,0.0000,0.0000,0.9321,-0.3623,0.0000,0.3623,0.9321),
      ["RightUpperArm"] = CFrame.new(-0.1065,-0.5267,-0.0314,0.9287,-0.2603,-0.2640,0.1362,0.9018,-0.4100,0.3448,0.3449,0.8730),
      ["RightLowerArm"] = CFrame.new(0.0000,0.0000,0.0000,1.0000,-0.0000,0.0000,0.0000,0.7236,-0.6902,0.0000,0.6902,0.7236),
      ["RightHand"] = CFrame.new(0.0000,0.0000,0.0000,1.0000,-0.0000,0.0000,0.0000,1.0000,0.0065,-0.0000,-0.0065,1.0000),
      ["Head"] = CFrame.new(1.8592,-1.7723,-0.8806,0.9362,0.0052,-0.3515,0.1335,0.9197,0.3693,0.3251,-0.3926,0.8603),
      ["RightUpperLeg"] = CFrame.new(0.0358,-0.0385,0.0250,0.7711,-0.0957,-0.6294,0.0771,0.9954,-0.0569,0.6320,-0.0047,0.7750),
      ["RightLowerLeg"] = CFrame.new(0.0000,0.0000,0.0000,1.0000,-0.0000,0.0000,0.0000,0.9884,0.1522,-0.0000,-0.1522,0.9884),
      ["LeftUpperLeg"] = CFrame.new(-0.0105,-0.0832,-0.1874,0.9527,0.1361,-0.2718,-0.0731,0.9706,0.2295,0.2951,-0.1987,0.9346),
      ["LeftLowerLeg"] = CFrame.new(0.0000,0.0000,0.0000,1.0000,-0.0000,0.0000,0.0000,0.9971,0.0763,-0.0000,-0.0763,0.9971),
    }},
    {Time = 1.167, Data = {
      ["HumanoidRootPart"] = CFrame.new(0.0000,0.0000,0.0000,1.0000,0.0000,0.0000,0.0000,1.0000,0.0000,0.0000,0.0000,1.0000),
      ["LowerTorso"] = CFrame.new(0.0000,0.0000,0.0000,0.8541,-0.0224,-0.5196,-0.0000,0.9991,-0.0432,0.5201,0.0369,0.8533),
      ["UpperTorso"] = CFrame.new(0.0000,0.0000,0.0000,0.9996,0.0005,-0.0273,0.0000,0.9999,0.0166,0.0273,-0.0166,0.9995),
      ["LeftUpperArm"] = CFrame.new(0.0000,-0.1637,0.0299,0.9934,0.1150,0.0000,-0.1131,0.9772,0.1795,0.0206,-0.1783,0.9838),
      ["LeftLowerArm"] = CFrame.new(0.0000,0.0000,0.0000,1.0000,-0.0000,0.0000,0.0000,0.9321,-0.3623,0.0000,0.3623,0.9321),
      ["RightUpperArm"] = CFrame.new(-0.1065,-0.5267,-0.0314,0.9287,-0.2535,-0.2706,0.1362,0.9121,-0.3868,0.3448,0.3224,0.8816),
      ["RightLowerArm"] = CFrame.new(0.0000,0.0000,0.0000,1.0000,-0.0000,0.0000,0.0000,0.7236,-0.6902,0.0000,0.6902,0.7236),
      ["RightHand"] = CFrame.new(0.0000,0.0000,0.0000,1.0000,-0.0000,0.0000,0.0000,1.0000,0.0065,-0.0000,-0.0065,1.0000),
      ["Head"] = CFrame.new(1.8565,-1.8051,-0.8581,0.9340,0.0138,-0.3570,0.1374,0.9085,0.3947,0.3298,-0.4177,0.8466),
      ["RightUpperLeg"] = CFrame.new(0.0358,-0.0385,0.0250,0.7711,-0.0957,-0.6294,0.0771,0.9954,-0.0569,0.6320,-0.0047,0.7750),
      ["RightLowerLeg"] = CFrame.new(0.0000,0.0000,0.0000,1.0000,-0.0000,0.0000,0.0000,0.9884,0.1522,-0.0000,-0.1522,0.9884),
      ["LeftUpperLeg"] = CFrame.new(-0.0105,-0.0832,-0.1874,0.9527,0.1361,-0.2718,-0.0731,0.9706,0.2295,0.2951,-0.1987,0.9346),
      ["LeftLowerLeg"] = CFrame.new(0.0000,0.0000,0.0000,1.0000,-0.0000,0.0000,0.0000,0.9971,0.0763,-0.0000,-0.0763,0.9971),
    }},
    {Time = 1.200, Data = {
      ["HumanoidRootPart"] = CFrame.new(0.0000,0.0000,0.0000,1.0000,0.0000,0.0000,0.0000,1.0000,0.0000,0.0000,0.0000,1.0000),
      ["LowerTorso"] = CFrame.new(0.0000,0.0000,0.0000,0.8541,-0.0224,-0.5196,-0.0000,0.9991,-0.0432,0.5201,0.0369,0.8533),
      ["UpperTorso"] = CFrame.new(0.0000,0.0000,0.0000,0.9996,0.0005,-0.0273,0.0000,0.9998,0.0188,0.0273,-0.0188,0.9995),
      ["LeftUpperArm"] = CFrame.new(0.0000,-0.1637,0.0299,0.9934,0.1150,0.0000,-0.1131,0.9772,0.1795,0.0206,-0.1783,0.9838),
      ["LeftLowerArm"] = CFrame.new(0.0000,0.0000,0.0000,1.0000,-0.0000,0.0000,0.0000,0.9321,-0.3623,0.0000,0.3623,0.9321),
      ["RightUpperArm"] = CFrame.new(-0.1065,-0.5267,-0.0314,0.9287,-0.2454,-0.2779,0.1362,0.9230,-0.3599,0.3448,0.2964,0.8906),
      ["RightLowerArm"] = CFrame.new(0.0000,0.0000,0.0000,1.0000,-0.0000,0.0000,0.0000,0.7236,-0.6902,0.0000,0.6902,0.7236),
      ["RightHand"] = CFrame.new(0.0000,0.0000,0.0000,1.0000,-0.0000,0.0000,0.0000,1.0000,0.0065,-0.0000,-0.0065,1.0000),
      ["Head"] = CFrame.new(1.8538,-1.8379,-0.8356,0.9317,0.0225,-0.3625,0.1417,0.8966,0.4196,0.3345,-0.4423,0.8322),
      ["RightUpperLeg"] = CFrame.new(0.0358,-0.0385,0.0250,0.7711,-0.0957,-0.6294,0.0771,0.9954,-0.0569,0.6320,-0.0047,0.7750),
      ["RightLowerLeg"] = CFrame.new(0.0000,0.0000,0.0000,1.0000,-0.0000,0.0000,0.0000,0.9884,0.1522,-0.0000,-0.1522,0.9884),
      ["LeftUpperLeg"] = CFrame.new(-0.0105,-0.0832,-0.1874,0.9527,0.1361,-0.2718,-0.0731,0.9706,0.2295,0.2951,-0.1987,0.9346),
      ["LeftLowerLeg"] = CFrame.new(0.0000,0.0000,0.0000,1.0000,-0.0000,0.0000,0.0000,0.9971,0.0763,-0.0000,-0.0763,0.9971),
    }},
    {Time = 1.233, Data = {
      ["HumanoidRootPart"] = CFrame.new(0.0000,0.0000,0.0000,1.0000,0.0000,0.0000,0.0000,1.0000,0.0000,0.0000,0.0000,1.0000),
      ["LowerTorso"] = CFrame.new(0.0000,0.0000,0.0000,0.8541,-0.0224,-0.5196,-0.0000,0.9991,-0.0432,0.5201,0.0369,0.8533),
      ["UpperTorso"] = CFrame.new(0.0000,0.0000,0.0000,0.9996,0.0006,-0.0273,0.0000,0.9998,0.0210,0.0273,-0.0210,0.9994),
      ["LeftUpperArm"] = CFrame.new(0.0000,-0.1637,0.0299,0.9934,0.1150,0.0000,-0.1131,0.9772,0.1795,0.0206,-0.1783,0.9838),
      ["LeftLowerArm"] = CFrame.new(0.0000,0.0000,0.0000,1.0000,-0.0000,0.0000,0.0000,0.9321,-0.3623,0.0000,0.3623,0.9321),
      ["RightUpperArm"] = CFrame.new(-0.1065,-0.5267,-0.0314,0.9287,-0.2361,-0.2858,0.1362,0.9344,-0.3293,0.3448,0.2669,0.8999),
      ["RightLowerArm"] = CFrame.new(0.0000,0.0000,0.0000,1.0000,-0.0000,0.0000,0.0000,0.7236,-0.6902,0.0000,0.6902,0.7236),
      ["RightHand"] = CFrame.new(0.0000,0.0000,0.0000,1.0000,-0.0000,0.0000,0.0000,1.0000,0.0065,-0.0000,-0.0065,1.0000),
      ["Head"] = CFrame.new(1.8511,-1.8707,-0.8130,0.9293,0.0310,-0.3681,0.1463,0.8840,0.4440,0.3391,-0.4664,0.8170),
      ["RightUpperLeg"] = CFrame.new(0.0358,-0.0385,0.0250,0.7711,-0.0957,-0.6294,0.0771,0.9954,-0.0569,0.6320,-0.0047,0.7750),
      ["RightLowerLeg"] = CFrame.new(0.0000,0.0000,0.0000,1.0000,-0.0000,0.0000,0.0000,0.9884,0.1522,-0.0000,-0.1522,0.9884),
      ["LeftUpperLeg"] = CFrame.new(-0.0105,-0.0832,-0.1874,0.9527,0.1361,-0.2718,-0.0731,0.9706,0.2295,0.2951,-0.1987,0.9346),
      ["LeftLowerLeg"] = CFrame.new(0.0000,0.0000,0.0000,1.0000,-0.0000,0.0000,0.0000,0.9971,0.0763,-0.0000,-0.0763,0.9971),
    }},
    {Time = 1.267, Data = {
      ["HumanoidRootPart"] = CFrame.new(0.0000,0.0000,0.0000,1.0000,0.0000,0.0000,0.0000,1.0000,0.0000,0.0000,0.0000,1.0000),
      ["LowerTorso"] = CFrame.new(0.0000,0.0000,0.0000,0.8541,-0.0224,-0.5196,-0.0000,0.9991,-0.0432,0.5201,0.0369,0.8533),
      ["UpperTorso"] = CFrame.new(0.0000,0.0000,0.0000,0.9996,0.0006,-0.0273,0.0000,0.9997,0.0232,0.0273,-0.0232,0.9994),
      ["LeftUpperArm"] = CFrame.new(0.0000,-0.1637,0.0299,0.9934,0.1150,0.0000,-0.1131,0.9772,0.1795,0.0206,-0.1783,0.9838),
      ["LeftLowerArm"] = CFrame.new(0.0000,0.0000,0.0000,1.0000,-0.0000,0.0000,0.0000,0.9321,-0.3623,0.0000,0.3623,0.9321),
      ["RightUpperArm"] = CFrame.new(-0.1065,-0.5267,-0.0314,0.9287,-0.2255,-0.2943,0.1362,0.9458,-0.2948,0.3448,0.2337,0.9091),
      ["RightLowerArm"] = CFrame.new(0.0000,0.0000,0.0000,1.0000,-0.0000,0.0000,0.0000,0.7236,-0.6902,0.0000,0.6902,0.7236),
      ["RightHand"] = CFrame.new(0.0000,0.0000,0.0000,1.0000,-0.0000,0.0000,0.0000,1.0000,0.0065,-0.0000,-0.0065,1.0000),
      ["Head"] = CFrame.new(1.8484,-1.9035,-0.7905,0.9268,0.0396,-0.3736,0.1514,0.8708,0.4678,0.3438,-0.4901,0.8010),
      ["RightUpperLeg"] = CFrame.new(0.0358,-0.0385,0.0250,0.7711,-0.0957,-0.6294,0.0771,0.9954,-0.0569,0.6320,-0.0047,0.7750),
      ["RightLowerLeg"] = CFrame.new(0.0000,0.0000,0.0000,1.0000,-0.0000,0.0000,0.0000,0.9884,0.1522,-0.0000,-0.1522,0.9884),
      ["LeftUpperLeg"] = CFrame.new(-0.0105,-0.0832,-0.1874,0.9527,0.1361,-0.2718,-0.0731,0.9706,0.2295,0.2951,-0.1987,0.9346),
      ["LeftLowerLeg"] = CFrame.new(0.0000,0.0000,0.0000,1.0000,-0.0000,0.0000,0.0000,0.9971,0.0763,-0.0000,-0.0763,0.9971),
    }},
    {Time = 1.300, Data = {
      ["HumanoidRootPart"] = CFrame.new(0.0000,0.0000,0.0000,1.0000,0.0000,0.0000,0.0000,1.0000,0.0000,0.0000,0.0000,1.0000),
      ["LowerTorso"] = CFrame.new(0.0000,0.0000,0.0000,0.8541,-0.0224,-0.5196,-0.0000,0.9991,-0.0432,0.5201,0.0369,0.8533),
      ["UpperTorso"] = CFrame.new(0.0000,0.0000,0.0000,0.9996,0.0007,-0.0273,0.0000,0.9997,0.0254,0.0273,-0.0254,0.9993),
      ["LeftUpperArm"] = CFrame.new(0.0000,-0.1637,0.0299,0.9934,0.1150,0.0000,-0.1131,0.9772,0.1795,0.0206,-0.1783,0.9838),
      ["LeftLowerArm"] = CFrame.new(0.0000,0.0000,0.0000,1.0000,-0.0000,0.0000,0.0000,0.9321,-0.3623,0.0000,0.3623,0.9321),
      ["RightUpperArm"] = CFrame.new(-0.1065,-0.5267,-0.0314,0.9287,-0.2135,-0.3032,0.1362,0.9569,-0.2565,0.3448,0.1969,0.9178),
      ["RightLowerArm"] = CFrame.new(0.0000,0.0000,0.0000,1.0000,-0.0000,0.0000,0.0000,0.7236,-0.6902,0.0000,0.6902,0.7236),
      ["RightHand"] = CFrame.new(0.0000,0.0000,0.0000,1.0000,-0.0000,0.0000,0.0000,1.0000,0.0065,-0.0000,-0.0065,1.0000),
      ["Head"] = CFrame.new(1.8458,-1.9363,-0.7680,0.9241,0.0480,-0.3791,0.1569,0.8569,0.4910,0.3484,-0.5133,0.7843),
      ["RightUpperLeg"] = CFrame.new(0.0358,-0.0385,0.0250,0.7711,-0.0957,-0.6294,0.0771,0.9954,-0.0569,0.6320,-0.0047,0.7750),
      ["RightLowerLeg"] = CFrame.new(0.0000,0.0000,0.0000,1.0000,-0.0000,0.0000,0.0000,0.9884,0.1522,-0.0000,-0.1522,0.9884),
      ["LeftUpperLeg"] = CFrame.new(-0.0105,-0.0832,-0.1874,0.9527,0.1361,-0.2718,-0.0731,0.9706,0.2295,0.2951,-0.1987,0.9346),
      ["LeftLowerLeg"] = CFrame.new(0.0000,0.0000,0.0000,1.0000,-0.0000,0.0000,0.0000,0.9971,0.0763,-0.0000,-0.0763,0.9971),
    }},
    {Time = 1.333, Data = {
      ["HumanoidRootPart"] = CFrame.new(0.0000,0.0000,0.0000,1.0000,0.0000,0.0000,0.0000,1.0000,0.0000,0.0000,0.0000,1.0000),
      ["LowerTorso"] = CFrame.new(0.0000,0.0000,0.0000,0.8541,-0.0224,-0.5196,-0.0000,0.9991,-0.0432,0.5201,0.0369,0.8533),
      ["UpperTorso"] = CFrame.new(0.0000,0.0000,0.0000,0.9996,0.0008,-0.0273,0.0000,0.9996,0.0276,0.0273,-0.0276,0.9992),
      ["LeftUpperArm"] = CFrame.new(0.0000,-0.1637,0.0299,0.9934,0.1150,0.0000,-0.1131,0.9772,0.1795,0.0206,-0.1783,0.9838),
      ["LeftLowerArm"] = CFrame.new(0.0000,0.0000,0.0000,1.0000,-0.0000,0.0000,0.0000,0.9321,-0.3623,0.0000,0.3623,0.9321),
      ["RightUpperArm"] = CFrame.new(-0.1065,-0.5267,-0.0314,0.9287,-0.1999,-0.3122,0.1362,0.9673,-0.2142,0.3448,0.1564,0.9255),
      ["RightLowerArm"] = CFrame.new(0.0000,0.0000,0.0000,1.0000,-0.0000,0.0000,0.0000,0.7236,-0.6902,0.0000,0.6902,0.7236),
      ["RightHand"] = CFrame.new(0.0000,0.0000,0.0000,1.0000,-0.0000,0.0000,0.0000,1.0000,0.0065,-0.0000,-0.0065,1.0000),
      ["Head"] = CFrame.new(1.8431,-1.9691,-0.7454,0.9214,0.0565,-0.3846,0.1628,0.8424,0.5137,0.3530,-0.5359,0.7670),
      ["RightUpperLeg"] = CFrame.new(0.0358,-0.0385,0.0250,0.7711,-0.0957,-0.6294,0.0771,0.9954,-0.0569,0.6320,-0.0047,0.7750),
      ["RightLowerLeg"] = CFrame.new(0.0000,0.0000,0.0000,1.0000,-0.0000,0.0000,0.0000,0.9884,0.1522,-0.0000,-0.1522,0.9884),
      ["LeftUpperLeg"] = CFrame.new(-0.0105,-0.0832,-0.1874,0.9527,0.1361,-0.2718,-0.0731,0.9706,0.2295,0.2951,-0.1987,0.9346),
      ["LeftLowerLeg"] = CFrame.new(0.0000,0.0000,0.0000,1.0000,-0.0000,0.0000,0.0000,0.9971,0.0763,-0.0000,-0.0763,0.9971),
    }},
    {Time = 1.367, Data = {
      ["HumanoidRootPart"] = CFrame.new(0.0000,0.0000,0.0000,1.0000,0.0000,0.0000,0.0000,1.0000,0.0000,0.0000,0.0000,1.0000),
      ["LowerTorso"] = CFrame.new(0.0000,0.0000,0.0000,0.8541,-0.0224,-0.5196,-0.0000,0.9991,-0.0432,0.5201,0.0369,0.8533),
      ["UpperTorso"] = CFrame.new(0.0000,0.0000,0.0000,0.9996,0.0008,-0.0273,0.0000,0.9996,0.0298,0.0273,-0.0298,0.9992),
      ["LeftUpperArm"] = CFrame.new(0.0000,-0.1637,0.0299,0.9934,0.1150,0.0000,-0.1131,0.9772,0.1795,0.0206,-0.1783,0.9838),
      ["LeftLowerArm"] = CFrame.new(0.0000,0.0000,0.0000,1.0000,-0.0000,0.0000,0.0000,0.9321,-0.3623,0.0000,0.3623,0.9321),
      ["RightUpperArm"] = CFrame.new(-0.1065,-0.5267,-0.0314,0.9287,-0.1848,-0.3214,0.1362,0.9764,-0.1679,0.3448,0.1121,0.9319),
      ["RightLowerArm"] = CFrame.new(0.0000,0.0000,0.0000,1.0000,-0.0000,0.0000,0.0000,0.7236,-0.6902,0.0000,0.6902,0.7236),
      ["RightHand"] = CFrame.new(0.0000,0.0000,0.0000,1.0000,-0.0000,0.0000,0.0000,1.0000,0.0065,-0.0000,-0.0065,1.0000),
      ["Head"] = CFrame.new(1.8404,-2.0019,-0.7229,0.9185,0.0648,-0.3900,0.1691,0.8273,0.5357,0.3574,-0.5580,0.7489),
      ["RightUpperLeg"] = CFrame.new(0.0358,-0.0385,0.0250,0.7711,-0.0957,-0.6294,0.0771,0.9954,-0.0569,0.6320,-0.0047,0.7750),
      ["RightLowerLeg"] = CFrame.new(0.0000,0.0000,0.0000,1.0000,-0.0000,0.0000,0.0000,0.9884,0.1522,-0.0000,-0.1522,0.9884),
      ["LeftUpperLeg"] = CFrame.new(-0.0105,-0.0832,-0.1874,0.9527,0.1361,-0.2718,-0.0731,0.9706,0.2295,0.2951,-0.1987,0.9346),
      ["LeftLowerLeg"] = CFrame.new(0.0000,0.0000,0.0000,1.0000,-0.0000,0.0000,0.0000,0.9971,0.0763,-0.0000,-0.0763,0.9971),
    }},
    {Time = 1.400, Data = {
      ["HumanoidRootPart"] = CFrame.new(0.0000,0.0000,0.0000,1.0000,0.0000,0.0000,0.0000,1.0000,0.0000,0.0000,0.0000,1.0000),
      ["LowerTorso"] = CFrame.new(0.0000,0.0000,0.0000,0.8541,-0.0224,-0.5196,-0.0000,0.9991,-0.0432,0.5201,0.0369,0.8533),
      ["UpperTorso"] = CFrame.new(0.0000,0.0000,0.0000,0.9996,0.0006,-0.0273,0.0000,0.9997,0.0224,0.0273,-0.0224,0.9994),
      ["LeftUpperArm"] = CFrame.new(0.0000,-0.1637,0.0299,0.9934,0.1150,0.0000,-0.1131,0.9772,0.1795,0.0206,-0.1783,0.9838),
      ["LeftLowerArm"] = CFrame.new(0.0000,0.0000,0.0000,1.0000,-0.0000,0.0000,0.0000,0.9321,-0.3623,0.0000,0.3623,0.9321),
      ["RightUpperArm"] = CFrame.new(-0.1065,-0.5267,-0.0314,0.9287,-0.1848,-0.3214,0.1362,0.9764,-0.1679,0.3448,0.1121,0.9319),
      ["RightLowerArm"] = CFrame.new(0.0000,0.0000,0.0000,1.0000,-0.0000,0.0000,0.0000,0.7236,-0.6902,0.0000,0.6902,0.7236),
      ["RightHand"] = CFrame.new(0.0000,0.0000,0.0000,1.0000,-0.0000,0.0000,0.0000,1.0000,0.0065,-0.0000,-0.0065,1.0000),
      ["Head"] = CFrame.new(1.8404,-2.0019,-0.7229,0.9185,0.0648,-0.3900,0.1691,0.8273,0.5357,0.3574,-0.5580,0.7489),
      ["RightUpperLeg"] = CFrame.new(0.0358,-0.0385,0.0250,0.7711,-0.0957,-0.6294,0.0771,0.9954,-0.0569,0.6320,-0.0047,0.7750),
      ["RightLowerLeg"] = CFrame.new(0.0000,0.0000,0.0000,1.0000,-0.0000,0.0000,0.0000,0.9884,0.1522,-0.0000,-0.1522,0.9884),
      ["LeftUpperLeg"] = CFrame.new(-0.0105,-0.0832,-0.1874,0.9527,0.1361,-0.2718,-0.0731,0.9706,0.2295,0.2951,-0.1987,0.9346),
      ["LeftLowerLeg"] = CFrame.new(0.0000,0.0000,0.0000,1.0000,-0.0000,0.0000,0.0000,0.9971,0.0763,-0.0000,-0.0763,0.9971),
    }},
    {Time = 1.433, Data = {
      ["HumanoidRootPart"] = CFrame.new(0.0000,0.0000,0.0000,1.0000,0.0000,0.0000,0.0000,1.0000,0.0000,0.0000,0.0000,1.0000),
      ["LowerTorso"] = CFrame.new(0.0000,0.0000,0.0000,0.8541,-0.0224,-0.5196,-0.0000,0.9991,-0.0432,0.5201,0.0369,0.8533),
      ["UpperTorso"] = CFrame.new(0.0000,0.0000,0.0000,0.9996,0.0004,-0.0273,0.0000,0.9999,0.0149,0.0273,-0.0149,0.9995),
      ["LeftUpperArm"] = CFrame.new(0.0000,-0.1637,0.0299,0.9934,0.1150,0.0000,-0.1131,0.9772,0.1795,0.0206,-0.1783,0.9838),
      ["LeftLowerArm"] = CFrame.new(0.0000,0.0000,0.0000,1.0000,-0.0000,0.0000,0.0000,0.9321,-0.3623,0.0000,0.3623,0.9321),
      ["RightUpperArm"] = CFrame.new(-0.1065,-0.5267,-0.0314,0.9287,-0.1848,-0.3214,0.1362,0.9764,-0.1679,0.3448,0.1121,0.9319),
      ["RightLowerArm"] = CFrame.new(0.0000,0.0000,0.0000,1.0000,-0.0000,0.0000,0.0000,0.7236,-0.6902,0.0000,0.6902,0.7236),
      ["RightHand"] = CFrame.new(0.0000,0.0000,0.0000,1.0000,-0.0000,0.0000,0.0000,1.0000,0.0065,-0.0000,-0.0065,1.0000),
      ["Head"] = CFrame.new(1.8404,-2.0019,-0.7229,0.9185,0.0648,-0.3900,0.1691,0.8273,0.5357,0.3574,-0.5580,0.7489),
      ["RightUpperLeg"] = CFrame.new(0.0358,-0.0385,0.0250,0.7711,-0.0957,-0.6294,0.0771,0.9954,-0.0569,0.6320,-0.0047,0.7750),
      ["RightLowerLeg"] = CFrame.new(0.0000,0.0000,0.0000,1.0000,-0.0000,0.0000,0.0000,0.9884,0.1522,-0.0000,-0.1522,0.9884),
      ["LeftUpperLeg"] = CFrame.new(-0.0105,-0.0832,-0.1874,0.9527,0.1361,-0.2718,-0.0731,0.9706,0.2295,0.2951,-0.1987,0.9346),
      ["LeftLowerLeg"] = CFrame.new(0.0000,0.0000,0.0000,1.0000,-0.0000,0.0000,0.0000,0.9971,0.0763,-0.0000,-0.0763,0.9971),
    }},
    {Time = 1.467, Data = {
      ["HumanoidRootPart"] = CFrame.new(0.0000,0.0000,0.0000,1.0000,0.0000,0.0000,0.0000,1.0000,0.0000,0.0000,0.0000,1.0000),
      ["LowerTorso"] = CFrame.new(0.0000,0.0000,0.0000,0.8541,-0.0224,-0.5196,-0.0000,0.9991,-0.0432,0.5201,0.0369,0.8533),
      ["UpperTorso"] = CFrame.new(0.0000,0.0000,0.0000,0.9996,0.0002,-0.0273,0.0000,1.0000,0.0075,0.0273,-0.0075,0.9996),
      ["LeftUpperArm"] = CFrame.new(0.0000,-0.1637,0.0299,0.9934,0.1150,0.0000,-0.1131,0.9772,0.1795,0.0206,-0.1783,0.9838),
      ["LeftLowerArm"] = CFrame.new(0.0000,0.0000,0.0000,1.0000,-0.0000,0.0000,0.0000,0.9321,-0.3623,0.0000,0.3623,0.9321),
      ["RightUpperArm"] = CFrame.new(-0.1065,-0.5267,-0.0314,0.9287,-0.1848,-0.3214,0.1362,0.9764,-0.1679,0.3448,0.1121,0.9319),
      ["RightLowerArm"] = CFrame.new(0.0000,0.0000,0.0000,1.0000,-0.0000,0.0000,0.0000,0.7236,-0.6902,0.0000,0.6902,0.7236),
      ["RightHand"] = CFrame.new(0.0000,0.0000,0.0000,1.0000,-0.0000,0.0000,0.0000,1.0000,0.0065,-0.0000,-0.0065,1.0000),
      ["Head"] = CFrame.new(1.8404,-2.0019,-0.7229,0.9185,0.0648,-0.3900,0.1691,0.8273,0.5357,0.3574,-0.5580,0.7489),
      ["RightUpperLeg"] = CFrame.new(0.0358,-0.0385,0.0250,0.7711,-0.0957,-0.6294,0.0771,0.9954,-0.0569,0.6320,-0.0047,0.7750),
      ["RightLowerLeg"] = CFrame.new(0.0000,0.0000,0.0000,1.0000,-0.0000,0.0000,0.0000,0.9884,0.1522,-0.0000,-0.1522,0.9884),
      ["LeftUpperLeg"] = CFrame.new(-0.0105,-0.0832,-0.1874,0.9527,0.1361,-0.2718,-0.0731,0.9706,0.2295,0.2951,-0.1987,0.9346),
      ["LeftLowerLeg"] = CFrame.new(0.0000,0.0000,0.0000,1.0000,-0.0000,0.0000,0.0000,0.9971,0.0763,-0.0000,-0.0763,0.9971),
    }},
    {Time = 1.500, Data = {
      ["HumanoidRootPart"] = CFrame.new(0.0000,0.0000,0.0000,1.0000,0.0000,0.0000,0.0000,1.0000,0.0000,0.0000,0.0000,1.0000),
      ["LowerTorso"] = CFrame.new(0.0000,0.0000,0.0000,0.8541,-0.0224,-0.5196,-0.0000,0.9991,-0.0432,0.5201,0.0369,0.8533),
      ["UpperTorso"] = CFrame.new(0.0000,0.0000,0.0000,0.9996,-0.0000,-0.0273,0.0000,1.0000,-0.0000,0.0273,0.0000,0.9996),
      ["LeftUpperArm"] = CFrame.new(0.0000,-0.1637,0.0299,0.9934,0.1150,0.0000,-0.1131,0.9772,0.1795,0.0206,-0.1783,0.9838),
      ["LeftLowerArm"] = CFrame.new(0.0000,0.0000,0.0000,1.0000,-0.0000,0.0000,0.0000,0.9321,-0.3623,0.0000,0.3623,0.9321),
      ["RightUpperArm"] = CFrame.new(-0.1065,-0.5267,-0.0314,0.9287,-0.1848,-0.3214,0.1362,0.9764,-0.1679,0.3448,0.1121,0.9319),
      ["RightLowerArm"] = CFrame.new(0.0000,0.0000,0.0000,1.0000,-0.0000,0.0000,0.0000,0.7236,-0.6902,0.0000,0.6902,0.7236),
      ["RightHand"] = CFrame.new(0.0000,0.0000,0.0000,1.0000,-0.0000,0.0000,0.0000,1.0000,0.0065,-0.0000,-0.0065,1.0000),
      ["Head"] = CFrame.new(1.8404,-2.0019,-0.7229,0.9185,0.0648,-0.3900,0.1691,0.8273,0.5357,0.3574,-0.5580,0.7489),
      ["RightUpperLeg"] = CFrame.new(0.0358,-0.0385,0.0250,0.7711,-0.0957,-0.6294,0.0771,0.9954,-0.0569,0.6320,-0.0047,0.7750),
      ["RightLowerLeg"] = CFrame.new(0.0000,0.0000,0.0000,1.0000,-0.0000,0.0000,0.0000,0.9884,0.1522,-0.0000,-0.1522,0.9884),
      ["LeftUpperLeg"] = CFrame.new(-0.0105,-0.0832,-0.1874,0.9527,0.1361,-0.2718,-0.0731,0.9706,0.2295,0.2951,-0.1987,0.9346),
      ["LeftLowerLeg"] = CFrame.new(0.0000,0.0000,0.0000,1.0000,-0.0000,0.0000,0.0000,0.9971,0.0763,-0.0000,-0.0763,0.9971),
    }},
  }
}
