return {
  ["119673030204732"] = {
    {Time = 0.000, Data = {
      ["HumanoidRootPart"] = CFrame.new(0.0000,0.0000,0.0000,1.0000,0.0000,0.0000,0.0000,1.0000,0.0000,0.0000,0.0000,1.0000),
      ["LowerTorso"] = CFrame.new(0.0152,0.3814,-0.4695,1.0000,-0.0000,-0.0000,0.0000,0.9754,0.2205,-0.0000,-0.2205,0.9754),
      ["UpperTorso"] = CFrame.new(0.0000,0.0000,0.0000,0.9979,0.0077,0.0638,0.0013,0.9900,-0.1410,-0.0642,0.1408,0.9880),
      ["LeftUpperArm"] = CFrame.new(0.0000,0.0000,0.0000,0.2655,0.6625,0.7005,-0.2850,0.7480,-0.5994,-0.9210,-0.0405,0.3874),
      ["LeftLowerArm"] = CFrame.new(0.0000,0.0000,-0.0010,1.0000,-0.0000,0.0000,0.0000,0.4403,-0.8978,0.0000,0.8978,0.4403),
      ["LeftHand"] = CFrame.new(0.0002,0.0007,-0.0009,0.9157,0.3772,0.1387,-0.3604,0.9234,-0.1321,-0.1779,0.0710,0.9815),
      ["Head"] = CFrame.new(0.0000,0.0000,0.0000,1.0000,-0.0000,-0.0039,0.0000,1.0000,-0.0000,0.0039,-0.0000,1.0000),
      ["RightUpperArm"] = CFrame.new(0.0000,0.0000,0.0000,0.9705,-0.0538,0.2351,0.2027,0.7106,-0.6737,-0.1308,0.7015,0.7006),
      ["RightLowerArm"] = CFrame.new(0.0000,0.0000,-0.0010,1.0000,-0.0000,0.0000,0.0000,0.1490,-0.9888,0.0000,0.9888,0.1490),
      ["RightHand"] = CFrame.new(-0.0002,0.0008,-0.0009,0.7417,-0.5993,0.3011,0.5068,0.7948,0.3338,-0.4394,-0.0950,0.8933),
      ["LeftUpperLeg"] = CFrame.new(0.0000,0.0000,0.0000,0.9978,0.0476,-0.0470,-0.0534,0.1445,-0.9881,-0.0402,0.9884,0.1467),
      ["LeftLowerLeg"] = CFrame.new(0.0000,0.0000,-0.0010,1.0000,-0.0000,0.0000,-0.0000,-0.5195,0.8545,0.0000,-0.8545,-0.5195),
      ["LeftFoot"] = CFrame.new(0.0000,0.0000,0.0000,0.9971,0.0106,-0.0747,0.0008,0.9886,0.1506,0.0755,-0.1502,0.9858),
      ["RightUpperLeg"] = CFrame.new(0.0000,0.0000,0.0000,0.9998,0.0095,-0.0197,-0.0085,0.9985,0.0540,0.0202,-0.0538,0.9983),
      ["RightLowerLeg"] = CFrame.new(0.0000,0.0000,-0.0010,1.0000,-0.0000,0.0000,0.0000,0.5610,0.8278,-0.0000,-0.8278,0.5610),
      ["RightFoot"] = CFrame.new(0.0000,0.0000,0.0000,0.9998,0.0102,-0.0144,-0.0099,0.9998,0.0183,0.0146,-0.0181,0.9997),
    }},
    {Time = 0.033, Data = {
      ["HumanoidRootPart"] = CFrame.new(0.0000,0.0000,0.0000,1.0000,0.0000,0.0000,0.0000,1.0000,0.0000,0.0000,0.0000,1.0000),
      ["LowerTorso"] = CFrame.new(0.0147,0.3913,-0.4724,1.0000,-0.0002,0.0030,-0.0005,0.9754,0.2205,-0.0030,-0.2205,0.9754),
      ["UpperTorso"] = CFrame.new(0.0000,0.0000,0.0000,0.9982,0.0073,0.0597,0.0012,0.9900,-0.1410,-0.0601,0.1408,0.9882),
      ["LeftUpperArm"] = CFrame.new(0.0000,0.0000,0.0000,0.2757,0.6647,0.6944,-0.2881,0.7463,-0.6001,-0.9171,-0.0346,0.3972),
      ["LeftLowerArm"] = CFrame.new(0.0000,0.0000,-0.0010,0.9999,0.0129,-0.0081,-0.0129,0.4386,-0.8986,-0.0081,0.8986,0.4387),
      ["LeftHand"] = CFrame.new(0.0002,0.0007,-0.0009,0.8871,0.4348,0.1550,-0.4122,0.8973,-0.1577,-0.2077,0.0760,0.9752),
      ["Head"] = CFrame.new(0.0000,0.0000,0.0000,1.0000,-0.0000,-0.0027,0.0000,1.0000,-0.0038,0.0027,0.0038,1.0000),
      ["RightUpperArm"] = CFrame.new(0.0000,0.0000,0.0000,0.9734,-0.0692,0.2183,0.2014,0.7118,-0.6729,-0.1088,0.6990,0.7068),
      ["RightLowerArm"] = CFrame.new(0.0000,0.0000,-0.0010,1.0000,0.0014,-0.0012,-0.0014,0.1477,-0.9890,-0.0012,0.9890,0.1477),
      ["RightHand"] = CFrame.new(-0.0002,0.0008,-0.0009,0.7597,-0.5605,0.3296,0.4556,0.8205,0.3452,-0.4639,-0.1120,0.8788),
      ["LeftUpperLeg"] = CFrame.new(0.0000,0.0000,0.0000,0.9991,0.0379,-0.0206,-0.0251,0.1220,-0.9922,-0.0351,0.9918,0.1229),
      ["LeftLowerLeg"] = CFrame.new(0.0000,0.0000,-0.0010,1.0000,-0.0000,0.0000,-0.0000,-0.3570,0.9341,0.0000,-0.9341,-0.3570),
      ["LeftFoot"] = CFrame.new(0.0000,0.0000,0.0000,0.9981,0.0270,-0.0563,-0.0096,0.9572,0.2893,0.0617,-0.2882,0.9556),
      ["RightUpperLeg"] = CFrame.new(0.0000,0.0000,0.0000,0.9997,0.0079,-0.0225,-0.0043,0.9877,0.1561,0.0234,-0.1560,0.9875),
      ["RightLowerLeg"] = CFrame.new(0.0000,0.0000,-0.0010,1.0000,-0.0000,0.0000,0.0000,0.6252,0.7805,-0.0000,-0.7805,0.6252),
      ["RightFoot"] = CFrame.new(0.0000,0.0000,0.0000,0.9998,0.0126,-0.0127,-0.0115,0.9965,0.0823,0.0137,-0.0822,0.9965),
    }},
    {Time = 0.067, Data = {
      ["HumanoidRootPart"] = CFrame.new(0.0000,0.0000,0.0000,1.0000,0.0000,0.0000,0.0000,1.0000,0.0000,0.0000,0.0000,1.0000),
      ["LowerTorso"] = CFrame.new(0.0137,0.4117,-0.4777,1.0000,-0.0003,0.0060,-0.0010,0.9754,0.2205,-0.0059,-0.2205,0.9754),
      ["UpperTorso"] = CFrame.new(0.0000,0.0000,0.0000,0.9985,0.0065,0.0543,0.0013,0.9900,-0.1410,-0.0547,0.1409,0.9885),
      ["LeftUpperArm"] = CFrame.new(0.0000,0.0000,0.0000,0.2994,0.6700,0.6793,-0.2956,0.7421,-0.6016,-0.9072,-0.0207,0.4202),
      ["LeftLowerArm"] = CFrame.new(0.0000,0.0000,-0.0010,0.9995,0.0257,-0.0162,-0.0257,0.4345,-0.9003,-0.0161,0.9003,0.4349),
      ["LeftHand"] = CFrame.new(0.0002,0.0007,-0.0009,0.8546,0.4907,0.1697,-0.4617,0.8677,-0.1841,-0.2376,0.0790,0.9681),
      ["Head"] = CFrame.new(0.0000,0.0000,0.0000,1.0000,-0.0000,-0.0020,0.0000,1.0000,-0.0075,0.0020,0.0075,1.0000),
      ["RightUpperArm"] = CFrame.new(0.0000,0.0000,0.0000,0.9782,-0.1040,0.1798,0.1993,0.7146,-0.6706,-0.0588,0.6918,0.7197),
      ["RightLowerArm"] = CFrame.new(0.0000,0.0000,-0.0010,1.0000,0.0026,-0.0022,-0.0026,0.1464,-0.9892,-0.0022,0.9892,0.1464),
      ["RightHand"] = CFrame.new(-0.0002,0.0008,-0.0009,0.7756,-0.5184,0.3600,0.3998,0.8450,0.3552,-0.4884,-0.1316,0.8627),
      ["LeftUpperLeg"] = CFrame.new(0.0000,0.0000,0.0000,0.9997,0.0259,-0.0010,-0.0047,0.1399,-0.9902,-0.0255,0.9898,0.1400),
      ["LeftLowerLeg"] = CFrame.new(0.0000,0.0000,-0.0010,1.0000,-0.0000,0.0000,-0.0000,-0.1564,0.9877,0.0000,-0.9877,-0.1564),
      ["LeftFoot"] = CFrame.new(0.0000,0.0000,0.0000,0.9985,0.0366,-0.0400,-0.0167,0.9090,0.4164,0.0516,-0.4151,0.9083),
      ["RightUpperLeg"] = CFrame.new(0.0000,0.0000,0.0000,0.9996,0.0040,-0.0275,0.0023,0.9745,0.2244,0.0277,-0.2243,0.9741),
      ["RightLowerLeg"] = CFrame.new(0.0000,0.0000,-0.0010,1.0000,-0.0000,0.0000,0.0000,0.6776,0.7355,-0.0000,-0.7355,0.6776),
      ["RightFoot"] = CFrame.new(0.0000,0.0000,0.0000,0.9999,0.0121,-0.0079,-0.0101,0.9770,0.2130,0.0103,-0.2129,0.9770),
    }},
    {Time = 0.100, Data = {
      ["HumanoidRootPart"] = CFrame.new(0.0000,0.0000,0.0000,1.0000,0.0000,0.0000,0.0000,1.0000,0.0000,0.0000,0.0000,1.0000),
      ["LowerTorso"] = CFrame.new(0.0122,0.4377,-0.4848,1.0000,-0.0005,0.0087,-0.0014,0.9754,0.2205,-0.0086,-0.2205,0.9753),
      ["UpperTorso"] = CFrame.new(0.0000,0.0000,0.0000,0.9988,0.0054,0.0479,0.0014,0.9900,-0.1410,-0.0481,0.1409,0.9888),
      ["LeftUpperArm"] = CFrame.new(0.0000,0.0000,0.0000,0.3351,0.6773,0.6550,-0.3074,0.7357,-0.6035,-0.8906,0.0009,0.4547),
      ["LeftLowerArm"] = CFrame.new(0.0000,0.0000,-0.0010,0.9990,0.0378,-0.0239,-0.0378,0.4282,-0.9029,-0.0239,0.9029,0.4292),
      ["LeftHand"] = CFrame.new(0.0002,0.0007,-0.0009,0.8197,0.5430,0.1824,-0.5070,0.8359,-0.2102,-0.2666,0.0798,0.9605),
      ["Head"] = CFrame.new(0.0000,0.0000,0.0000,1.0000,-0.0000,-0.0018,0.0000,0.9999,-0.0111,0.0018,0.0111,0.9999),
      ["RightUpperArm"] = CFrame.new(0.0000,0.0000,0.0000,0.9802,-0.1545,0.1236,0.1973,0.7190,-0.6664,0.0141,0.6776,0.7353),
      ["RightLowerArm"] = CFrame.new(0.0000,0.0000,-0.0010,1.0000,0.0036,-0.0031,-0.0036,0.1452,-0.9894,-0.0031,0.9894,0.1452),
      ["RightHand"] = CFrame.new(-0.0002,0.0008,-0.0009,0.7883,-0.4753,0.3907,0.3424,0.8665,0.3633,-0.5112,-0.1526,0.8458),
      ["LeftUpperLeg"] = CFrame.new(0.0000,0.0000,0.0000,0.9998,0.0134,0.0131,0.0103,0.1908,-0.9816,-0.0156,0.9815,0.1906),
      ["LeftLowerLeg"] = CFrame.new(0.0000,0.0000,-0.0010,1.0000,-0.0000,0.0000,0.0000,0.0709,0.9975,-0.0000,-0.9975,0.0709),
      ["LeftFoot"] = CFrame.new(0.0000,0.0000,0.0000,0.9987,0.0428,-0.0262,-0.0223,0.8468,0.5315,0.0449,-0.5303,0.8466),
      ["RightUpperLeg"] = CFrame.new(0.0000,0.0000,0.0000,0.9995,-0.0006,-0.0311,0.0087,0.9650,0.2621,0.0299,-0.2622,0.9645),
      ["RightLowerLeg"] = CFrame.new(0.0000,0.0000,-0.0010,1.0000,-0.0000,0.0000,0.0000,0.7066,0.7076,-0.0000,-0.7076,0.7066),
      ["RightFoot"] = CFrame.new(0.0000,0.0000,0.0000,0.9999,0.0105,-0.0035,-0.0084,0.9260,0.3774,0.0072,-0.3773,0.9261),
    }},
    {Time = 0.133, Data = {
      ["HumanoidRootPart"] = CFrame.new(0.0000,0.0000,0.0000,1.0000,0.0000,0.0000,0.0000,1.0000,0.0000,0.0000,0.0000,1.0000),
      ["LowerTorso"] = CFrame.new(0.0103,0.4649,-0.4919,0.9999,-0.0007,0.0112,-0.0018,0.9754,0.2205,-0.0111,-0.2205,0.9753),
      ["UpperTorso"] = CFrame.new(0.0000,0.0000,0.0000,0.9992,0.0041,0.0405,0.0016,0.9900,-0.1410,-0.0407,0.1410,0.9892),
      ["LeftUpperArm"] = CFrame.new(0.0000,0.0000,0.0000,0.3811,0.6850,0.6209,-0.3235,0.7279,-0.6046,-0.8661,0.0296,0.4990),
      ["LeftLowerArm"] = CFrame.new(0.0000,0.0000,-0.0010,0.9983,0.0486,-0.0311,-0.0487,0.4202,-0.9061,-0.0310,0.9061,0.4218),
      ["LeftHand"] = CFrame.new(0.0002,0.0007,-0.0009,0.7840,0.5900,0.1927,-0.5469,0.8035,-0.2351,-0.2935,0.0789,0.9527),
      ["Head"] = CFrame.new(0.0000,0.0000,0.0000,1.0000,-0.0001,-0.0022,0.0000,0.9999,-0.0142,0.0022,0.0142,0.9999),
      ["RightUpperArm"] = CFrame.new(0.0000,0.0000,0.0000,0.9748,-0.2164,0.0536,0.1972,0.7252,-0.6597,0.1039,0.6537,0.7496),
      ["RightLowerArm"] = CFrame.new(0.0000,0.0000,-0.0010,1.0000,0.0045,-0.0039,-0.0045,0.1440,-0.9896,-0.0039,0.9896,0.1440),
      ["RightHand"] = CFrame.new(-0.0002,0.0008,-0.0009,0.7972,-0.4339,0.4198,0.2869,0.8840,0.3690,-0.5312,-0.1737,0.8292),
      ["LeftUpperLeg"] = CFrame.new(0.0000,0.0000,0.0000,0.9997,0.0015,0.0224,0.0212,0.2668,-0.9635,-0.0074,0.9637,0.2667),
      ["LeftLowerLeg"] = CFrame.new(0.0000,0.0000,-0.0010,1.0000,-0.0000,0.0000,0.0000,0.3085,0.9512,-0.0000,-0.9512,0.3085),
      ["LeftFoot"] = CFrame.new(0.0000,0.0000,0.0000,0.9988,0.0471,-0.0152,-0.0267,0.7720,0.6350,0.0417,-0.6339,0.7723),
      ["RightUpperLeg"] = CFrame.new(0.0000,0.0000,0.0000,0.9995,-0.0051,-0.0314,0.0135,0.9618,0.2732,0.0288,-0.2735,0.9614),
      ["RightLowerLeg"] = CFrame.new(0.0000,0.0000,-0.0010,1.0000,-0.0000,0.0000,0.0000,0.7051,0.7091,-0.0000,-0.7091,0.7051),
      ["RightFoot"] = CFrame.new(0.0000,0.0000,0.0000,1.0000,0.0092,-0.0008,-0.0073,0.8411,0.5408,0.0057,-0.5408,0.8412),
    }},
    {Time = 0.167, Data = {
      ["HumanoidRootPart"] = CFrame.new(0.0000,0.0000,0.0000,1.0000,0.0000,0.0000,0.0000,1.0000,0.0000,0.0000,0.0000,1.0000),
      ["LowerTorso"] = CFrame.new(0.0080,0.4883,-0.4966,0.9999,-0.0008,0.0134,-0.0022,0.9754,0.2205,-0.0132,-0.2205,0.9753),
      ["UpperTorso"] = CFrame.new(0.0000,0.0000,0.0000,0.9995,0.0027,0.0325,0.0020,0.9900,-0.1410,-0.0326,0.1410,0.9895),
      ["LeftUpperArm"] = CFrame.new(0.0000,0.0000,0.0000,0.4354,0.6917,0.5761,-0.3436,0.7192,-0.6038,-0.8321,0.0649,0.5509),
      ["LeftLowerArm"] = CFrame.new(0.0000,0.0000,-0.0010,0.9976,0.0578,-0.0373,-0.0578,0.4106,-0.9100,-0.0372,0.9100,0.4130),
      ["LeftHand"] = CFrame.new(0.0002,0.0007,-0.0009,0.7496,0.6307,0.2007,-0.5807,0.7722,-0.2577,-0.3175,0.0767,0.9451),
      ["Head"] = CFrame.new(0.0000,0.0000,0.0000,1.0000,-0.0001,-0.0031,0.0000,0.9999,-0.0169,0.0031,0.0169,0.9999),
      ["RightUpperArm"] = CFrame.new(0.0000,0.0000,0.0000,0.9584,-0.2844,-0.0254,0.2002,0.7328,-0.6504,0.2036,0.6182,0.7592),
      ["RightLowerArm"] = CFrame.new(0.0000,0.0000,-0.0010,1.0000,0.0052,-0.0045,-0.0052,0.1430,-0.9897,-0.0045,0.9897,0.1430),
      ["RightHand"] = CFrame.new(-0.0002,0.0008,-0.0009,0.8025,-0.3969,0.4455,0.2370,0.8973,0.3724,-0.5475,-0.1933,0.8142),
      ["LeftUpperLeg"] = CFrame.new(0.0000,0.0000,0.0000,0.9996,-0.0094,0.0269,0.0285,0.3598,-0.9326,-0.0009,0.9330,0.3599),
      ["LeftLowerLeg"] = CFrame.new(0.0000,0.0000,-0.0010,1.0000,-0.0000,0.0000,0.0000,0.5366,0.8439,-0.0000,-0.8439,0.5366),
      ["LeftFoot"] = CFrame.new(0.0000,0.0000,0.0000,0.9987,0.0498,-0.0070,-0.0291,0.6852,0.7278,0.0411,-0.7267,0.6857),
      ["RightUpperLeg"] = CFrame.new(0.0000,0.0000,0.0000,0.9995,-0.0094,-0.0286,0.0166,0.9649,0.2621,0.0251,-0.2625,0.9646),
      ["RightLowerLeg"] = CFrame.new(0.0000,0.0000,-0.0010,1.0000,-0.0000,0.0000,0.0000,0.6660,0.7460,-0.0000,-0.7460,0.6660),
      ["RightFoot"] = CFrame.new(0.0000,0.0000,0.0000,1.0000,0.0088,0.0005,-0.0069,0.7388,0.6739,0.0055,-0.6738,0.7389),
    }},
    {Time = 0.200, Data = {
      ["HumanoidRootPart"] = CFrame.new(0.0000,0.0000,0.0000,1.0000,0.0000,0.0000,0.0000,1.0000,0.0000,0.0000,0.0000,1.0000),
      ["LowerTorso"] = CFrame.new(0.0055,0.5021,-0.4991,0.9999,-0.0009,0.0148,-0.0024,0.9754,0.2205,-0.0146,-0.2205,0.9753),
      ["UpperTorso"] = CFrame.new(0.0000,0.0000,0.0000,0.9997,0.0011,0.0242,0.0023,0.9900,-0.1410,-0.0241,0.1411,0.9897),
      ["LeftUpperArm"] = CFrame.new(0.0000,0.0000,0.0000,0.4958,0.6975,0.5174,-0.3687,0.7085,-0.6018,-0.7863,0.1076,0.6084),
      ["LeftLowerArm"] = CFrame.new(0.0000,0.0000,-0.0010,0.9971,0.0637,-0.0417,-0.0637,0.3997,-0.9144,-0.0416,0.9144,0.4026),
      ["LeftHand"] = CFrame.new(0.0002,0.0007,-0.0009,0.7211,0.6615,0.2058,-0.6059,0.7462,-0.2758,-0.3360,0.0742,0.9389),
      ["Head"] = CFrame.new(0.0000,0.0000,0.0000,1.0000,-0.0001,-0.0046,-0.0000,0.9998,-0.0187,0.0046,0.0187,0.9998),
      ["RightUpperArm"] = CFrame.new(0.0000,0.0000,0.0000,0.9297,-0.3529,-0.1058,0.2081,0.7401,-0.6395,0.3039,0.5725,0.7615),
      ["RightLowerArm"] = CFrame.new(0.0000,0.0000,-0.0010,1.0000,0.0056,-0.0049,-0.0056,0.1424,-0.9898,-0.0049,0.9898,0.1424),
      ["RightHand"] = CFrame.new(-0.0002,0.0008,-0.0009,0.8048,-0.3710,0.4633,0.2021,0.9052,0.3738,-0.5581,-0.2072,0.8035),
      ["LeftUpperLeg"] = CFrame.new(0.0000,0.0000,0.0000,0.9995,-0.0172,0.0262,0.0312,0.4657,-0.8844,0.0030,0.8848,0.4660),
      ["LeftLowerLeg"] = CFrame.new(0.0000,0.0000,-0.0010,1.0000,-0.0000,0.0000,0.0000,0.7293,0.6842,-0.0000,-0.6842,0.7293),
      ["LeftFoot"] = CFrame.new(0.0000,0.0000,0.0000,0.9987,0.0505,-0.0026,-0.0279,0.5942,0.8039,0.0422,-0.8028,0.5948),
      ["RightUpperLeg"] = CFrame.new(0.0000,0.0000,0.0000,0.9996,-0.0130,-0.0232,0.0179,0.9739,0.2263,0.0197,-0.2267,0.9738),
      ["RightLowerLeg"] = CFrame.new(0.0000,0.0000,-0.0010,1.0000,-0.0000,0.0000,0.0000,0.5754,0.8179,-0.0000,-0.8179,0.5754),
      ["RightFoot"] = CFrame.new(0.0000,0.0000,0.0000,0.9999,0.0107,0.0019,-0.0086,0.6692,0.7430,0.0067,-0.7430,0.6693),
    }},
    {Time = 0.233, Data = {
      ["HumanoidRootPart"] = CFrame.new(0.0000,0.0000,0.0000,1.0000,0.0000,0.0000,0.0000,1.0000,0.0000,0.0000,0.0000,1.0000),
      ["LowerTorso"] = CFrame.new(0.0030,0.5089,-0.4997,0.9999,-0.0009,0.0156,-0.0026,0.9754,0.2205,-0.0154,-0.2205,0.9753),
      ["UpperTorso"] = CFrame.new(0.0000,0.0000,0.0000,0.9999,-0.0005,0.0159,0.0028,0.9900,-0.1411,-0.0157,0.1411,0.9899),
      ["LeftUpperArm"] = CFrame.new(0.0000,0.0000,0.0000,0.5569,0.6994,0.4481,-0.3967,0.6979,-0.5963,-0.7297,0.1543,0.6661),
      ["LeftLowerArm"] = CFrame.new(0.0000,0.0000,-0.0010,0.9968,0.0664,-0.0441,-0.0665,0.3882,-0.9192,-0.0440,0.9192,0.3914),
      ["LeftHand"] = CFrame.new(0.0002,0.0007,-0.0009,0.6992,0.6837,0.2092,-0.6236,0.7262,-0.2893,-0.3497,0.0718,0.9341),
      ["Head"] = CFrame.new(0.0000,0.0000,0.0000,1.0000,-0.0001,-0.0065,-0.0000,0.9998,-0.0197,0.0065,0.0197,0.9998),
      ["RightUpperArm"] = CFrame.new(0.0000,0.0000,0.0000,0.8916,-0.4155,-0.1800,0.2215,0.7470,-0.6269,0.3949,0.5190,0.7581),
      ["RightLowerArm"] = CFrame.new(0.0000,0.0000,-0.0010,1.0000,0.0058,-0.0050,-0.0058,0.1420,-0.9898,-0.0050,0.9898,0.1420),
      ["RightHand"] = CFrame.new(-0.0002,0.0008,-0.0009,0.8055,-0.3572,0.4727,0.1835,0.9090,0.3742,-0.5634,-0.2147,0.7978),
      ["LeftUpperLeg"] = CFrame.new(0.0000,0.0000,0.0000,0.9995,-0.0214,0.0228,0.0310,0.5717,-0.8199,0.0045,0.8202,0.5721),
      ["LeftLowerLeg"] = CFrame.new(0.0000,0.0000,-0.0010,1.0000,-0.0000,0.0000,0.0000,0.8672,0.4979,-0.0000,-0.4979,0.8672),
      ["LeftFoot"] = CFrame.new(0.0000,0.0000,0.0000,0.9988,0.0496,-0.0016,-0.0240,0.5109,0.8593,0.0434,-0.8582,0.5115),
      ["RightUpperLeg"] = CFrame.new(0.0000,0.0000,0.0000,0.9997,-0.0158,-0.0178,0.0186,0.9850,0.1713,0.0149,-0.1716,0.9851),
      ["RightLowerLeg"] = CFrame.new(0.0000,0.0000,-0.0010,1.0000,-0.0000,0.0000,0.0000,0.4485,0.8938,-0.0000,-0.8938,0.4485),
      ["RightFoot"] = CFrame.new(0.0000,0.0000,0.0000,0.9999,0.0145,0.0035,-0.0121,0.6541,0.7563,0.0087,-0.7563,0.6542),
    }},
    {Time = 0.267, Data = {
      ["HumanoidRootPart"] = CFrame.new(0.0000,0.0000,0.0000,1.0000,0.0000,0.0000,0.0000,1.0000,0.0000,0.0000,0.0000,1.0000),
      ["LowerTorso"] = CFrame.new(0.0004,0.5098,-0.4980,0.9999,-0.0009,0.0156,-0.0026,0.9754,0.2205,-0.0154,-0.2205,0.9753),
      ["UpperTorso"] = CFrame.new(0.0000,0.0000,0.0000,1.0000,-0.0021,0.0079,0.0032,0.9900,-0.1411,-0.0075,0.1411,0.9900),
      ["LeftUpperArm"] = CFrame.new(0.0000,0.0000,0.0000,0.6153,0.6964,0.3694,-0.4267,0.6883,-0.5867,-0.6628,0.2034,0.7206),
      ["LeftLowerArm"] = CFrame.new(0.0000,0.0000,-0.0010,0.9968,0.0662,-0.0445,-0.0663,0.3764,-0.9241,-0.0444,0.9241,0.3796),
      ["LeftHand"] = CFrame.new(0.0002,0.0007,-0.0009,0.6856,0.6967,0.2110,-0.6339,0.7140,-0.2974,-0.3578,0.0701,0.9311),
      ["Head"] = CFrame.new(0.0000,0.0000,0.0000,1.0000,-0.0001,-0.0088,-0.0001,0.9998,-0.0198,0.0088,0.0198,0.9998),
      ["RightUpperArm"] = CFrame.new(0.0000,0.0000,0.0000,0.8473,-0.4704,-0.2468,0.2394,0.7528,-0.6131,0.4742,0.4604,0.7504),
      ["RightLowerArm"] = CFrame.new(0.0000,0.0000,-0.0010,1.0000,0.0055,-0.0048,-0.0055,0.1420,-0.9898,-0.0047,0.9898,0.1420),
      ["RightHand"] = CFrame.new(-0.0002,0.0008,-0.0009,0.8056,-0.3547,0.4745,0.1800,0.9097,0.3743,-0.5644,-0.2161,0.7967),
      ["LeftUpperLeg"] = CFrame.new(0.0000,0.0000,0.0000,0.9996,-0.0217,0.0189,0.0285,0.6533,-0.7566,0.0041,0.7568,0.6536),
      ["LeftLowerLeg"] = CFrame.new(0.0000,0.0000,-0.0010,1.0000,-0.0000,0.0000,0.0000,0.9222,0.3867,-0.0000,-0.3867,0.9222),
      ["LeftFoot"] = CFrame.new(0.0000,0.0000,0.0000,0.9989,0.0474,-0.0028,-0.0209,0.4920,0.8704,0.0427,-0.8693,0.4924),
      ["RightUpperLeg"] = CFrame.new(0.0000,0.0000,0.0000,0.9997,-0.0187,-0.0138,0.0200,0.9947,0.1005,0.0119,-0.1008,0.9948),
      ["RightLowerLeg"] = CFrame.new(0.0000,0.0000,-0.0010,1.0000,-0.0000,0.0000,0.0000,0.2928,0.9562,-0.0000,-0.9562,0.2928),
      ["RightFoot"] = CFrame.new(0.0000,-0.0000,0.0000,0.9998,0.0192,0.0049,-0.0168,0.6953,0.7186,0.0104,-0.7185,0.6954),
    }},
    {Time = 0.300, Data = {
      ["HumanoidRootPart"] = CFrame.new(0.0000,0.0000,0.0000,1.0000,0.0000,0.0000,0.0000,1.0000,0.0000,0.0000,0.0000,1.0000),
      ["LowerTorso"] = CFrame.new(-0.0020,0.5052,-0.4940,0.9999,-0.0008,0.0151,-0.0025,0.9754,0.2205,-0.0149,-0.2205,0.9753),
      ["UpperTorso"] = CFrame.new(0.0000,0.0000,0.0000,1.0000,-0.0036,0.0002,0.0036,0.9900,-0.1411,0.0004,0.1411,0.9900),
      ["LeftUpperArm"] = CFrame.new(0.0000,0.0000,0.0000,0.6680,0.6881,0.2834,-0.4575,0.6800,-0.5729,-0.5869,0.2531,0.7691),
      ["LeftLowerArm"] = CFrame.new(0.0000,0.0000,-0.0010,0.9971,0.0633,-0.0432,-0.0634,0.3646,-0.9290,-0.0431,0.9290,0.3675),
      ["LeftHand"] = CFrame.new(0.0002,0.0007,-0.0009,0.6812,0.7008,0.2116,-0.6372,0.7099,-0.3000,-0.3605,0.0695,0.9302),
      ["Head"] = CFrame.new(0.0000,0.0000,0.0000,0.9999,-0.0001,-0.0113,-0.0001,0.9998,-0.0191,0.0113,0.0191,0.9998),
      ["RightUpperArm"] = CFrame.new(0.0000,0.0000,0.0000,0.7998,-0.5168,-0.3054,0.2606,0.7572,-0.5990,0.5408,0.3994,0.7403),
      ["RightLowerArm"] = CFrame.new(0.0000,0.0000,-0.0010,1.0000,0.0043,-0.0037,-0.0043,0.1424,-0.9898,-0.0037,0.9898,0.1424),
      ["RightHand"] = CFrame.new(-0.0002,0.0008,-0.0009,0.8054,-0.3614,0.4699,0.1891,0.9079,0.3741,-0.5618,-0.2125,0.7995),
      ["LeftUpperLeg"] = CFrame.new(0.0000,0.0000,0.0000,0.9997,-0.0187,0.0158,0.0244,0.7031,-0.7107,0.0022,0.7108,0.7033),
      ["LeftLowerLeg"] = CFrame.new(0.0000,0.0000,-0.0010,1.0000,-0.0000,0.0000,0.0000,0.9085,0.4179,-0.0000,-0.4179,0.9085),
      ["LeftFoot"] = CFrame.new(0.0000,0.0000,0.0000,0.9990,0.0446,-0.0054,-0.0210,0.5690,0.8221,0.0397,-0.8211,0.5694),
      ["RightUpperLeg"] = CFrame.new(0.0000,0.0000,0.0000,0.9997,-0.0225,-0.0120,0.0227,0.9996,0.0170,0.0116,-0.0172,0.9998),
      ["RightLowerLeg"] = CFrame.new(0.0000,0.0000,-0.0010,1.0000,-0.0000,0.0000,0.0000,0.1187,0.9929,-0.0000,-0.9929,0.1187),
      ["RightFoot"] = CFrame.new(0.0000,-0.0000,0.0000,0.9997,0.0234,0.0059,-0.0218,0.7752,0.6314,0.0102,-0.6313,0.7755),
    }},
    {Time = 0.333, Data = {
      ["HumanoidRootPart"] = CFrame.new(0.0000,0.0000,0.0000,1.0000,0.0000,0.0000,0.0000,1.0000,0.0000,0.0000,0.0000,1.0000),
      ["LowerTorso"] = CFrame.new(-0.0044,0.4949,-0.4884,0.9999,-0.0008,0.0141,-0.0023,0.9754,0.2205,-0.0139,-0.2205,0.9753),
      ["UpperTorso"] = CFrame.new(0.0000,0.0000,0.0000,1.0000,-0.0051,-0.0072,0.0040,0.9900,-0.1411,0.0079,0.1411,0.9900),
      ["LeftUpperArm"] = CFrame.new(0.0000,0.0000,0.0000,0.7124,0.6748,0.1927,-0.4877,0.6735,-0.5555,-0.5047,0.3017,0.8089),
      ["LeftLowerArm"] = CFrame.new(0.0000,0.0000,-0.0010,0.9975,0.0583,-0.0403,-0.0584,0.3528,-0.9339,-0.0403,0.9339,0.3554),
      ["LeftHand"] = CFrame.new(0.0002,0.0007,-0.0009,0.6853,0.6970,0.2111,-0.6342,0.7136,-0.2976,-0.3581,0.0700,0.9311),
      ["Head"] = CFrame.new(0.0000,0.0000,0.0000,0.9999,-0.0001,-0.0141,-0.0001,0.9998,-0.0178,0.0141,0.0178,0.9997),
      ["RightUpperArm"] = CFrame.new(0.0000,0.0000,0.0000,0.7520,-0.5550,-0.3557,0.2841,0.7598,-0.5848,0.5948,0.3387,0.7290),
      ["RightLowerArm"] = CFrame.new(0.0000,0.0000,-0.0010,1.0000,0.0021,-0.0018,-0.0021,0.1431,-0.9897,-0.0018,0.9897,0.1431),
      ["RightHand"] = CFrame.new(-0.0002,0.0008,-0.0009,0.8046,-0.3741,0.4612,0.2063,0.9043,0.3737,-0.5569,-0.2055,0.8048),
      ["LeftUpperLeg"] = CFrame.new(0.0000,0.0000,0.0000,0.9998,-0.0137,0.0145,0.0199,0.7257,-0.6877,-0.0011,0.6879,0.7258),
      ["LeftLowerLeg"] = CFrame.new(0.0000,0.0000,-0.0010,1.0000,-0.0000,0.0000,0.0000,0.8056,0.5924,-0.0000,-0.5924,0.8056),
      ["LeftFoot"] = CFrame.new(0.0000,0.0000,0.0000,0.9991,0.0418,-0.0081,-0.0250,0.7305,0.6825,0.0344,-0.6816,0.7309),
      ["RightUpperLeg"] = CFrame.new(0.0000,0.0000,0.0000,0.9995,-0.0278,-0.0125,0.0267,0.9967,-0.0768,0.0146,0.0764,0.9970),
      ["RightLowerLeg"] = CFrame.new(0.0000,0.0000,-0.0010,1.0000,-0.0000,0.0000,-0.0000,-0.0623,0.9981,0.0000,-0.9981,-0.0623),
      ["RightFoot"] = CFrame.new(0.0000,-0.0000,0.0000,0.9997,0.0256,0.0064,-0.0254,0.8638,0.5031,0.0074,-0.5031,0.8642),
    }},
    {Time = 0.367, Data = {
      ["HumanoidRootPart"] = CFrame.new(0.0000,0.0000,0.0000,1.0000,0.0000,0.0000,0.0000,1.0000,0.0000,0.0000,0.0000,1.0000),
      ["LowerTorso"] = CFrame.new(-0.0065,0.4766,-0.4817,0.9999,-0.0007,0.0125,-0.0020,0.9754,0.2205,-0.0124,-0.2205,0.9753),
      ["UpperTorso"] = CFrame.new(0.0000,0.0000,0.0000,0.9999,-0.0063,-0.0139,0.0043,0.9900,-0.1411,0.0147,0.1410,0.9899),
      ["LeftUpperArm"] = CFrame.new(0.0000,0.0000,0.0000,0.7457,0.6584,0.1022,-0.5162,0.6678,-0.5363,-0.4214,0.3471,0.8378),
      ["LeftLowerArm"] = CFrame.new(0.0000,0.0000,-0.0010,0.9980,0.0512,-0.0358,-0.0512,0.3417,-0.9384,-0.0358,0.9384,0.3437),
      ["LeftHand"] = CFrame.new(0.0002,0.0007,-0.0009,0.6969,0.6859,0.2096,-0.6254,0.7242,-0.2906,-0.3511,0.0715,0.9336),
      ["Head"] = CFrame.new(0.0000,0.0000,0.0000,0.9999,-0.0001,-0.0170,-0.0002,0.9999,-0.0158,0.0170,0.0158,0.9997),
      ["RightUpperArm"] = CFrame.new(0.0000,0.0000,0.0000,0.7088,-0.5842,-0.3953,0.3081,0.7605,-0.5716,0.6346,0.2834,0.7190),
      ["RightLowerArm"] = CFrame.new(0.0000,0.0000,-0.0010,1.0000,-0.0009,0.0008,0.0009,0.1442,-0.9896,0.0008,0.9896,0.1442),
      ["RightHand"] = CFrame.new(-0.0002,0.0008,-0.0009,0.8029,-0.3935,0.4478,0.2325,0.8984,0.3726,-0.5489,-0.1950,0.8128),
      ["LeftUpperLeg"] = CFrame.new(0.0000,0.0000,0.0000,0.9999,-0.0071,0.0140,0.0143,0.7724,-0.6350,-0.0063,0.6351,0.7724),
      ["LeftLowerLeg"] = CFrame.new(0.0000,0.0000,-0.0010,1.0000,-0.0000,0.0000,0.0000,0.6718,0.7408,-0.0000,-0.7408,0.6718),
      ["LeftFoot"] = CFrame.new(0.0000,0.0000,0.0000,0.9992,0.0388,-0.0120,-0.0279,0.8705,0.4914,0.0295,-0.4907,0.8708),
      ["RightUpperLeg"] = CFrame.new(0.0000,0.0000,0.0000,0.9993,-0.0339,-0.0142,0.0308,0.9827,-0.1827,0.0202,0.1821,0.9831),
      ["RightLowerLeg"] = CFrame.new(0.0000,0.0000,-0.0010,1.0000,-0.0000,0.0000,-0.0000,-0.2371,0.9715,0.0000,-0.9715,-0.2371),
      ["RightFoot"] = CFrame.new(0.0000,-0.0000,0.0000,0.9997,0.0255,0.0060,-0.0260,0.9354,0.3527,0.0033,-0.3527,0.9357),
    }},
    {Time = 0.400, Data = {
      ["HumanoidRootPart"] = CFrame.new(0.0000,0.0000,0.0000,1.0000,0.0000,0.0000,0.0000,1.0000,0.0000,0.0000,0.0000,1.0000),
      ["LowerTorso"] = CFrame.new(-0.0083,0.4543,-0.4759,0.9999,-0.0006,0.0106,-0.0017,0.9754,0.2205,-0.0105,-0.2205,0.9753),
      ["UpperTorso"] = CFrame.new(0.0000,0.0000,0.0000,0.9998,-0.0074,-0.0198,0.0045,0.9900,-0.1411,0.0207,0.1410,0.9898),
      ["LeftUpperArm"] = CFrame.new(0.0000,0.0000,0.0000,0.7690,0.6391,0.0158,-0.5416,0.6644,-0.5150,-0.3396,0.3875,0.8570),
      ["LeftLowerArm"] = CFrame.new(0.0000,0.0000,-0.0010,0.9986,0.0428,-0.0303,-0.0428,0.3314,-0.9425,-0.0303,0.9425,0.3327),
      ["LeftHand"] = CFrame.new(0.0002,0.0007,-0.0009,0.7133,0.6695,0.2071,-0.6123,0.7392,-0.2806,-0.3410,0.0734,0.9372),
      ["Head"] = CFrame.new(0.0000,0.0000,0.0000,0.9998,-0.0001,-0.0199,-0.0002,0.9999,-0.0134,0.0199,0.0134,0.9997),
      ["RightUpperArm"] = CFrame.new(0.0000,0.0000,0.0000,0.6708,-0.6065,-0.4268,0.3316,0.7601,-0.5588,0.6633,0.2333,0.7111),
      ["RightLowerArm"] = CFrame.new(0.0000,0.0000,-0.0010,1.0000,-0.0043,0.0037,0.0043,0.1454,-0.9894,0.0037,0.9894,0.1454),
      ["RightHand"] = CFrame.new(-0.0002,0.0008,-0.0009,0.7999,-0.4172,0.4314,0.2644,0.8903,0.3707,-0.5387,-0.1825,0.8225),
      ["LeftUpperLeg"] = CFrame.new(0.0000,0.0000,0.0000,0.9999,0.0007,0.0146,0.0074,0.8399,-0.5427,-0.0127,0.5427,0.8398),
      ["LeftLowerLeg"] = CFrame.new(0.0000,0.0000,-0.0010,1.0000,-0.0000,0.0000,0.0000,0.5594,0.8289,-0.0000,-0.8289,0.5594),
      ["LeftFoot"] = CFrame.new(0.0000,0.0000,0.0000,0.9992,0.0355,-0.0173,-0.0289,0.9556,0.2933,0.0270,-0.2926,0.9559),
      ["RightUpperLeg"] = CFrame.new(0.0000,0.0000,0.0000,0.9991,-0.0395,-0.0163,0.0329,0.9541,-0.2978,0.0274,0.2970,0.9545),
      ["RightLowerLeg"] = CFrame.new(0.0000,0.0000,-0.0010,1.0000,-0.0000,0.0000,-0.0000,-0.3921,0.9199,0.0000,-0.9199,-0.3921),
      ["RightFoot"] = CFrame.new(0.0000,-0.0000,0.0000,0.9997,0.0237,0.0043,-0.0241,0.9765,0.2140,0.0009,-0.2140,0.9768),
    }},
    {Time = 0.433, Data = {
      ["HumanoidRootPart"] = CFrame.new(0.0000,0.0000,0.0000,1.0000,0.0000,0.0000,0.0000,1.0000,0.0000,0.0000,0.0000,1.0000),
      ["LowerTorso"] = CFrame.new(-0.0098,0.4313,-0.4717,1.0000,-0.0005,0.0084,-0.0014,0.9754,0.2205,-0.0083,-0.2205,0.9754),
      ["UpperTorso"] = CFrame.new(0.0000,0.0000,0.0000,0.9997,-0.0083,-0.0248,0.0047,0.9900,-0.1411,0.0257,0.1409,0.9897),
      ["LeftUpperArm"] = CFrame.new(0.0000,0.0000,0.0000,0.7832,0.6185,-0.0635,-0.5635,0.6629,-0.4930,-0.2628,0.4219,0.8677),
      ["LeftLowerArm"] = CFrame.new(0.0000,0.0000,-0.0010,0.9992,0.0335,-0.0240,-0.0335,0.3220,-0.9462,-0.0240,0.9462,0.3228),
      ["LeftHand"] = CFrame.new(0.0002,0.0007,-0.0009,0.7341,0.6478,0.2036,-0.5947,0.7580,-0.2677,-0.3277,0.0755,0.9418),
      ["Head"] = CFrame.new(0.0000,0.0000,0.0000,0.9997,-0.0001,-0.0227,-0.0002,0.9999,-0.0106,0.0227,0.0106,0.9997),
      ["RightUpperArm"] = CFrame.new(0.0000,0.0000,0.0000,0.6398,-0.6227,-0.4504,0.3539,0.7589,-0.5466,0.6822,0.1903,0.7060),
      ["RightLowerArm"] = CFrame.new(0.0000,0.0000,-0.0010,0.9999,-0.0077,0.0067,0.0077,0.1467,-0.9891,0.0066,0.9891,0.1468),
      ["RightHand"] = CFrame.new(-0.0002,0.0008,-0.0009,0.7952,-0.4446,0.4123,0.3012,0.8798,0.3677,-0.5262,-0.1682,0.8335),
      ["LeftUpperLeg"] = CFrame.new(0.0000,0.0000,0.0000,0.9998,0.0093,0.0173,-0.0014,0.9126,-0.4089,-0.0196,0.4087,0.9124),
      ["LeftLowerLeg"] = CFrame.new(0.0000,0.0000,-0.0010,1.0000,-0.0000,0.0000,0.0000,0.5010,0.8654,-0.0000,-0.8654,0.5010),
      ["LeftFoot"] = CFrame.new(0.0000,0.0000,0.0000,0.9992,0.0318,-0.0243,-0.0285,0.9918,0.1249,0.0280,-0.1241,0.9919),
      ["RightUpperLeg"] = CFrame.new(0.0000,0.0000,0.0000,0.9989,-0.0436,-0.0191,0.0314,0.9054,-0.4233,0.0358,0.4222,0.9058),
      ["RightLowerLeg"] = CFrame.new(0.0000,0.0000,-0.0010,1.0000,-0.0000,0.0000,-0.0000,-0.5153,0.8570,0.0000,-0.8570,-0.5153),
      ["RightFoot"] = CFrame.new(0.0000,-0.0000,0.0000,0.9998,0.0202,0.0001,-0.0200,0.9930,0.1162,0.0023,-0.1161,0.9932),
    }},
    {Time = 0.467, Data = {
      ["HumanoidRootPart"] = CFrame.new(0.0000,0.0000,0.0000,1.0000,0.0000,0.0000,0.0000,1.0000,0.0000,0.0000,0.0000,1.0000),
      ["LowerTorso"] = CFrame.new(-0.0110,0.4109,-0.4692,1.0000,-0.0004,0.0060,-0.0010,0.9754,0.2205,-0.0059,-0.2205,0.9754),
      ["UpperTorso"] = CFrame.new(0.0000,0.0000,0.0000,0.9995,-0.0089,-0.0287,0.0048,0.9900,-0.1411,0.0296,0.1409,0.9896),
      ["LeftUpperArm"] = CFrame.new(0.0000,0.0000,0.0000,0.7900,0.5985,-0.1331,-0.5816,0.6628,-0.4717,-0.1941,0.4501,0.8716),
      ["LeftLowerArm"] = CFrame.new(0.0000,0.0000,-0.0010,0.9996,0.0235,-0.0170,-0.0235,0.3137,-0.9492,-0.0170,0.9492,0.3141),
      ["LeftHand"] = CFrame.new(0.0002,0.0007,-0.0009,0.7584,0.6207,0.1988,-0.5725,0.7802,-0.2521,-0.3115,0.0774,0.9471),
      ["Head"] = CFrame.new(0.0000,0.0000,0.0000,0.9997,-0.0001,-0.0255,-0.0001,1.0000,-0.0076,0.0255,0.0076,0.9996),
      ["RightUpperArm"] = CFrame.new(0.0000,0.0000,0.0000,0.6171,-0.6340,-0.4661,0.3740,0.7575,-0.5351,0.6923,0.1559,0.7046),
      ["RightLowerArm"] = CFrame.new(0.0000,0.0000,-0.0010,0.9999,-0.0109,0.0094,0.0109,0.1481,-0.9889,0.0094,0.9889,0.1482),
      ["RightHand"] = CFrame.new(-0.0002,0.0008,-0.0009,0.7883,-0.4753,0.3907,0.3422,0.8665,0.3634,-0.5113,-0.1528,0.8457),
      ["LeftUpperLeg"] = CFrame.new(0.0000,0.0000,0.0000,0.9996,0.0183,0.0226,-0.0123,0.9707,-0.2402,-0.0263,0.2398,0.9705),
      ["LeftLowerLeg"] = CFrame.new(0.0000,0.0000,-0.0010,1.0000,-0.0000,0.0000,0.0000,0.5106,0.8598,-0.0000,-0.8598,0.5106),
      ["LeftFoot"] = CFrame.new(0.0000,0.0000,0.0000,0.9991,0.0277,-0.0329,-0.0273,0.9995,0.0139,0.0332,-0.0130,0.9994),
      ["RightUpperLeg"] = CFrame.new(0.0000,0.0000,0.0000,0.9987,-0.0458,-0.0230,0.0252,0.8300,-0.5572,0.0446,0.5559,0.8301),
      ["RightLowerLeg"] = CFrame.new(0.0000,0.0000,-0.0010,1.0000,-0.0000,0.0000,-0.0000,-0.5981,0.8014,0.0000,-0.8014,-0.5981),
      ["RightFoot"] = CFrame.new(0.0000,-0.0000,0.0000,0.9999,0.0149,-0.0075,-0.0142,0.9962,0.0863,0.0088,-0.0862,0.9962),
    }},
    {Time = 0.500, Data = {
      ["HumanoidRootPart"] = CFrame.new(0.0000,0.0000,0.0000,1.0000,0.0000,0.0000,0.0000,1.0000,0.0000,0.0000,0.0000,1.0000),
      ["LowerTorso"] = CFrame.new(-0.0119,0.3964,-0.4683,1.0000,-0.0002,0.0034,-0.0006,0.9754,0.2205,-0.0034,-0.2205,0.9754),
      ["UpperTorso"] = CFrame.new(0.0000,0.0000,0.0000,0.9995,-0.0093,-0.0313,0.0047,0.9900,-0.1411,0.0323,0.1409,0.9895),
      ["LeftUpperArm"] = CFrame.new(0.0000,0.0000,0.0000,0.7914,0.5808,-0.1907,-0.5959,0.6636,-0.4523,-0.1361,0.4716,0.8713),
      ["LeftLowerArm"] = CFrame.new(0.0000,0.0000,-0.0010,0.9999,0.0131,-0.0096,-0.0131,0.3069,-0.9517,-0.0096,0.9517,0.3070),
      ["LeftHand"] = CFrame.new(0.0002,0.0007,-0.0009,0.7855,0.5881,0.1925,-0.5453,0.8049,-0.2340,-0.2926,0.0788,0.9530),
      ["Head"] = CFrame.new(0.0000,0.0000,0.0000,0.9996,-0.0001,-0.0280,-0.0001,1.0000,-0.0043,0.0280,0.0043,0.9996),
      ["RightUpperArm"] = CFrame.new(0.0000,0.0000,0.0000,0.6038,-0.6409,-0.4739,0.3912,0.7563,-0.5244,0.6945,0.1313,0.7074),
      ["RightLowerArm"] = CFrame.new(0.0000,0.0000,-0.0010,0.9998,-0.0137,0.0118,0.0137,0.1494,-0.9887,0.0118,0.9887,0.1496),
      ["RightHand"] = CFrame.new(-0.0002,0.0008,-0.0009,0.7789,-0.5086,0.3670,0.3867,0.8501,0.3575,-0.4938,-0.1366,0.8588),
      ["LeftUpperLeg"] = CFrame.new(0.0000,0.0000,0.0000,0.9992,0.0269,0.0309,-0.0251,0.9981,-0.0556,-0.0323,0.0548,0.9980),
      ["LeftLowerLeg"] = CFrame.new(0.0000,0.0000,-0.0010,1.0000,-0.0000,0.0000,0.0000,0.5827,0.8127,-0.0000,-0.8127,0.5827),
      ["LeftFoot"] = CFrame.new(0.0000,0.0000,0.0000,0.9988,0.0235,-0.0429,-0.0245,0.9994,-0.0233,0.0423,0.0244,0.9988),
      ["RightUpperLeg"] = CFrame.new(0.0000,0.0000,0.0000,0.9985,-0.0458,-0.0288,0.0130,0.7199,-0.6939,0.0525,0.6926,0.7195),
      ["RightLowerLeg"] = CFrame.new(0.0000,0.0000,-0.0010,1.0000,-0.0000,0.0000,-0.0000,-0.6343,0.7731,0.0000,-0.7731,-0.6343),
      ["RightFoot"] = CFrame.new(0.0000,-0.0001,0.0000,0.9998,0.0081,-0.0196,-0.0051,0.9889,0.1484,0.0206,-0.1483,0.9887),
    }},
    {Time = 0.533, Data = {
      ["HumanoidRootPart"] = CFrame.new(0.0000,0.0000,0.0000,1.0000,0.0000,0.0000,0.0000,1.0000,0.0000,0.0000,0.0000,1.0000),
      ["LowerTorso"] = CFrame.new(-0.0121,0.3915,-0.4693,1.0000,-0.0000,0.0007,-0.0001,0.9754,0.2205,-0.0007,-0.2205,0.9754),
      ["UpperTorso"] = CFrame.new(0.0000,0.0000,0.0000,0.9994,-0.0092,-0.0320,0.0045,0.9900,-0.1411,0.0330,0.1409,0.9895),
      ["LeftUpperArm"] = CFrame.new(0.0000,0.0000,0.0000,0.7898,0.5690,-0.2289,-0.6057,0.6648,-0.4372,-0.0966,0.4840,0.8697),
      ["LeftLowerArm"] = CFrame.new(0.0000,0.0000,-0.0010,1.0000,0.0026,-0.0019,-0.0026,0.3024,-0.9532,-0.0019,0.9532,0.3024),
      ["LeftHand"] = CFrame.new(0.0002,0.0007,-0.0009,0.8155,0.5488,0.1839,-0.5119,0.8322,-0.2131,-0.2700,0.0797,0.9596),
      ["Head"] = CFrame.new(0.0000,0.0000,0.0000,0.9995,-0.0001,-0.0302,0.0000,1.0000,-0.0009,0.0302,0.0009,0.9995),
      ["RightUpperArm"] = CFrame.new(0.0000,0.0000,0.0000,0.6044,-0.6424,-0.4711,0.4030,0.7567,-0.5148,0.6872,0.1214,0.7162),
      ["RightLowerArm"] = CFrame.new(0.0000,0.0000,-0.0010,0.9998,-0.0154,0.0133,0.0154,0.1507,-0.9885,0.0133,0.9885,0.1509),
      ["RightHand"] = CFrame.new(-0.0002,0.0008,-0.0009,0.7661,-0.5449,0.3409,0.4349,0.8300,0.3493,-0.4733,-0.1193,0.8728),
      ["LeftUpperLeg"] = CFrame.new(0.0000,0.0000,0.0000,0.9986,0.0338,0.0407,-0.0377,0.9946,0.0968,-0.0372,-0.0982,0.9945),
      ["LeftLowerLeg"] = CFrame.new(0.0000,0.0000,-0.0010,1.0000,-0.0000,0.0000,0.0000,0.6710,0.7414,-0.0000,-0.7414,0.6710),
      ["LeftFoot"] = CFrame.new(0.0000,0.0000,0.0000,0.9984,0.0200,-0.0531,-0.0194,0.9998,0.0107,0.0533,-0.0096,0.9985),
      ["RightUpperLeg"] = CFrame.new(0.0000,0.0000,0.0000,0.9983,-0.0449,-0.0383,-0.0049,0.5830,-0.8125,0.0588,0.8112,0.5817),
      ["RightLowerLeg"] = CFrame.new(0.0000,0.0000,-0.0010,1.0000,-0.0000,0.0000,-0.0000,-0.5951,0.8037,0.0000,-0.8037,-0.5951),
      ["RightFoot"] = CFrame.new(0.0000,-0.0000,0.0000,0.9993,0.0004,-0.0370,0.0121,0.9412,0.3376,0.0350,-0.3378,0.9406),
    }},
    {Time = 0.567, Data = {
      ["HumanoidRootPart"] = CFrame.new(0.0000,0.0000,0.0000,1.0000,0.0000,0.0000,0.0000,1.0000,0.0000,0.0000,0.0000,1.0000),
      ["LowerTorso"] = CFrame.new(-0.0118,0.3949,-0.4727,1.0000,0.0001,-0.0021,0.0003,0.9754,0.2205,0.0020,-0.2205,0.9754),
      ["UpperTorso"] = CFrame.new(0.0000,0.0000,0.0000,0.9995,-0.0087,-0.0311,0.0043,0.9900,-0.1411,0.0320,0.1409,0.9895),
      ["LeftUpperArm"] = CFrame.new(0.0000,0.0000,0.0000,0.7876,0.5629,-0.2505,-0.6118,0.6662,-0.4264,-0.0732,0.4891,0.8691),
      ["LeftLowerArm"] = CFrame.new(0.0000,0.0000,-0.0010,1.0000,-0.0077,0.0056,0.0077,0.3000,-0.9539,0.0056,0.9539,0.3000),
      ["LeftHand"] = CFrame.new(0.0002,0.0007,-0.0009,0.8460,0.5042,0.1732,-0.4734,0.8599,-0.1907,-0.2451,0.0793,0.9663),
      ["Head"] = CFrame.new(0.0000,0.0000,0.0000,0.9995,-0.0000,-0.0320,0.0001,1.0000,0.0026,0.0320,-0.0026,0.9995),
      ["RightUpperArm"] = CFrame.new(0.0000,0.0000,0.0000,0.6149,-0.6402,-0.4605,0.4097,0.7583,-0.5070,0.6738,0.1231,0.7286),
      ["RightLowerArm"] = CFrame.new(0.0000,0.0000,-0.0010,0.9998,-0.0164,0.0141,0.0165,0.1518,-0.9883,0.0141,0.9883,0.1520),
      ["RightHand"] = CFrame.new(-0.0002,0.0008,-0.0009,0.7509,-0.5804,0.3151,0.4820,0.8078,0.3395,-0.4516,-0.1030,0.8863),
      ["LeftUpperLeg"] = CFrame.new(0.0000,0.0000,0.0000,0.9980,0.0408,0.0483,-0.0494,0.9800,0.1926,-0.0395,-0.1946,0.9801),
      ["LeftLowerLeg"] = CFrame.new(0.0000,0.0000,-0.0010,1.0000,-0.0000,0.0000,0.0000,0.7204,0.6936,-0.0000,-0.6936,0.7204),
      ["LeftFoot"] = CFrame.new(0.0000,0.0000,0.0000,0.9979,0.0180,-0.0625,-0.0136,0.9974,0.0701,0.0636,-0.0691,0.9956),
      ["RightUpperLeg"] = CFrame.new(0.0000,0.0000,0.0000,0.9978,-0.0439,-0.0493,-0.0234,0.4616,-0.8868,0.0617,0.8860,0.4596),
      ["RightLowerLeg"] = CFrame.new(0.0000,0.0000,-0.0010,1.0000,-0.0000,0.0000,-0.0000,-0.4904,0.8715,0.0000,-0.8715,-0.4904),
      ["RightFoot"] = CFrame.new(0.0000,-0.0000,0.0000,0.9986,-0.0069,-0.0534,0.0348,0.8384,0.5440,0.0410,-0.5451,0.8374),
    }},
    {Time = 0.600, Data = {
      ["HumanoidRootPart"] = CFrame.new(0.0000,0.0000,0.0000,1.0000,0.0000,0.0000,0.0000,1.0000,0.0000,0.0000,0.0000,1.0000),
      ["LowerTorso"] = CFrame.new(-0.0111,0.4061,-0.4784,1.0000,0.0003,-0.0048,0.0008,0.9754,0.2205,0.0047,-0.2205,0.9754),
      ["UpperTorso"] = CFrame.new(0.0000,0.0000,0.0000,0.9996,-0.0080,-0.0284,0.0040,0.9900,-0.1411,0.0293,0.1410,0.9896),
      ["LeftUpperArm"] = CFrame.new(0.0000,0.0000,0.0000,0.7859,0.5627,-0.2563,-0.6148,0.6674,-0.4202,-0.0654,0.4879,0.8705),
      ["LeftLowerArm"] = CFrame.new(0.0000,0.0000,-0.0010,0.9998,-0.0176,0.0129,0.0176,0.3000,-0.9538,0.0129,0.9538,0.3002),
      ["LeftHand"] = CFrame.new(0.0002,0.0007,-0.0009,0.8760,0.4548,0.1604,-0.4300,0.8872,-0.1670,-0.2183,0.0773,0.9728),
      ["Head"] = CFrame.new(0.0000,0.0000,0.0000,0.9994,0.0000,-0.0333,0.0002,1.0000,0.0060,0.0333,-0.0060,0.9994),
      ["RightUpperArm"] = CFrame.new(0.0000,0.0000,0.0000,0.6342,-0.6343,-0.4422,0.4119,0.7611,-0.5010,0.6544,0.1356,0.7439),
      ["RightLowerArm"] = CFrame.new(0.0000,0.0000,-0.0010,0.9997,-0.0170,0.0146,0.0170,0.1527,-0.9881,0.0145,0.9881,0.1530),
      ["RightHand"] = CFrame.new(-0.0002,0.0008,-0.0009,0.7342,-0.6136,0.2907,0.5256,0.7846,0.3288,-0.4298,-0.0886,0.8985),
      ["LeftUpperLeg"] = CFrame.new(0.0000,0.0000,0.0000,0.9975,0.0485,0.0516,-0.0592,0.9707,0.2327,-0.0388,-0.2352,0.9712),
      ["LeftLowerLeg"] = CFrame.new(0.0000,0.0000,-0.0010,1.0000,-0.0000,0.0000,0.0000,0.7239,0.6899,-0.0000,-0.6899,0.7239),
      ["LeftFoot"] = CFrame.new(0.0000,0.0000,0.0000,0.9974,0.0176,-0.0701,-0.0077,0.9904,0.1383,0.0718,-0.1374,0.9879),
      ["RightUpperLeg"] = CFrame.new(0.0000,0.0000,0.0000,0.9974,-0.0412,-0.0595,-0.0397,0.3764,-0.9256,0.0605,0.9256,0.3737),
      ["RightLowerLeg"] = CFrame.new(0.0000,0.0000,-0.0010,1.0000,-0.0000,0.0000,-0.0000,-0.3272,0.9450,0.0000,-0.9450,-0.3272),
      ["RightFoot"] = CFrame.new(0.0000,-0.0000,0.0000,0.9978,-0.0140,-0.0651,0.0562,0.7007,0.7112,0.0357,-0.7133,0.6999),
    }},
    {Time = 0.633, Data = {
      ["HumanoidRootPart"] = CFrame.new(0.0000,0.0000,0.0000,1.0000,0.0000,0.0000,0.0000,1.0000,0.0000,0.0000,0.0000,1.0000),
      ["LowerTorso"] = CFrame.new(-0.0098,0.4235,-0.4855,1.0000,0.0004,-0.0073,0.0012,0.9754,0.2205,0.0073,-0.2205,0.9754),
      ["UpperTorso"] = CFrame.new(0.0000,0.0000,0.0000,0.9997,-0.0071,-0.0241,0.0036,0.9900,-0.1412,0.0249,0.1410,0.9897),
      ["LeftUpperArm"] = CFrame.new(0.0000,0.0000,0.0000,0.7850,0.5680,-0.2474,-0.6153,0.6680,-0.4185,-0.0724,0.4807,0.8739),
      ["LeftLowerArm"] = CFrame.new(0.0000,0.0000,-0.0010,0.9994,-0.0270,0.0198,0.0270,0.3025,-0.9528,0.0197,0.9528,0.3031),
      ["LeftHand"] = CFrame.new(0.0002,0.0007,-0.0009,0.9042,0.4015,0.1456,-0.3823,0.9129,-0.1428,-0.1903,0.0734,0.9790),
      ["Head"] = CFrame.new(0.0000,0.0000,0.0000,0.9994,0.0001,-0.0341,0.0002,1.0000,0.0092,0.0341,-0.0093,0.9994),
      ["RightUpperArm"] = CFrame.new(0.0000,0.0000,0.0000,0.6610,-0.6243,-0.4164,0.4097,0.7651,-0.4968,0.6287,0.1578,0.7615),
      ["RightLowerArm"] = CFrame.new(0.0000,0.0000,-0.0010,0.9997,-0.0172,0.0147,0.0172,0.1535,-0.9880,0.0147,0.9880,0.1538),
      ["RightHand"] = CFrame.new(-0.0002,0.0008,-0.0009,0.7170,-0.6433,0.2685,0.5645,0.7618,0.3179,-0.4090,-0.0763,0.9093),
      ["LeftUpperLeg"] = CFrame.new(0.0000,0.0000,0.0000,0.9972,0.0568,0.0493,-0.0665,0.9722,0.2244,-0.0352,-0.2270,0.9733),
      ["LeftLowerLeg"] = CFrame.new(0.0000,0.0000,-0.0010,1.0000,-0.0000,0.0000,0.0000,0.6768,0.7362,-0.0000,-0.7362,0.6768),
      ["LeftFoot"] = CFrame.new(0.0000,0.0000,0.0000,0.9970,0.0180,-0.0757,-0.0025,0.9797,0.2006,0.0778,-0.1998,0.9767),
      ["RightUpperLeg"] = CFrame.new(0.0000,0.0000,0.0000,0.9972,-0.0349,-0.0662,-0.0507,0.3352,-0.9408,0.0550,0.9415,0.3325),
      ["RightLowerLeg"] = CFrame.new(0.0000,0.0000,-0.0010,1.0000,-0.0000,0.0000,-0.0000,-0.1164,0.9932,0.0000,-0.9932,-0.1164),
      ["RightFoot"] = CFrame.new(0.0000,-0.0000,0.0000,0.9974,-0.0197,-0.0696,0.0686,0.5646,0.8225,0.0231,-0.8252,0.5644),
    }},
    {Time = 0.667, Data = {
      ["HumanoidRootPart"] = CFrame.new(0.0000,0.0000,0.0000,1.0000,0.0000,0.0000,0.0000,1.0000,0.0000,0.0000,0.0000,1.0000),
      ["LowerTorso"] = CFrame.new(-0.0082,0.4441,-0.4921,1.0000,0.0006,-0.0098,0.0016,0.9754,0.2205,0.0097,-0.2205,0.9753),
      ["UpperTorso"] = CFrame.new(0.0000,0.0000,0.0000,0.9998,-0.0060,-0.0184,0.0033,0.9900,-0.1412,0.0191,0.1411,0.9898),
      ["LeftUpperArm"] = CFrame.new(0.0000,0.0000,0.0000,0.7843,0.5783,-0.2246,-0.6133,0.6683,-0.4210,-0.0934,0.4680,0.8788),
      ["LeftLowerArm"] = CFrame.new(0.0000,0.0000,-0.0010,0.9990,-0.0358,0.0261,0.0358,0.3075,-0.9509,0.0260,0.9509,0.3085),
      ["LeftHand"] = CFrame.new(0.0002,0.0007,-0.0009,0.9293,0.3460,0.1291,-0.3319,0.9358,-0.1189,-0.1620,0.0677,0.9845),
      ["Head"] = CFrame.new(0.0000,0.0000,0.0000,0.9994,0.0001,-0.0343,0.0003,0.9999,0.0123,0.0343,-0.0123,0.9993),
      ["RightUpperArm"] = CFrame.new(0.0000,0.0000,0.0000,0.6939,-0.6096,-0.3832,0.4037,0.7701,-0.4940,0.5962,0.1881,0.7805),
      ["RightLowerArm"] = CFrame.new(0.0000,0.0000,-0.0010,0.9997,-0.0170,0.0146,0.0170,0.1542,-0.9879,0.0146,0.9879,0.1544),
      ["RightHand"] = CFrame.new(-0.0002,0.0008,-0.0009,0.6999,-0.6695,0.2487,0.5986,0.7399,0.3070,-0.3896,-0.0660,0.9186),
      ["LeftUpperLeg"] = CFrame.new(0.0000,0.0000,0.0000,0.9970,0.0655,0.0409,-0.0719,0.9812,0.1794,-0.0284,-0.1818,0.9829),
      ["LeftLowerLeg"] = CFrame.new(0.0000,0.0000,-0.0010,1.0000,-0.0000,0.0000,0.0000,0.5733,0.8194,-0.0000,-0.8194,0.5733),
      ["LeftFoot"] = CFrame.new(0.0000,0.0000,0.0000,0.9966,0.0185,-0.0797,0.0016,0.9697,0.2443,0.0818,-0.2436,0.9664),
      ["RightUpperLeg"] = CFrame.new(0.0000,0.0000,0.0000,0.9976,-0.0232,-0.0656,-0.0541,0.3342,-0.9409,0.0438,0.9422,0.3322),
      ["RightLowerLeg"] = CFrame.new(0.0000,0.0000,-0.0010,1.0000,-0.0000,0.0000,0.0000,0.1242,0.9923,-0.0000,-0.9923,0.1242),
      ["RightFoot"] = CFrame.new(0.0000,0.0000,0.0000,0.9977,-0.0218,-0.0648,0.0676,0.4521,0.8894,0.0099,-0.8917,0.4525),
    }},
    {Time = 0.700, Data = {
      ["HumanoidRootPart"] = CFrame.new(0.0000,0.0000,0.0000,1.0000,0.0000,0.0000,0.0000,1.0000,0.0000,0.0000,0.0000,1.0000),
      ["LowerTorso"] = CFrame.new(-0.0062,0.4632,-0.4959,0.9999,0.0007,-0.0119,0.0019,0.9754,0.2205,0.0117,-0.2205,0.9753),
      ["UpperTorso"] = CFrame.new(0.0000,0.0000,0.0000,0.9999,-0.0047,-0.0113,0.0031,0.9900,-0.1412,0.0118,0.1412,0.9899),
      ["LeftUpperArm"] = CFrame.new(0.0000,0.0000,0.0000,0.7830,0.5952,-0.1809,-0.6071,0.6679,-0.4305,-0.1354,0.4469,0.8843),
      ["LeftLowerArm"] = CFrame.new(0.0000,0.0000,-0.0010,0.9986,-0.0434,0.0313,0.0435,0.3153,-0.9480,0.0313,0.9480,0.3167),
      ["LeftHand"] = CFrame.new(0.0002,0.0007,-0.0009,0.9496,0.2928,0.1119,-0.2827,0.9542,-0.0975,-0.1353,0.0610,0.9889),
      ["Head"] = CFrame.new(0.0000,0.0000,0.0000,0.9994,0.0001,-0.0338,0.0004,0.9999,0.0149,0.0338,-0.0149,0.9993),
      ["RightUpperArm"] = CFrame.new(0.0000,0.0000,0.0000,0.7331,-0.5886,-0.3409,0.3929,0.7755,-0.4942,0.5552,0.2284,0.7997),
      ["RightLowerArm"] = CFrame.new(0.0000,0.0000,-0.0010,0.9998,-0.0165,0.0142,0.0166,0.1546,-0.9878,0.0141,0.9878,0.1549),
      ["RightHand"] = CFrame.new(-0.0002,0.0008,-0.0009,0.6847,-0.6907,0.2327,0.6262,0.7208,0.2972,-0.3729,-0.0578,0.9261),
      ["LeftUpperLeg"] = CFrame.new(0.0000,0.0000,0.0000,0.9970,0.0733,0.0255,-0.0755,0.9922,0.0992,-0.0180,-0.1008,0.9947),
      ["LeftLowerLeg"] = CFrame.new(0.0000,0.0000,-0.0010,1.0000,-0.0000,0.0000,0.0000,0.4072,0.9133,-0.0000,-0.9133,0.4072),
      ["LeftFoot"] = CFrame.new(0.0000,0.0000,0.0000,0.9963,0.0175,-0.0839,0.0055,0.9638,0.2666,0.0855,-0.2661,0.9601),
      ["RightUpperLeg"] = CFrame.new(0.0000,0.0000,0.0000,0.9984,-0.0085,-0.0560,-0.0488,0.3714,-0.9272,0.0286,0.9284,0.3704),
      ["RightLowerLeg"] = CFrame.new(0.0000,0.0000,-0.0010,1.0000,-0.0000,0.0000,0.0000,0.3764,0.9265,-0.0000,-0.9265,0.3764),
      ["RightFoot"] = CFrame.new(0.0000,0.0000,0.0000,0.9984,-0.0184,-0.0527,0.0558,0.3721,0.9265,0.0026,-0.9280,0.3726),
    }},
    {Time = 0.733, Data = {
      ["HumanoidRootPart"] = CFrame.new(0.0000,0.0000,0.0000,1.0000,0.0000,0.0000,0.0000,1.0000,0.0000,0.0000,0.0000,1.0000),
      ["LowerTorso"] = CFrame.new(-0.0040,0.4788,-0.4981,0.9999,0.0008,-0.0136,0.0022,0.9754,0.2205,0.0135,-0.2205,0.9753),
      ["UpperTorso"] = CFrame.new(0.0000,0.0000,0.0000,1.0000,-0.0033,-0.0034,0.0028,0.9900,-0.1412,0.0038,0.1412,0.9900),
      ["LeftUpperArm"] = CFrame.new(0.0000,0.0000,0.0000,0.7787,0.6158,-0.1203,-0.5967,0.6675,-0.4455,-0.1940,0.4187,0.8872),
      ["LeftLowerArm"] = CFrame.new(0.0000,0.0000,-0.0010,0.9981,-0.0499,0.0356,0.0500,0.3246,-0.9445,0.0356,0.9445,0.3265),
      ["LeftHand"] = CFrame.new(0.0002,0.0007,-0.0009,0.9649,0.2446,0.0956,-0.2376,0.9681,-0.0791,-0.1119,0.0536,0.9923),
      ["Head"] = CFrame.new(0.0000,0.0000,0.0000,0.9995,0.0001,-0.0330,0.0004,0.9999,0.0172,0.0330,-0.0172,0.9993),
      ["RightUpperArm"] = CFrame.new(0.0000,0.0000,0.0000,0.7743,-0.5615,-0.2919,0.3787,0.7807,-0.4971,0.5070,0.2743,0.8171),
      ["RightLowerArm"] = CFrame.new(0.0000,0.0000,-0.0010,0.9998,-0.0159,0.0136,0.0159,0.1550,-0.9878,0.0136,0.9878,0.1552),
      ["RightHand"] = CFrame.new(-0.0002,0.0008,-0.0009,0.6714,-0.7078,0.2195,0.6483,0.7045,0.2886,-0.3590,-0.0515,0.9319),
      ["LeftUpperLeg"] = CFrame.new(0.0000,0.0000,0.0000,0.9969,0.0788,0.0055,-0.0789,0.9969,0.0047,-0.0051,-0.0052,1.0000),
      ["LeftLowerLeg"] = CFrame.new(0.0000,0.0000,-0.0010,1.0000,-0.0000,0.0000,0.0000,0.2122,0.9772,-0.0000,-0.9772,0.2122),
      ["LeftFoot"] = CFrame.new(0.0000,0.0000,0.0000,0.9959,0.0145,-0.0898,0.0110,0.9608,0.2772,0.0903,-0.2770,0.9566),
      ["RightUpperLeg"] = CFrame.new(0.0000,0.0000,0.0000,0.9990,0.0046,-0.0435,-0.0413,0.4277,-0.9030,0.0145,0.9039,0.4274),
      ["RightLowerLeg"] = CFrame.new(0.0000,0.0000,-0.0010,1.0000,-0.0000,0.0000,0.0000,0.6078,0.7941,-0.0000,-0.7941,0.6078),
      ["RightFoot"] = CFrame.new(0.0000,0.0001,0.0000,0.9991,-0.0129,-0.0409,0.0429,0.3027,0.9521,0.0000,-0.9530,0.3029),
    }},
    {Time = 0.767, Data = {
      ["HumanoidRootPart"] = CFrame.new(0.0000,0.0000,0.0000,1.0000,0.0000,0.0000,0.0000,1.0000,0.0000,0.0000,0.0000,1.0000),
      ["LowerTorso"] = CFrame.new(-0.0018,0.4902,-0.4990,0.9999,0.0009,-0.0150,0.0024,0.9754,0.2205,0.0148,-0.2205,0.9753),
      ["UpperTorso"] = CFrame.new(0.0000,0.0000,0.0000,1.0000,-0.0019,0.0051,0.0025,0.9900,-0.1412,-0.0048,0.1412,0.9900),
      ["LeftUpperArm"] = CFrame.new(0.0000,0.0000,0.0000,0.7684,0.6384,-0.0439,-0.5812,0.6676,-0.4652,-0.2677,0.3830,0.8841),
      ["LeftLowerArm"] = CFrame.new(0.0000,0.0000,-0.0010,0.9977,-0.0551,0.0389,0.0552,0.3354,-0.9405,0.0388,0.9405,0.3376),
      ["LeftHand"] = CFrame.new(0.0002,0.0007,-0.0009,0.9756,0.2038,0.0812,-0.1989,0.9779,-0.0641,-0.0925,0.0464,0.9946),
      ["Head"] = CFrame.new(0.0000,0.0000,0.0000,0.9995,0.0001,-0.0317,0.0005,0.9998,0.0189,0.0317,-0.0189,0.9993),
      ["RightUpperArm"] = CFrame.new(0.0000,0.0000,0.0000,0.8156,-0.5277,-0.2372,0.3617,0.7850,-0.5029,0.4516,0.3244,0.8311),
      ["RightLowerArm"] = CFrame.new(0.0000,0.0000,-0.0010,0.9998,-0.0150,0.0129,0.0150,0.1553,-0.9878,0.0128,0.9878,0.1555),
      ["RightHand"] = CFrame.new(-0.0002,0.0008,-0.0009,0.6609,-0.7206,0.2096,0.6649,0.6917,0.2819,-0.3481,-0.0469,0.9363),
      ["LeftUpperLeg"] = CFrame.new(0.0000,0.0000,0.0000,0.9965,0.0815,-0.0183,-0.0829,0.9917,-0.0981,0.0101,0.0993,0.9950),
      ["LeftLowerLeg"] = CFrame.new(0.0000,0.0000,-0.0010,1.0000,-0.0000,0.0000,0.0000,0.0071,1.0000,-0.0000,-1.0000,0.0071),
      ["LeftFoot"] = CFrame.new(0.0000,0.0000,0.0000,0.9951,0.0088,-0.0980,0.0185,0.9613,0.2750,0.0966,-0.2754,0.9564),
      ["RightUpperLeg"] = CFrame.new(0.0000,0.0000,0.0000,0.9994,0.0147,-0.0304,-0.0337,0.4961,-0.8676,0.0024,0.8681,0.4963),
      ["RightLowerLeg"] = CFrame.new(0.0000,0.0000,-0.0010,1.0000,-0.0000,0.0000,0.0000,0.7933,0.6088,-0.0000,-0.6088,0.7933),
      ["RightFoot"] = CFrame.new(0.0000,0.0001,0.0000,0.9995,-0.0068,-0.0311,0.0318,0.2369,0.9710,0.0008,-0.9715,0.2370),
    }},
    {Time = 0.800, Data = {
      ["HumanoidRootPart"] = CFrame.new(0.0000,0.0000,0.0000,1.0000,0.0000,0.0000,0.0000,1.0000,0.0000,0.0000,0.0000,1.0000),
      ["LowerTorso"] = CFrame.new(0.0004,0.4972,-0.4990,0.9999,0.0009,-0.0159,0.0026,0.9754,0.2205,0.0157,-0.2205,0.9753),
      ["UpperTorso"] = CFrame.new(0.0000,0.0000,0.0000,0.9999,-0.0004,0.0138,0.0023,0.9900,-0.1412,-0.0136,0.1412,0.9899),
      ["LeftUpperArm"] = CFrame.new(0.0000,0.0000,0.0000,0.7491,0.6608,0.0467,-0.5599,0.6693,-0.4884,-0.3540,0.3397,0.8714),
      ["LeftLowerArm"] = CFrame.new(0.0000,0.0000,-0.0010,0.9974,-0.0588,0.0409,0.0589,0.3472,-0.9360,0.0408,0.9360,0.3497),
      ["LeftHand"] = CFrame.new(0.0002,0.0007,-0.0009,0.9826,0.1720,0.0697,-0.1686,0.9843,-0.0530,-0.0778,0.0403,0.9962),
      ["Head"] = CFrame.new(0.0000,0.0000,0.0000,0.9996,0.0001,-0.0299,0.0005,0.9998,0.0200,0.0299,-0.0200,0.9994),
      ["RightUpperArm"] = CFrame.new(0.0000,0.0000,0.0000,0.8552,-0.4869,-0.1775,0.3423,0.7879,-0.5119,0.3891,0.3771,0.8405),
      ["RightLowerArm"] = CFrame.new(0.0000,0.0000,-0.0010,0.9998,-0.0141,0.0121,0.0141,0.1554,-0.9877,0.0121,0.9877,0.1556),
      ["RightHand"] = CFrame.new(-0.0002,0.0008,-0.0009,0.6537,-0.7290,0.2031,0.6756,0.6831,0.2773,-0.3409,-0.0440,0.9391),
      ["LeftUpperLeg"] = CFrame.new(0.0000,0.0000,0.0000,0.9957,0.0808,-0.0451,-0.0884,0.9749,-0.2042,0.0274,0.2074,0.9779),
      ["LeftLowerLeg"] = CFrame.new(0.0000,0.0000,-0.0010,1.0000,-0.0000,0.0000,-0.0000,-0.1887,0.9820,0.0000,-0.9820,-0.1887),
      ["LeftFoot"] = CFrame.new(0.0000,0.0000,0.0000,0.9941,-0.0001,-0.1086,0.0283,0.9658,0.2578,0.1048,-0.2593,0.9601),
      ["RightUpperLeg"] = CFrame.new(0.0000,0.0000,0.0000,0.9996,0.0212,-0.0185,-0.0272,0.5685,-0.8222,-0.0069,0.8224,0.5688),
      ["RightLowerLeg"] = CFrame.new(0.0000,0.0000,-0.0010,1.0000,-0.0000,0.0000,0.0000,0.9144,0.4049,-0.0000,-0.4049,0.9144),
      ["RightFoot"] = CFrame.new(0.0000,0.0001,0.0000,0.9997,-0.0009,-0.0243,0.0241,0.1777,0.9838,0.0035,-0.9841,0.1776),
    }},
    {Time = 0.833, Data = {
      ["HumanoidRootPart"] = CFrame.new(0.0000,0.0000,0.0000,1.0000,0.0000,0.0000,0.0000,1.0000,0.0000,0.0000,0.0000,1.0000),
      ["LowerTorso"] = CFrame.new(0.0025,0.4997,-0.4981,0.9999,0.0010,-0.0163,0.0027,0.9754,0.2205,0.0161,-0.2205,0.9753),
      ["UpperTorso"] = CFrame.new(0.0000,0.0000,0.0000,0.9997,0.0011,0.0226,0.0021,0.9900,-0.1412,-0.0225,0.1412,0.9897),
      ["LeftUpperArm"] = CFrame.new(0.0000,0.0000,0.0000,0.7180,0.6801,0.1481,-0.5322,0.6735,-0.5130,-0.4487,0.2896,0.8455),
      ["LeftLowerArm"] = CFrame.new(0.0000,0.0000,-0.0010,0.9973,-0.0607,0.0416,0.0608,0.3598,-0.9311,0.0415,0.9311,0.3625),
      ["LeftHand"] = CFrame.new(0.0002,0.0007,-0.0009,0.9866,0.1510,0.0619,-0.1483,0.9879,-0.0458,-0.0680,0.0360,0.9970),
      ["Head"] = CFrame.new(0.0000,0.0000,0.0000,0.9996,0.0001,-0.0277,0.0005,0.9998,0.0205,0.0277,-0.0205,0.9994),
      ["RightUpperArm"] = CFrame.new(0.0000,0.0000,0.0000,0.8911,-0.4392,-0.1142,0.3215,0.7885,-0.5243,0.3204,0.4305,0.8438),
      ["RightLowerArm"] = CFrame.new(0.0000,0.0000,-0.0010,0.9999,-0.0131,0.0112,0.0132,0.1555,-0.9878,0.0112,0.9878,0.1556),
      ["RightHand"] = CFrame.new(-0.0002,0.0008,-0.0009,0.6506,-0.7325,0.2003,0.6802,0.6794,0.2753,-0.3377,-0.0428,0.9403),
      ["LeftUpperLeg"] = CFrame.new(0.0000,0.0000,0.0000,0.9943,0.0767,-0.0737,-0.0959,0.9461,-0.3094,0.0460,0.3147,0.9481),
      ["LeftLowerLeg"] = CFrame.new(0.0000,0.0000,-0.0010,1.0000,-0.0000,0.0000,-0.0000,-0.3599,0.9330,0.0000,-0.9330,-0.3599),
      ["LeftFoot"] = CFrame.new(0.0000,0.0000,0.0000,0.9925,-0.0129,-0.1212,0.0398,0.9742,0.2221,0.1152,-0.2253,0.9675),
      ["RightUpperLeg"] = CFrame.new(0.0000,0.0000,0.0000,0.9997,0.0240,-0.0086,-0.0219,0.6361,-0.7713,-0.0131,0.7712,0.6364),
      ["RightLowerLeg"] = CFrame.new(0.0000,0.0000,-0.0010,1.0000,-0.0000,0.0000,0.0000,0.9725,0.2331,-0.0000,-0.2331,0.9725),
      ["RightFoot"] = CFrame.new(0.0000,0.0001,0.0000,0.9998,0.0044,-0.0204,0.0196,0.1380,0.9902,0.0072,-0.9904,0.1379),
    }},
    {Time = 0.867, Data = {
      ["HumanoidRootPart"] = CFrame.new(0.0000,0.0000,0.0000,1.0000,0.0000,0.0000,0.0000,1.0000,0.0000,0.0000,0.0000,1.0000),
      ["LowerTorso"] = CFrame.new(0.0045,0.4959,-0.4952,0.9999,0.0009,-0.0159,0.0026,0.9754,0.2205,0.0157,-0.2205,0.9753),
      ["UpperTorso"] = CFrame.new(0.0000,0.0000,0.0000,0.9995,0.0025,0.0312,0.0020,0.9900,-0.1412,-0.0312,0.1412,0.9895),
      ["LeftUpperArm"] = CFrame.new(0.0000,0.0000,0.0000,0.6717,0.6954,0.2553,-0.4984,0.6792,-0.5388,-0.5481,0.2347,0.8028),
      ["LeftLowerArm"] = CFrame.new(0.0000,0.0000,-0.0010,0.9974,-0.0601,0.0406,0.0601,0.3729,-0.9259,0.0405,0.9259,0.3755),
      ["LeftHand"] = CFrame.new(0.0002,0.0007,-0.0009,0.9876,0.1454,0.0598,-0.1429,0.9888,-0.0439,-0.0655,0.0348,0.9972),
      ["Head"] = CFrame.new(0.0000,0.0000,0.0000,0.9997,0.0001,-0.0250,0.0004,0.9998,0.0200,0.0250,-0.0200,0.9995),
      ["RightUpperArm"] = CFrame.new(0.0000,0.0000,0.0000,0.9215,-0.3852,-0.0500,0.2989,0.7853,-0.5422,0.2481,0.4847,0.8388),
      ["RightLowerArm"] = CFrame.new(0.0000,0.0000,-0.0010,0.9999,-0.0120,0.0103,0.0120,0.1554,-0.9878,0.0103,0.9878,0.1555),
      ["RightHand"] = CFrame.new(-0.0002,0.0008,-0.0009,0.6523,-0.7306,0.2019,0.6777,0.6815,0.2764,-0.3395,-0.0435,0.9396),
      ["LeftUpperLeg"] = CFrame.new(0.0000,0.0000,0.0000,0.9923,0.0701,-0.1020,-0.1063,0.9050,-0.4119,0.0634,0.4196,0.9055),
      ["LeftLowerLeg"] = CFrame.new(0.0000,0.0000,-0.0010,1.0000,-0.0000,0.0000,-0.0000,-0.4936,0.8697,0.0000,-0.8697,-0.4936),
      ["LeftFoot"] = CFrame.new(0.0000,0.0000,0.0000,0.9905,-0.0319,-0.1338,0.0519,0.9874,0.1493,0.1274,-0.1548,0.9797),
      ["RightUpperLeg"] = CFrame.new(0.0000,0.0000,0.0000,0.9997,0.0231,-0.0034,-0.0180,0.6707,-0.7415,-0.0149,0.7414,0.6709),
      ["RightLowerLeg"] = CFrame.new(0.0000,0.0000,-0.0010,1.0000,-0.0000,0.0000,0.0000,0.9625,0.2713,-0.0000,-0.2713,0.9625),
      ["RightFoot"] = CFrame.new(0.0000,0.0000,0.0000,0.9998,0.0081,-0.0183,0.0159,0.2361,0.9716,0.0122,-0.9717,0.2359),
    }},
    {Time = 0.900, Data = {
      ["HumanoidRootPart"] = CFrame.new(0.0000,0.0000,0.0000,1.0000,0.0000,0.0000,0.0000,1.0000,0.0000,0.0000,0.0000,1.0000),
      ["LowerTorso"] = CFrame.new(0.0065,0.4869,-0.4910,0.9999,0.0009,-0.0151,0.0025,0.9754,0.2205,0.0149,-0.2205,0.9753),
      ["UpperTorso"] = CFrame.new(0.0000,0.0000,0.0000,0.9992,0.0037,0.0393,0.0019,0.9900,-0.1411,-0.0395,0.1411,0.9892),
      ["LeftUpperArm"] = CFrame.new(0.0000,0.0000,0.0000,0.6130,0.7039,0.3588,-0.4609,0.6875,-0.5612,-0.6417,0.1787,0.7458),
      ["LeftLowerArm"] = CFrame.new(0.0000,0.0000,-0.0010,0.9976,-0.0576,0.0383,0.0577,0.3858,-0.9208,0.0382,0.9208,0.3882),
      ["LeftHand"] = CFrame.new(0.0002,0.0007,-0.0009,0.9870,0.1486,0.0610,-0.1460,0.9883,-0.0450,-0.0669,0.0355,0.9971),
      ["Head"] = CFrame.new(0.0000,0.0000,0.0000,0.9998,0.0001,-0.0220,0.0003,0.9998,0.0190,0.0220,-0.0190,0.9996),
      ["RightUpperArm"] = CFrame.new(0.0000,0.0000,0.0000,0.9448,-0.3274,0.0119,0.2769,0.7786,-0.5631,0.1751,0.5353,0.8263),
      ["RightLowerArm"] = CFrame.new(0.0000,0.0000,-0.0010,0.9999,-0.0107,0.0092,0.0107,0.1551,-0.9878,0.0092,0.9878,0.1552),
      ["RightHand"] = CFrame.new(-0.0002,0.0008,-0.0009,0.6566,-0.7257,0.2056,0.6714,0.6865,0.2791,-0.3437,-0.0452,0.9380),
      ["LeftUpperLeg"] = CFrame.new(0.0000,0.0000,0.0000,0.9898,0.0654,-0.1264,-0.1217,0.8494,-0.5135,0.0738,0.5237,0.8487),
      ["LeftLowerLeg"] = CFrame.new(0.0000,0.0000,-0.0010,1.0000,-0.0000,0.0000,-0.0000,-0.5985,0.8011,0.0000,-0.8011,-0.5985),
      ["LeftFoot"] = CFrame.new(0.0000,0.0000,0.0000,0.9882,-0.0508,-0.1443,0.0597,0.9965,0.0584,0.1409,-0.0664,0.9878),
      ["RightUpperLeg"] = CFrame.new(0.0000,0.0000,0.0000,0.9998,0.0218,-0.0018,-0.0162,0.6805,-0.7326,-0.0147,0.7324,0.6807),
      ["RightLowerLeg"] = CFrame.new(0.0000,0.0000,-0.0010,1.0000,-0.0000,0.0000,0.0000,0.8897,0.4566,-0.0000,-0.4566,0.8897),
      ["RightFoot"] = CFrame.new(0.0000,0.0000,0.0000,0.9998,0.0101,-0.0177,0.0116,0.4326,0.9015,0.0167,-0.9015,0.4324),
    }},
    {Time = 0.933, Data = {
      ["HumanoidRootPart"] = CFrame.new(0.0000,0.0000,0.0000,1.0000,0.0000,0.0000,0.0000,1.0000,0.0000,0.0000,0.0000,1.0000),
      ["LowerTorso"] = CFrame.new(0.0085,0.4729,-0.4861,0.9999,0.0008,-0.0138,0.0023,0.9754,0.2205,0.0136,-0.2205,0.9753),
      ["UpperTorso"] = CFrame.new(0.0000,0.0000,0.0000,0.9989,0.0049,0.0468,0.0018,0.9900,-0.1411,-0.0471,0.1410,0.9889),
      ["LeftUpperArm"] = CFrame.new(0.0000,0.0000,0.0000,0.5456,0.7050,0.4531,-0.4219,0.6982,-0.5784,-0.7241,0.1244,0.6784),
      ["LeftLowerArm"] = CFrame.new(0.0000,0.0000,-0.0010,0.9980,-0.0534,0.0351,0.0535,0.3983,-0.9157,0.0350,0.9157,0.4003),
      ["LeftHand"] = CFrame.new(0.0002,0.0007,-0.0009,0.9852,0.1590,0.0649,-0.1560,0.9866,-0.0485,-0.0717,0.0376,0.9967),
      ["Head"] = CFrame.new(0.0000,0.0000,0.0000,0.9998,0.0001,-0.0189,0.0003,0.9998,0.0174,0.0188,-0.0174,0.9997),
      ["RightUpperArm"] = CFrame.new(0.0000,0.0000,0.0000,0.9608,-0.2684,0.0692,0.2569,0.7688,-0.5857,0.1040,0.5805,0.8076),
      ["RightLowerArm"] = CFrame.new(0.0000,0.0000,-0.0010,0.9999,-0.0093,0.0080,0.0093,0.1546,-0.9879,0.0079,0.9879,0.1547),
      ["RightHand"] = CFrame.new(-0.0002,0.0008,-0.0009,0.6632,-0.7179,0.2117,0.6614,0.6945,0.2833,-0.3504,-0.0479,0.9354),
      ["LeftUpperLeg"] = CFrame.new(0.0000,0.0000,0.0000,0.9876,0.0633,-0.1436,-0.1392,0.7763,-0.6149,0.0725,0.6272,0.7755),
      ["LeftLowerLeg"] = CFrame.new(0.0000,0.0000,-0.0010,1.0000,-0.0000,0.0000,-0.0000,-0.6751,0.7378,0.0000,-0.7378,-0.6751),
      ["LeftFoot"] = CFrame.new(0.0000,0.0000,0.0000,0.9864,-0.0651,-0.1508,0.0609,0.9976,-0.0326,0.1526,0.0230,0.9880),
      ["RightUpperLeg"] = CFrame.new(0.0000,0.0000,0.0000,0.9998,0.0203,-0.0020,-0.0157,0.7000,-0.7139,-0.0131,0.7138,0.7002),
      ["RightLowerLeg"] = CFrame.new(0.0000,0.0000,-0.0010,1.0000,-0.0000,0.0000,0.0000,0.7533,0.6576,-0.0000,-0.6576,0.7533),
      ["RightFoot"] = CFrame.new(0.0000,0.0000,0.0000,0.9998,0.0110,-0.0180,0.0067,0.6440,0.7650,0.0200,-0.7649,0.6438),
    }},
    {Time = 0.967, Data = {
      ["HumanoidRootPart"] = CFrame.new(0.0000,0.0000,0.0000,1.0000,0.0000,0.0000,0.0000,1.0000,0.0000,0.0000,0.0000,1.0000),
      ["LowerTorso"] = CFrame.new(0.0103,0.4548,-0.4810,0.9999,0.0007,-0.0121,0.0020,0.9754,0.2205,0.0120,-0.2205,0.9753),
      ["UpperTorso"] = CFrame.new(0.0000,0.0000,0.0000,0.9985,0.0059,0.0535,0.0017,0.9900,-0.1410,-0.0538,0.1409,0.9886),
      ["LeftUpperArm"] = CFrame.new(0.0000,0.0000,0.0000,0.4746,0.6995,0.5343,-0.3838,0.7107,-0.5896,-0.7922,0.0748,0.6057),
      ["LeftLowerArm"] = CFrame.new(0.0000,0.0000,-0.0010,0.9984,-0.0476,0.0308,0.0477,0.4100,-0.9109,0.0307,0.9109,0.4116),
      ["LeftHand"] = CFrame.new(0.0002,0.0007,-0.0009,0.9817,0.1765,0.0714,-0.1728,0.9834,-0.0545,-0.0798,0.0412,0.9960),
      ["Head"] = CFrame.new(0.0000,0.0000,0.0000,0.9999,0.0001,-0.0157,0.0002,0.9999,0.0152,0.0157,-0.0152,0.9998),
      ["RightUpperArm"] = CFrame.new(0.0000,0.0000,0.0000,0.9701,-0.2108,0.1202,0.2397,0.7565,-0.6085,0.0374,0.6191,0.7844),
      ["RightLowerArm"] = CFrame.new(0.0000,0.0000,-0.0010,0.9999,-0.0077,0.0066,0.0077,0.1540,-0.9880,0.0066,0.9880,0.1540),
      ["RightHand"] = CFrame.new(-0.0002,0.0008,-0.0009,0.6720,-0.7071,0.2201,0.6474,0.7052,0.2890,-0.3596,-0.0518,0.9317),
      ["LeftUpperLeg"] = CFrame.new(0.0000,0.0000,0.0000,0.9865,0.0634,-0.1509,-0.1532,0.6825,-0.7146,0.0577,0.7281,0.6830),
      ["LeftLowerLeg"] = CFrame.new(0.0000,0.0000,-0.0010,1.0000,-0.0000,0.0000,-0.0000,-0.7244,0.6894,0.0000,-0.6894,-0.7244),
      ["LeftFoot"] = CFrame.new(0.0000,0.0000,0.0000,0.9858,-0.0715,-0.1516,0.0558,0.9928,-0.1059,0.1581,0.0960,0.9827),
      ["RightUpperLeg"] = CFrame.new(0.0000,0.0000,0.0000,0.9998,0.0188,-0.0027,-0.0158,0.7473,-0.6643,-0.0105,0.6642,0.7475),
      ["RightLowerLeg"] = CFrame.new(0.0000,0.0000,-0.0010,1.0000,-0.0000,0.0000,0.0000,0.5949,0.8038,-0.0000,-0.8038,0.5949),
      ["RightFoot"] = CFrame.new(0.0000,0.0000,0.0000,0.9998,0.0115,-0.0190,0.0016,0.8162,0.5778,0.0222,-0.5777,0.8160),
    }},
    {Time = 1.000, Data = {
      ["HumanoidRootPart"] = CFrame.new(0.0000,0.0000,0.0000,1.0000,0.0000,0.0000,0.0000,1.0000,0.0000,0.0000,0.0000,1.0000),
      ["LowerTorso"] = CFrame.new(0.0120,0.4336,-0.4762,0.9999,0.0006,-0.0101,0.0016,0.9754,0.2205,0.0100,-0.2205,0.9753),
      ["UpperTorso"] = CFrame.new(0.0000,0.0000,0.0000,0.9982,0.0067,0.0592,0.0017,0.9900,-0.1410,-0.0595,0.1409,0.9882),
      ["LeftUpperArm"] = CFrame.new(0.0000,0.0000,0.0000,0.4053,0.6897,0.6001,-0.3490,0.7234,-0.5957,-0.8449,0.0320,0.5339),
      ["LeftLowerArm"] = CFrame.new(0.0000,0.0000,-0.0010,0.9989,-0.0402,0.0257,0.0403,0.4205,-0.9064,0.0257,0.9064,0.4216),
      ["LeftHand"] = CFrame.new(0.0002,0.0007,-0.0009,0.9760,0.2020,0.0807,-0.1973,0.9783,-0.0634,-0.0918,0.0460,0.9947),
      ["Head"] = CFrame.new(0.0000,0.0000,0.0000,0.9999,0.0001,-0.0126,0.0001,0.9999,0.0127,0.0126,-0.0127,0.9998),
      ["RightUpperArm"] = CFrame.new(0.0000,0.0000,0.0000,0.9740,-0.1572,0.1634,0.2256,0.7429,-0.6302,-0.0223,0.6507,0.7590),
      ["RightLowerArm"] = CFrame.new(0.0000,0.0000,-0.0010,1.0000,-0.0061,0.0052,0.0061,0.1532,-0.9882,0.0052,0.9882,0.1532),
      ["RightHand"] = CFrame.new(-0.0002,0.0008,-0.0009,0.6830,-0.6930,0.2309,0.6291,0.7187,0.2961,-0.3711,-0.0570,0.9268),
      ["LeftUpperLeg"] = CFrame.new(0.0000,0.0000,0.0000,0.9871,0.0641,-0.1465,-0.1569,0.5660,-0.8094,0.0310,0.8219,0.5688),
      ["LeftLowerLeg"] = CFrame.new(0.0000,0.0000,-0.0010,1.0000,-0.0000,0.0000,-0.0000,-0.7469,0.6649,0.0000,-0.6649,-0.7469),
      ["LeftFoot"] = CFrame.new(0.0000,0.0000,0.0000,0.9870,-0.0676,-0.1457,0.0464,0.9885,-0.1440,0.1537,0.1354,0.9788),
      ["RightUpperLeg"] = CFrame.new(0.0000,0.0000,0.0000,0.9998,0.0172,-0.0036,-0.0162,0.8213,-0.5703,-0.0069,0.5702,0.8215),
      ["RightLowerLeg"] = CFrame.new(0.0000,0.0000,-0.0010,1.0000,-0.0000,0.0000,0.0000,0.4586,0.8886,-0.0000,-0.8886,0.4586),
      ["RightFoot"] = CFrame.new(0.0000,0.0000,0.0000,0.9997,0.0118,-0.0204,-0.0035,0.9309,0.3652,0.0233,-0.3650,0.9307),
    }},
    {Time = 1.033, Data = {
      ["HumanoidRootPart"] = CFrame.new(0.0000,0.0000,0.0000,1.0000,0.0000,0.0000,0.0000,1.0000,0.0000,0.0000,0.0000,1.0000),
      ["LowerTorso"] = CFrame.new(0.0134,0.4128,-0.4726,1.0000,0.0004,-0.0077,0.0012,0.9754,0.2205,0.0076,-0.2205,0.9754),
      ["UpperTorso"] = CFrame.new(0.0000,0.0000,0.0000,0.9980,0.0073,0.0629,0.0016,0.9900,-0.1410,-0.0633,0.1408,0.9880),
      ["LeftUpperArm"] = CFrame.new(0.0000,0.0000,0.0000,0.3470,0.6802,0.6456,-0.3218,0.7330,-0.5993,-0.8809,0.0002,0.4732),
      ["LeftLowerArm"] = CFrame.new(0.0000,0.0000,-0.0010,0.9993,-0.0310,0.0196,0.0310,0.4289,-0.9028,0.0196,0.9028,0.4296),
      ["LeftHand"] = CFrame.new(0.0002,0.0007,-0.0009,0.9663,0.2395,0.0939,-0.2328,0.9695,-0.0771,-0.1095,0.0527,0.9926),
      ["Head"] = CFrame.new(0.0000,0.0000,0.0000,1.0000,0.0000,-0.0098,0.0001,1.0000,0.0096,0.0098,-0.0096,0.9999),
      ["RightUpperArm"] = CFrame.new(0.0000,0.0000,0.0000,0.9742,-0.1138,0.1950,0.2151,0.7302,-0.6485,-0.0686,0.6737,0.7358),
      ["RightLowerArm"] = CFrame.new(0.0000,0.0000,-0.0010,1.0000,-0.0044,0.0038,0.0044,0.1522,-0.9883,0.0038,0.9883,0.1522),
      ["RightHand"] = CFrame.new(-0.0002,0.0008,-0.0009,0.6967,-0.6742,0.2452,0.6047,0.7358,0.3049,-0.3860,-0.0641,0.9203),
      ["LeftUpperLeg"] = CFrame.new(0.0000,0.0000,0.0000,0.9900,0.0629,-0.1261,-0.1409,0.4332,-0.8902,-0.0013,0.8991,0.4378),
      ["LeftLowerLeg"] = CFrame.new(0.0000,0.0000,-0.0010,1.0000,-0.0000,0.0000,-0.0000,-0.7309,0.6825,0.0000,-0.6825,-0.7309),
      ["LeftFoot"] = CFrame.new(0.0000,0.0000,0.0000,0.9902,-0.0499,-0.1303,0.0346,0.9925,-0.1171,0.1352,0.1114,0.9845),
      ["RightUpperLeg"] = CFrame.new(0.0000,0.0000,0.0000,0.9999,0.0157,-0.0049,-0.0163,0.9090,-0.4164,-0.0021,0.4164,0.9092),
      ["RightLowerLeg"] = CFrame.new(0.0000,0.0000,-0.0010,1.0000,-0.0000,0.0000,0.0000,0.4139,0.9103,-0.0000,-0.9103,0.4139),
      ["RightFoot"] = CFrame.new(0.0000,0.0000,0.0000,0.9997,0.0120,-0.0213,-0.0077,0.9815,0.1914,0.0232,-0.1912,0.9813),
    }},
    {Time = 1.067, Data = {
      ["HumanoidRootPart"] = CFrame.new(0.0000,0.0000,0.0000,1.0000,0.0000,0.0000,0.0000,1.0000,0.0000,0.0000,0.0000,1.0000),
      ["LowerTorso"] = CFrame.new(0.0144,0.3961,-0.4702,1.0000,0.0003,-0.0050,0.0008,0.9754,0.2205,0.0050,-0.2205,0.9754),
      ["UpperTorso"] = CFrame.new(0.0000,0.0000,0.0000,0.9979,0.0077,0.0648,0.0015,0.9900,-0.1410,-0.0653,0.1408,0.9879),
      ["LeftUpperArm"] = CFrame.new(0.0000,0.0000,0.0000,0.3030,0.6712,0.6765,-0.3017,0.7409,-0.6000,-0.9040,-0.0223,0.4270),
      ["LeftLowerArm"] = CFrame.new(0.0000,0.0000,-0.0010,0.9997,-0.0206,0.0129,0.0206,0.4351,-0.9001,0.0129,0.9001,0.4354),
      ["LeftHand"] = CFrame.new(0.0002,0.0007,-0.0009,0.9523,0.2849,0.1093,-0.2753,0.9567,-0.0945,-0.1314,0.0599,0.9895),
      ["Head"] = CFrame.new(0.0000,0.0000,0.0000,1.0000,0.0000,-0.0073,0.0000,1.0000,0.0063,0.0073,-0.0063,1.0000),
      ["RightUpperArm"] = CFrame.new(0.0000,0.0000,0.0000,0.9727,-0.0813,0.2173,0.2080,0.7199,-0.6622,-0.1026,0.6893,0.7172),
      ["RightLowerArm"] = CFrame.new(0.0000,0.0000,-0.0010,1.0000,-0.0027,0.0024,0.0027,0.1511,-0.9885,0.0023,0.9885,0.1512),
      ["RightHand"] = CFrame.new(-0.0002,0.0008,-0.0009,0.7121,-0.6511,0.2627,0.5746,0.7555,0.3147,-0.4034,-0.0732,0.9121),
      ["LeftUpperLeg"] = CFrame.new(0.0000,0.0000,0.0000,0.9934,0.0597,-0.0983,-0.1120,0.3070,-0.9451,-0.0263,0.9498,0.3117),
      ["LeftLowerLeg"] = CFrame.new(0.0000,0.0000,-0.0010,1.0000,-0.0000,0.0000,-0.0000,-0.6836,0.7298,0.0000,-0.7298,-0.6836),
      ["LeftFoot"] = CFrame.new(0.0000,0.0000,0.0000,0.9935,-0.0272,-0.1107,0.0221,0.9986,-0.0473,0.1119,0.0445,0.9927),
      ["RightUpperLeg"] = CFrame.new(0.0000,0.0000,0.0000,0.9999,0.0141,-0.0073,-0.0155,0.9711,-0.2380,0.0037,0.2381,0.9712),
      ["RightLowerLeg"] = CFrame.new(0.0000,0.0000,-0.0010,1.0000,-0.0000,0.0000,0.0000,0.4402,0.8979,-0.0000,-0.8979,0.4402),
      ["RightFoot"] = CFrame.new(0.0000,0.0000,0.0000,0.9997,0.0124,-0.0213,-0.0106,0.9966,0.0818,0.0223,-0.0816,0.9964),
    }},
    {Time = 1.083, Data = {
      ["HumanoidRootPart"] = CFrame.new(0.0000,0.0000,0.0000,1.0000,0.0000,0.0000,0.0000,1.0000,0.0000,0.0000,0.0000,1.0000),
      ["LowerTorso"] = CFrame.new(0.0148,0.3885,-0.4693,1.0000,0.0002,-0.0037,0.0006,0.9754,0.2205,0.0036,-0.2205,0.9754),
      ["UpperTorso"] = CFrame.new(0.0000,0.0000,0.0000,0.9978,0.0078,0.0655,0.0015,0.9900,-0.1410,-0.0660,0.1408,0.9878),
      ["LeftUpperArm"] = CFrame.new(0.0000,0.0000,0.0000,0.2835,0.6665,0.6895,-0.2929,0.7448,-0.5996,-0.9132,-0.0320,0.4064),
      ["LeftLowerArm"] = CFrame.new(0.0000,0.0000,-0.0010,0.9998,-0.0151,0.0095,0.0152,0.4378,-0.8989,0.0095,0.8989,0.4380),
      ["LeftHand"] = CFrame.new(0.0002,0.0007,-0.0009,0.9439,0.3086,0.1173,-0.2974,0.9491,-0.1037,-0.1433,0.0630,0.9877),
      ["Head"] = CFrame.new(0.0000,0.0000,0.0000,1.0000,0.0000,-0.0062,0.0000,1.0000,0.0046,0.0062,-0.0046,1.0000),
      ["RightUpperArm"] = CFrame.new(0.0000,0.0000,0.0000,0.9716,-0.0669,0.2269,0.2052,0.7152,-0.6681,-0.1176,0.6957,0.7086),
      ["RightLowerArm"] = CFrame.new(0.0000,0.0000,-0.0010,1.0000,-0.0019,0.0016,0.0019,0.1506,-0.9886,0.0016,0.9886,0.1506),
      ["RightHand"] = CFrame.new(-0.0002,0.0008,-0.0009,0.7198,-0.6386,0.2720,0.5584,0.7655,0.3198,-0.4124,-0.0783,0.9076),
      ["LeftUpperLeg"] = CFrame.new(0.0000,0.0000,0.0000,0.9949,0.0578,-0.0832,-0.0949,0.2444,-0.9650,-0.0354,0.9680,0.2486),
      ["LeftLowerLeg"] = CFrame.new(0.0000,0.0000,-0.0010,1.0000,-0.0000,0.0000,-0.0000,-0.6534,0.7570,0.0000,-0.7570,-0.6534),
      ["LeftFoot"] = CFrame.new(0.0000,0.0000,0.0000,0.9949,-0.0149,-0.1002,0.0145,0.9999,-0.0050,0.1003,0.0035,0.9950),
      ["RightUpperLeg"] = CFrame.new(0.0000,0.0000,0.0000,0.9999,0.0133,-0.0087,-0.0144,0.9896,-0.1433,0.0066,0.1434,0.9896),
      ["RightLowerLeg"] = CFrame.new(0.0000,0.0000,-0.0010,1.0000,-0.0000,0.0000,0.0000,0.4649,0.8854,-0.0000,-0.8854,0.4649),
      ["RightFoot"] = CFrame.new(0.0000,0.0000,0.0000,0.9997,0.0126,-0.0211,-0.0118,0.9992,0.0383,0.0216,-0.0380,0.9990),
    }},
  }
}
