return {
  ["91564974136895"] = {
    {Time = 0.000, Data = {
      ["HumanoidRootPart"] = CFrame.new(0.0000,0.0000,0.0000,1.0000,0.0000,0.0000,0.0000,1.0000,0.0000,0.0000,0.0000,1.0000),
      ["LowerTorso"] = CFrame.new(0.0027,-0.0834,0.0007,-0.3411,-0.1384,-0.9298,-0.0417,0.9904,-0.1322,0.9391,-0.0064,-0.3436),
      ["UpperTorso"] = CFrame.new(0.0000,0.0000,0.0000,0.8935,0.0294,0.4482,-0.0009,0.9980,-0.0635,-0.4492,0.0563,0.8917),
      ["LeftUpperArm"] = CFrame.new(0.0309,-0.0766,0.1187,0.7742,0.0222,0.6325,-0.1907,0.9611,0.1997,-0.6035,-0.2752,0.7484),
      ["LeftLowerArm"] = CFrame.new(-0.0005,0.0106,0.0006,1.0000,-0.0000,0.0000,0.0000,0.9943,-0.1068,0.0000,0.1068,0.9943),
      ["LeftHand"] = CFrame.new(0.0005,0.0000,0.0000,0.9947,-0.0398,0.0945,0.0126,0.9621,0.2723,-0.1018,-0.2696,0.9576),
      ["RightUpperArm"] = CFrame.new(0.0526,-0.3257,-0.0578,0.8875,0.0999,0.4498,0.2928,0.6313,-0.7181,-0.3557,0.7691,0.5310),
      ["RightLowerArm"] = CFrame.new(0.0000,0.0990,0.0854,1.0000,-0.0000,0.0000,0.0000,0.1454,-0.9894,0.0000,0.9894,0.1454),
      ["RightHand"] = CFrame.new(-0.0005,0.0000,0.0000,0.9973,0.0626,-0.0390,-0.0737,0.8574,-0.5094,0.0015,0.5109,0.8596),
      ["Head"] = CFrame.new(0.0000,0.0000,0.0000,0.3185,-0.0311,0.9474,-0.3262,0.9348,0.1404,-0.8900,-0.3538,0.2876),
      ["RightUpperLeg"] = CFrame.new(0.1631,-0.0866,-0.0021,0.7456,-0.4375,-0.5027,0.4752,0.8779,-0.0592,0.4673,-0.1947,0.8624),
      ["RightLowerLeg"] = CFrame.new(0.0000,0.0401,-0.0051,1.0000,-0.0000,0.0000,0.0000,0.9476,0.3193,-0.0000,-0.3193,0.9476),
      ["RightFoot"] = CFrame.new(0.0000,0.0087,-0.0001,0.8856,0.3553,0.2992,-0.2828,0.9234,-0.2595,-0.3685,0.1452,0.9182),
      ["LeftUpperLeg"] = CFrame.new(-0.1501,-0.0693,-0.1368,0.6451,0.3222,0.6928,-0.2443,0.9461,-0.2125,-0.7240,-0.0322,0.6891),
      ["LeftLowerLeg"] = CFrame.new(0.0000,0.0351,-0.0037,1.0000,-0.0000,0.0000,0.0000,0.9614,0.2752,-0.0000,-0.2752,0.9614),
      ["LeftFoot"] = CFrame.new(0.0000,0.0075,0.0000,0.9727,-0.1774,-0.1494,0.1803,0.9836,0.0060,0.1458,-0.0327,0.9888),
    }},
    {Time = 0.033, Data = {
      ["HumanoidRootPart"] = CFrame.new(0.0000,0.0000,0.0000,1.0000,0.0000,0.0000,0.0000,1.0000,0.0000,0.0000,0.0000,1.0000),
      ["LowerTorso"] = CFrame.new(0.0027,-0.0837,0.0007,-0.3407,-0.1401,-0.9297,-0.0433,0.9901,-0.1333,0.9392,-0.0052,-0.3434),
      ["UpperTorso"] = CFrame.new(0.0000,0.0000,0.0000,0.8951,0.0255,0.4451,0.0014,0.9982,-0.0600,-0.4459,0.0543,0.8934),
      ["LeftUpperArm"] = CFrame.new(0.0313,-0.0765,0.1192,0.7750,0.0226,0.6316,-0.1906,0.9612,0.1995,-0.6026,-0.2750,0.7492),
      ["LeftLowerArm"] = CFrame.new(-0.0005,0.0106,0.0006,1.0000,-0.0000,0.0000,0.0000,0.9942,-0.1074,0.0000,0.1074,0.9942),
      ["LeftHand"] = CFrame.new(0.0005,0.0000,0.0000,0.9947,-0.0415,0.0937,0.0158,0.9656,0.2597,-0.1013,-0.2569,0.9611),
      ["RightUpperArm"] = CFrame.new(0.0527,-0.3258,-0.0578,0.8875,0.0995,0.4500,0.2929,0.6320,-0.7175,-0.3558,0.7686,0.5317),
      ["RightLowerArm"] = CFrame.new(0.0000,0.0991,0.0855,1.0000,-0.0000,0.0000,0.0000,0.1443,-0.9895,0.0000,0.9895,0.1443),
      ["RightHand"] = CFrame.new(-0.0005,0.0000,0.0000,0.9971,0.0651,-0.0387,-0.0757,0.8635,-0.4986,0.0010,0.5001,0.8660),
      ["Head"] = CFrame.new(0.0000,0.0000,0.0000,0.3152,-0.0312,0.9485,-0.3253,0.9354,0.1388,-0.8915,-0.3523,0.2847),
      ["RightUpperLeg"] = CFrame.new(0.1631,-0.0866,-0.0021,0.7442,-0.4404,-0.5022,0.4775,0.8765,-0.0611,0.4671,-0.1944,0.8626),
      ["RightLowerLeg"] = CFrame.new(0.0000,0.0406,-0.0053,1.0000,-0.0000,0.0000,0.0000,0.9463,0.3232,-0.0000,-0.3232,0.9463),
      ["RightFoot"] = CFrame.new(0.0000,0.0088,-0.0001,0.8852,0.3558,0.2996,-0.2824,0.9229,-0.2615,-0.3696,0.1469,0.9175),
      ["LeftUpperLeg"] = CFrame.new(-0.1501,-0.0693,-0.1368,0.6458,0.3191,0.6936,-0.2439,0.9471,-0.2087,-0.7235,-0.0344,0.6895),
      ["LeftLowerLeg"] = CFrame.new(0.0000,0.0347,-0.0036,1.0000,-0.0000,0.0000,0.0000,0.9623,0.2718,-0.0000,-0.2718,0.9623),
      ["LeftFoot"] = CFrame.new(0.0000,0.0074,0.0000,0.9728,-0.1772,-0.1492,0.1803,0.9836,0.0076,0.1454,-0.0343,0.9888),
    }},
    {Time = 0.067, Data = {
      ["HumanoidRootPart"] = CFrame.new(0.0000,0.0000,0.0000,1.0000,0.0000,0.0000,0.0000,1.0000,0.0000,0.0000,0.0000,1.0000),
      ["LowerTorso"] = CFrame.new(0.0027,-0.0845,0.0007,-0.3398,-0.1419,-0.9298,-0.0450,0.9899,-0.1346,0.9394,-0.0039,-0.3427),
      ["UpperTorso"] = CFrame.new(0.0000,0.0000,0.0000,0.8970,0.0216,0.4414,0.0037,0.9984,-0.0564,-0.4419,0.0523,0.8955),
      ["LeftUpperArm"] = CFrame.new(0.0324,-0.0763,0.1205,0.7771,0.0235,0.6289,-0.1902,0.9614,0.1991,-0.5999,-0.2743,0.7516),
      ["LeftLowerArm"] = CFrame.new(-0.0005,0.0108,0.0006,1.0000,-0.0000,0.0000,0.0000,0.9940,-0.1093,0.0000,0.1093,0.9940),
      ["LeftHand"] = CFrame.new(0.0005,0.0000,0.0000,0.9947,-0.0430,0.0930,0.0187,0.9686,0.2481,-0.1008,-0.2450,0.9643),
      ["RightUpperArm"] = CFrame.new(0.0528,-0.3260,-0.0576,0.8872,0.0984,0.4507,0.2933,0.6340,-0.7156,-0.3562,0.7671,0.5336),
      ["RightLowerArm"] = CFrame.new(0.0000,0.0991,0.0858,1.0000,-0.0000,0.0000,0.0000,0.1410,-0.9900,0.0000,0.9900,0.1410),
      ["RightHand"] = CFrame.new(-0.0005,0.0000,0.0000,0.9970,0.0676,-0.0384,-0.0777,0.8694,-0.4880,0.0004,0.4895,0.8720),
      ["Head"] = CFrame.new(0.0000,0.0000,0.0000,0.3119,-0.0319,0.9496,-0.3245,0.9358,0.1380,-0.8930,-0.3512,0.2815),
      ["RightUpperLeg"] = CFrame.new(0.1631,-0.0866,-0.0021,0.7423,-0.4438,-0.5021,0.4801,0.8749,-0.0635,0.4675,-0.1940,0.8625),
      ["RightLowerLeg"] = CFrame.new(0.0000,0.0412,-0.0055,1.0000,-0.0000,0.0000,0.0000,0.9445,0.3284,-0.0000,-0.3284,0.9445),
      ["RightFoot"] = CFrame.new(0.0000,0.0089,-0.0001,0.8847,0.3565,0.3002,-0.2819,0.9223,-0.2644,-0.3711,0.1493,0.9165),
      ["LeftUpperLeg"] = CFrame.new(-0.1501,-0.0693,-0.1368,0.6470,0.3168,0.6935,-0.2433,0.9478,-0.2059,-0.7226,-0.0355,0.6903),
      ["LeftLowerLeg"] = CFrame.new(0.0000,0.0345,-0.0036,1.0000,-0.0000,0.0000,0.0000,0.9627,0.2705,-0.0000,-0.2705,0.9627),
      ["LeftFoot"] = CFrame.new(0.0000,0.0074,0.0000,0.9729,-0.1768,-0.1489,0.1801,0.9836,0.0084,0.1450,-0.0350,0.9888),
    }},
    {Time = 0.100, Data = {
      ["HumanoidRootPart"] = CFrame.new(0.0000,0.0000,0.0000,1.0000,0.0000,0.0000,0.0000,1.0000,0.0000,0.0000,0.0000,1.0000),
      ["LowerTorso"] = CFrame.new(0.0027,-0.0858,0.0007,-0.3384,-0.1436,-0.9300,-0.0465,0.9896,-0.1359,0.9399,-0.0027,-0.3415),
      ["UpperTorso"] = CFrame.new(0.0000,0.0000,0.0000,0.8992,0.0178,0.4372,0.0060,0.9986,-0.0530,-0.4375,0.0502,0.8978),
      ["LeftUpperArm"] = CFrame.new(0.0340,-0.0760,0.1225,0.7804,0.0249,0.6248,-0.1895,0.9616,0.1984,-0.5959,-0.2732,0.7552),
      ["LeftLowerArm"] = CFrame.new(-0.0005,0.0111,0.0006,1.0000,-0.0000,0.0000,0.0000,0.9937,-0.1122,0.0000,0.1122,0.9937),
      ["LeftHand"] = CFrame.new(0.0005,0.0000,0.0000,0.9947,-0.0443,0.0924,0.0212,0.9711,0.2376,-0.1003,-0.2344,0.9669),
      ["RightUpperArm"] = CFrame.new(0.0530,-0.3262,-0.0574,0.8869,0.0966,0.4518,0.2937,0.6370,-0.7127,-0.3567,0.7648,0.5365),
      ["RightLowerArm"] = CFrame.new(0.0000,0.0992,0.0863,1.0000,-0.0000,0.0000,0.0000,0.1360,-0.9907,0.0000,0.9907,0.1360),
      ["RightHand"] = CFrame.new(-0.0005,0.0000,0.0000,0.9968,0.0699,-0.0381,-0.0796,0.8747,-0.4781,-0.0001,0.4796,0.8775),
      ["Head"] = CFrame.new(0.0000,0.0000,0.0000,0.3088,-0.0333,0.9506,-0.3240,0.9360,0.1380,-0.8943,-0.3505,0.2782),
      ["RightUpperLeg"] = CFrame.new(0.1631,-0.0866,-0.0021,0.7400,-0.4474,-0.5022,0.4829,0.8732,-0.0663,0.4681,-0.1935,0.8622),
      ["RightLowerLeg"] = CFrame.new(0.0000,0.0420,-0.0057,1.0000,-0.0000,0.0000,0.0000,0.9424,0.3346,-0.0000,-0.3346,0.9424),
      ["RightFoot"] = CFrame.new(0.0000,0.0090,-0.0001,0.8841,0.3574,0.3009,-0.2813,0.9215,-0.2678,-0.3730,0.1521,0.9153),
      ["LeftUpperLeg"] = CFrame.new(-0.1501,-0.0693,-0.1368,0.6486,0.3152,0.6927,-0.2426,0.9484,-0.2044,-0.7214,-0.0355,0.6916),
      ["LeftLowerLeg"] = CFrame.new(0.0000,0.0346,-0.0036,1.0000,-0.0000,0.0000,0.0000,0.9626,0.2710,-0.0000,-0.2710,0.9626),
      ["LeftFoot"] = CFrame.new(0.0000,0.0074,0.0000,0.9730,-0.1764,-0.1486,0.1797,0.9837,0.0084,0.1447,-0.0349,0.9889),
    }},
    {Time = 0.133, Data = {
      ["HumanoidRootPart"] = CFrame.new(0.0000,0.0000,0.0000,1.0000,0.0000,0.0000,0.0000,1.0000,0.0000,0.0000,0.0000,1.0000),
      ["LowerTorso"] = CFrame.new(0.0027,-0.0875,0.0007,-0.3366,-0.1452,-0.9304,-0.0479,0.9894,-0.1371,0.9404,-0.0016,-0.3400),
      ["UpperTorso"] = CFrame.new(0.0000,0.0000,0.0000,0.9015,0.0143,0.4326,0.0081,0.9987,-0.0498,-0.4328,0.0484,0.9002),
      ["LeftUpperArm"] = CFrame.new(0.0361,-0.0756,0.1251,0.7846,0.0268,0.6195,-0.1887,0.9620,0.1974,-0.5906,-0.2718,0.7598),
      ["LeftLowerArm"] = CFrame.new(-0.0005,0.0115,0.0007,1.0000,-0.0000,0.0000,0.0000,0.9933,-0.1159,0.0000,0.1159,0.9933),
      ["LeftHand"] = CFrame.new(0.0005,0.0000,0.0000,0.9947,-0.0453,0.0919,0.0232,0.9732,0.2287,-0.0998,-0.2253,0.9692),
      ["RightUpperArm"] = CFrame.new(0.0532,-0.3265,-0.0570,0.8864,0.0943,0.4533,0.2944,0.6409,-0.7090,-0.3573,0.7618,0.5403),
      ["RightLowerArm"] = CFrame.new(0.0000,0.0992,0.0869,1.0000,-0.0000,0.0000,0.0000,0.1295,-0.9916,0.0000,0.9916,0.1295),
      ["RightHand"] = CFrame.new(-0.0005,0.0000,0.0000,0.9967,0.0720,-0.0378,-0.0813,0.8793,-0.4693,-0.0006,0.4708,0.8822),
      ["Head"] = CFrame.new(0.0000,0.0000,0.0000,0.3059,-0.0351,0.9514,-0.3236,0.9360,0.1386,-0.8954,-0.3503,0.2750),
      ["RightUpperLeg"] = CFrame.new(0.1631,-0.0866,-0.0021,0.7375,-0.4510,-0.5026,0.4857,0.8714,-0.0693,0.4692,-0.1930,0.8617),
      ["RightLowerLeg"] = CFrame.new(0.0000,0.0428,-0.0059,1.0000,-0.0000,0.0000,0.0000,0.9399,0.3413,-0.0000,-0.3413,0.9399),
      ["RightFoot"] = CFrame.new(0.0000,0.0091,-0.0001,0.8834,0.3584,0.3018,-0.2807,0.9205,-0.2717,-0.3752,0.1553,0.9138),
      ["LeftUpperLeg"] = CFrame.new(-0.1501,-0.0693,-0.1368,0.6506,0.3145,0.6913,-0.2419,0.9486,-0.2040,-0.7199,-0.0345,0.6932),
      ["LeftLowerLeg"] = CFrame.new(0.0000,0.0348,-0.0036,1.0000,-0.0000,0.0000,0.0000,0.9619,0.2734,-0.0000,-0.2734,0.9619),
      ["LeftFoot"] = CFrame.new(0.0000,0.0075,0.0000,0.9732,-0.1760,-0.1482,0.1791,0.9838,0.0078,0.1444,-0.0341,0.9889),
    }},
    {Time = 0.167, Data = {
      ["HumanoidRootPart"] = CFrame.new(0.0000,0.0000,0.0000,1.0000,0.0000,0.0000,0.0000,1.0000,0.0000,0.0000,0.0000,1.0000),
      ["LowerTorso"] = CFrame.new(0.0027,-0.0894,0.0007,-0.3346,-0.1466,-0.9309,-0.0490,0.9892,-0.1382,0.9411,-0.0006,-0.3382),
      ["UpperTorso"] = CFrame.new(0.0000,0.0000,0.0000,0.9037,0.0113,0.4280,0.0098,0.9988,-0.0471,-0.4280,0.0468,0.9026),
      ["LeftUpperArm"] = CFrame.new(0.0385,-0.0751,0.1282,0.7894,0.0289,0.6132,-0.1878,0.9624,0.1964,-0.5844,-0.2702,0.7652),
      ["LeftLowerArm"] = CFrame.new(-0.0005,0.0119,0.0007,1.0000,-0.0000,0.0000,0.0000,0.9927,-0.1202,0.0000,0.1202,0.9927),
      ["LeftHand"] = CFrame.new(0.0005,0.0000,0.0000,0.9947,-0.0461,0.0916,0.0248,0.9749,0.2215,-0.0995,-0.2180,0.9709),
      ["RightUpperArm"] = CFrame.new(0.0535,-0.3269,-0.0566,0.8858,0.0916,0.4549,0.2951,0.6454,-0.7045,-0.3581,0.7583,0.5447),
      ["RightLowerArm"] = CFrame.new(0.0000,0.0993,0.0877,1.0000,-0.0000,0.0000,0.0000,0.1219,-0.9925,0.0000,0.9925,0.1219),
      ["RightHand"] = CFrame.new(-0.0005,0.0000,0.0000,0.9966,0.0738,-0.0375,-0.0828,0.8830,-0.4621,-0.0009,0.4636,0.8861),
      ["Head"] = CFrame.new(0.0000,0.0000,0.0000,0.3035,-0.0374,0.9521,-0.3235,0.9358,0.1399,-0.8963,-0.3504,0.2719),
      ["RightUpperLeg"] = CFrame.new(0.1631,-0.0866,-0.0021,0.7349,-0.4545,-0.5033,0.4883,0.8697,-0.0724,0.4707,-0.1926,0.8610),
      ["RightLowerLeg"] = CFrame.new(0.0000,0.0436,-0.0062,1.0000,-0.0000,0.0000,0.0000,0.9374,0.3483,-0.0000,-0.3483,0.9374),
      ["RightFoot"] = CFrame.new(0.0000,0.0093,-0.0001,0.8827,0.3595,0.3027,-0.2800,0.9196,-0.2758,-0.3775,0.1587,0.9123),
      ["LeftUpperLeg"] = CFrame.new(-0.1501,-0.0693,-0.1368,0.6527,0.3147,0.6892,-0.2411,0.9486,-0.2049,-0.7182,-0.0324,0.6950),
      ["LeftLowerLeg"] = CFrame.new(0.0000,0.0353,-0.0038,1.0000,-0.0000,0.0000,0.0000,0.9607,0.2775,-0.0000,-0.2775,0.9607),
      ["LeftFoot"] = CFrame.new(0.0000,0.0076,0.0000,0.9733,-0.1754,-0.1477,0.1783,0.9840,0.0064,0.1442,-0.0325,0.9890),
    }},
    {Time = 0.200, Data = {
      ["HumanoidRootPart"] = CFrame.new(0.0000,0.0000,0.0000,1.0000,0.0000,0.0000,0.0000,1.0000,0.0000,0.0000,0.0000,1.0000),
      ["LowerTorso"] = CFrame.new(0.0027,-0.0916,0.0007,-0.3325,-0.1477,-0.9315,-0.0499,0.9890,-0.1391,0.9418,0.0002,-0.3362),
      ["UpperTorso"] = CFrame.new(0.0000,0.0000,0.0000,0.9059,0.0089,0.4234,0.0112,0.9989,-0.0450,-0.4233,0.0455,0.9048),
      ["LeftUpperArm"] = CFrame.new(0.0412,-0.0746,0.1317,0.7947,0.0313,0.6061,-0.1868,0.9628,0.1951,-0.5775,-0.2683,0.7710),
      ["LeftLowerArm"] = CFrame.new(-0.0005,0.0124,0.0008,1.0000,-0.0000,0.0000,0.0000,0.9922,-0.1250,0.0000,0.1250,0.9922),
      ["LeftHand"] = CFrame.new(0.0005,0.0000,0.0000,0.9947,-0.0467,0.0913,0.0259,0.9760,0.2164,-0.0992,-0.2129,0.9720),
      ["RightUpperArm"] = CFrame.new(0.0538,-0.3273,-0.0562,0.8852,0.0885,0.4567,0.2959,0.6504,-0.6996,-0.3590,0.7544,0.5496),
      ["RightLowerArm"] = CFrame.new(0.0000,0.0994,0.0885,1.0000,-0.0000,0.0000,0.0000,0.1135,-0.9935,0.0000,0.9935,0.1135),
      ["RightHand"] = CFrame.new(-0.0005,0.0000,0.0000,0.9965,0.0750,-0.0373,-0.0838,0.8856,-0.4568,-0.0012,0.4583,0.8888),
      ["Head"] = CFrame.new(0.0000,0.0000,0.0000,0.3015,-0.0401,0.9526,-0.3236,0.9355,0.1418,-0.8969,-0.3510,0.2691),
      ["RightUpperLeg"] = CFrame.new(0.1631,-0.0866,-0.0021,0.7322,-0.4577,-0.5044,0.4906,0.8681,-0.0754,0.4724,-0.1922,0.8602),
      ["RightLowerLeg"] = CFrame.new(0.0000,0.0444,-0.0064,1.0000,-0.0000,0.0000,0.0000,0.9349,0.3550,-0.0000,-0.3550,0.9349),
      ["RightFoot"] = CFrame.new(0.0000,0.0094,-0.0001,0.8819,0.3606,0.3036,-0.2793,0.9185,-0.2798,-0.3798,0.1620,0.9108),
      ["LeftUpperLeg"] = CFrame.new(-0.1501,-0.0693,-0.1368,0.6549,0.3159,0.6865,-0.2404,0.9483,-0.2070,-0.7165,-0.0294,0.6970),
      ["LeftLowerLeg"] = CFrame.new(0.0000,0.0360,-0.0039,1.0000,-0.0000,0.0000,0.0000,0.9591,0.2831,-0.0000,-0.2831,0.9591),
      ["LeftFoot"] = CFrame.new(0.0000,0.0077,0.0000,0.9735,-0.1749,-0.1473,0.1775,0.9841,0.0043,0.1442,-0.0303,0.9891),
    }},
    {Time = 0.233, Data = {
      ["HumanoidRootPart"] = CFrame.new(0.0000,0.0000,0.0000,1.0000,0.0000,0.0000,0.0000,1.0000,0.0000,0.0000,0.0000,1.0000),
      ["LowerTorso"] = CFrame.new(0.0027,-0.0938,0.0007,-0.3302,-0.1484,-0.9322,-0.0503,0.9889,-0.1397,0.9426,0.0007,-0.3340),
      ["UpperTorso"] = CFrame.new(0.0000,0.0000,0.0000,0.9080,0.0073,0.4190,0.0121,0.9990,-0.0437,-0.4189,0.0447,0.9069),
      ["LeftUpperArm"] = CFrame.new(0.0440,-0.0740,0.1354,0.8003,0.0338,0.5986,-0.1857,0.9633,0.1939,-0.5701,-0.2663,0.7772),
      ["LeftLowerArm"] = CFrame.new(-0.0005,0.0129,0.0008,1.0000,-0.0000,0.0000,0.0000,0.9915,-0.1301,0.0000,0.1301,0.9915),
      ["LeftHand"] = CFrame.new(0.0005,0.0000,0.0000,0.9947,-0.0469,0.0912,0.0265,0.9765,0.2137,-0.0991,-0.2102,0.9726),
      ["RightUpperArm"] = CFrame.new(0.0541,-0.3277,-0.0557,0.8845,0.0853,0.4586,0.2967,0.6557,-0.6943,-0.3599,0.7502,0.5546),
      ["RightLowerArm"] = CFrame.new(0.0000,0.0995,0.0894,1.0000,-0.0000,0.0000,0.0000,0.1046,-0.9945,0.0000,0.9945,0.1046),
      ["RightHand"] = CFrame.new(-0.0005,0.0000,0.0000,0.9964,0.0757,-0.0373,-0.0844,0.8870,-0.4539,-0.0013,0.4555,0.8903),
      ["Head"] = CFrame.new(0.0000,0.0000,0.0000,0.3001,-0.0430,0.9529,-0.3240,0.9350,0.1442,-0.8972,-0.3520,0.2667),
      ["RightUpperLeg"] = CFrame.new(0.1631,-0.0866,-0.0021,0.7297,-0.4602,-0.5057,0.4925,0.8668,-0.0782,0.4743,-0.1920,0.8592),
      ["RightLowerLeg"] = CFrame.new(0.0000,0.0451,-0.0066,1.0000,-0.0000,0.0000,0.0000,0.9325,0.3613,-0.0000,-0.3613,0.9325),
      ["RightFoot"] = CFrame.new(0.0000,0.0096,-0.0001,0.8812,0.3617,0.3046,-0.2786,0.9176,-0.2837,-0.3820,0.1651,0.9093),
      ["LeftUpperLeg"] = CFrame.new(-0.1501,-0.0693,-0.1368,0.6571,0.3178,0.6835,-0.2397,0.9478,-0.2102,-0.7146,-0.0257,0.6990),
      ["LeftLowerLeg"] = CFrame.new(0.0000,0.0368,-0.0041,1.0000,-0.0000,0.0000,0.0000,0.9571,0.2897,-0.0000,-0.2897,0.9571),
      ["LeftFoot"] = CFrame.new(0.0000,0.0078,0.0000,0.9737,-0.1744,-0.1468,0.1766,0.9843,0.0019,0.1442,-0.0278,0.9892),
    }},
    {Time = 0.267, Data = {
      ["HumanoidRootPart"] = CFrame.new(0.0000,0.0000,0.0000,1.0000,0.0000,0.0000,0.0000,1.0000,0.0000,0.0000,0.0000,1.0000),
      ["LowerTorso"] = CFrame.new(0.0027,-0.0962,0.0007,-0.3279,-0.1487,-0.9329,-0.0502,0.9889,-0.1400,0.9434,0.0009,-0.3317),
      ["UpperTorso"] = CFrame.new(0.0000,0.0000,0.0000,0.9098,0.0067,0.4151,0.0123,0.9990,-0.0432,-0.4150,0.0444,0.9088),
      ["LeftUpperArm"] = CFrame.new(0.0468,-0.0735,0.1392,0.8059,0.0363,0.5910,-0.1846,0.9638,0.1925,-0.5626,-0.2643,0.7834),
      ["LeftLowerArm"] = CFrame.new(-0.0005,0.0134,0.0009,1.0000,-0.0000,0.0000,0.0000,0.9908,-0.1353,0.0000,0.1353,0.9908),
      ["LeftHand"] = CFrame.new(0.0005,0.0000,0.0000,0.9947,-0.0469,0.0912,0.0265,0.9765,0.2137,-0.0991,-0.2102,0.9726),
      ["RightUpperArm"] = CFrame.new(0.0545,-0.3281,-0.0553,0.8839,0.0820,0.4605,0.2976,0.6610,-0.6889,-0.3609,0.7459,0.5598),
      ["RightLowerArm"] = CFrame.new(0.0000,0.0996,0.0903,1.0000,-0.0000,0.0000,0.0000,0.0955,-0.9954,0.0000,0.9954,0.0955),
      ["RightHand"] = CFrame.new(-0.0005,0.0000,0.0000,0.9964,0.0757,-0.0373,-0.0844,0.8870,-0.4539,-0.0013,0.4555,0.8903),
      ["Head"] = CFrame.new(0.0000,0.0000,0.0000,0.2994,-0.0460,0.9530,-0.3246,0.9343,0.1471,-0.8972,-0.3534,0.2648),
      ["RightUpperLeg"] = CFrame.new(0.1631,-0.0866,-0.0021,0.7275,-0.4619,-0.5073,0.4938,0.8659,-0.0803,0.4764,-0.1921,0.8580),
      ["RightLowerLeg"] = CFrame.new(0.0000,0.0457,-0.0068,1.0000,-0.0000,0.0000,0.0000,0.9305,0.3662,-0.0000,-0.3662,0.9305),
      ["RightFoot"] = CFrame.new(0.0000,0.0097,-0.0001,0.8805,0.3627,0.3054,-0.2781,0.9167,-0.2869,-0.3840,0.1676,0.9080),
      ["LeftUpperLeg"] = CFrame.new(-0.1501,-0.0693,-0.1368,0.6593,0.3209,0.6800,-0.2391,0.9469,-0.2150,-0.7129,-0.0208,0.7010),
      ["LeftLowerLeg"] = CFrame.new(0.0000,0.0378,-0.0044,1.0000,-0.0000,0.0000,0.0000,0.9545,0.2981,-0.0000,-0.2981,0.9545),
      ["LeftFoot"] = CFrame.new(0.0000,0.0080,0.0000,0.9738,-0.1739,-0.1464,0.1755,0.9845,-0.0014,0.1444,-0.0243,0.9892),
    }},
    {Time = 0.300, Data = {
      ["HumanoidRootPart"] = CFrame.new(0.0000,0.0000,0.0000,1.0000,0.0000,0.0000,0.0000,1.0000,0.0000,0.0000,0.0000,1.0000),
      ["LowerTorso"] = CFrame.new(0.0027,-0.0984,0.0007,-0.3257,-0.1485,-0.9337,-0.0496,0.9889,-0.1399,0.9442,0.0007,-0.3295),
      ["UpperTorso"] = CFrame.new(0.0000,0.0000,0.0000,0.9112,0.0072,0.4120,0.0119,0.9990,-0.0437,-0.4119,0.0448,0.9101),
      ["LeftUpperArm"] = CFrame.new(0.0495,-0.0730,0.1429,0.8113,0.0387,0.5834,-0.1836,0.9642,0.1912,-0.5551,-0.2622,0.7894),
      ["LeftLowerArm"] = CFrame.new(-0.0005,0.0139,0.0010,1.0000,-0.0000,0.0000,0.0000,0.9901,-0.1404,0.0000,0.1404,0.9901),
      ["LeftHand"] = CFrame.new(0.0005,0.0000,0.0000,0.9947,-0.0467,0.0913,0.0259,0.9760,0.2164,-0.0992,-0.2129,0.9720),
      ["RightUpperArm"] = CFrame.new(0.0548,-0.3285,-0.0548,0.8832,0.0788,0.4623,0.2984,0.6661,-0.6836,-0.3618,0.7417,0.5648),
      ["RightLowerArm"] = CFrame.new(0.0000,0.0997,0.0912,1.0000,-0.0000,0.0000,0.0000,0.0866,-0.9962,0.0000,0.9962,0.0866),
      ["RightHand"] = CFrame.new(-0.0005,0.0000,0.0000,0.9965,0.0750,-0.0373,-0.0838,0.8856,-0.4568,-0.0012,0.4583,0.8888),
      ["Head"] = CFrame.new(0.0000,0.0000,0.0000,0.2996,-0.0491,0.9528,-0.3255,0.9335,0.1505,-0.8968,-0.3552,0.2637),
      ["RightUpperLeg"] = CFrame.new(0.1631,-0.0866,-0.0021,0.7256,-0.4630,-0.5091,0.4944,0.8653,-0.0822,0.4786,-0.1920,0.8568),
      ["RightLowerLeg"] = CFrame.new(0.0000,0.0462,-0.0070,1.0000,-0.0000,0.0000,0.0000,0.9288,0.3706,-0.0000,-0.3706,0.9288),
      ["RightFoot"] = CFrame.new(0.0000,0.0098,-0.0001,0.8798,0.3635,0.3061,-0.2776,0.9159,-0.2898,-0.3857,0.1700,0.9068),
      ["LeftUpperLeg"] = CFrame.new(-0.1501,-0.0693,-0.1368,0.6613,0.3249,0.6762,-0.2386,0.9456,-0.2210,-0.7112,-0.0153,0.7028),
      ["LeftLowerLeg"] = CFrame.new(0.0000,0.0389,-0.0047,1.0000,-0.0000,0.0000,0.0000,0.9515,0.3076,-0.0000,-0.3076,0.9515),
      ["LeftFoot"] = CFrame.new(0.0000,0.0082,0.0000,0.9740,-0.1734,-0.1460,0.1745,0.9846,-0.0051,0.1447,-0.0205,0.9893),
    }},
    {Time = 0.333, Data = {
      ["HumanoidRootPart"] = CFrame.new(0.0000,0.0000,0.0000,1.0000,0.0000,0.0000,0.0000,1.0000,0.0000,0.0000,0.0000,1.0000),
      ["LowerTorso"] = CFrame.new(0.0027,-0.1006,0.0007,-0.3237,-0.1478,-0.9345,-0.0486,0.9890,-0.1396,0.9449,0.0003,-0.3273),
      ["UpperTorso"] = CFrame.new(0.0000,0.0000,0.0000,0.9122,0.0085,0.4097,0.0109,0.9989,-0.0451,-0.4097,0.0456,0.9111),
      ["LeftUpperArm"] = CFrame.new(0.0520,-0.0725,0.1465,0.8163,0.0410,0.5761,-0.1826,0.9647,0.1900,-0.5480,-0.2603,0.7950),
      ["LeftLowerArm"] = CFrame.new(-0.0005,0.0144,0.0010,1.0000,-0.0000,0.0000,0.0000,0.9894,-0.1452,0.0000,0.1452,0.9894),
      ["LeftHand"] = CFrame.new(0.0005,0.0000,0.0000,0.9947,-0.0461,0.0916,0.0248,0.9749,0.2215,-0.0995,-0.2180,0.9709),
      ["RightUpperArm"] = CFrame.new(0.0551,-0.3289,-0.0543,0.8826,0.0757,0.4640,0.2992,0.6710,-0.6785,-0.3627,0.7376,0.5695),
      ["RightLowerArm"] = CFrame.new(0.0000,0.0998,0.0921,1.0000,-0.0000,0.0000,0.0000,0.0781,-0.9969,0.0000,0.9969,0.0781),
      ["RightHand"] = CFrame.new(-0.0005,0.0000,0.0000,0.9966,0.0738,-0.0375,-0.0828,0.8830,-0.4621,-0.0009,0.4636,0.8861),
      ["Head"] = CFrame.new(0.0000,0.0000,0.0000,0.3007,-0.0521,0.9523,-0.3266,0.9325,0.1541,-0.8961,-0.3573,0.2634),
      ["RightUpperLeg"] = CFrame.new(0.1631,-0.0866,-0.0021,0.7241,-0.4633,-0.5109,0.4944,0.8652,-0.0837,0.4808,-0.1920,0.8556),
      ["RightLowerLeg"] = CFrame.new(0.0000,0.0466,-0.0071,1.0000,-0.0000,0.0000,0.0000,0.9274,0.3741,-0.0000,-0.3741,0.9274),
      ["RightFoot"] = CFrame.new(0.0000,0.0098,-0.0001,0.8793,0.3643,0.3067,-0.2772,0.9153,-0.2922,-0.3872,0.1720,0.9058),
      ["LeftUpperLeg"] = CFrame.new(-0.1501,-0.0693,-0.1368,0.6630,0.3294,0.6722,-0.2383,0.9441,-0.2276,-0.7097,-0.0093,0.7045),
      ["LeftLowerLeg"] = CFrame.new(0.0000,0.0401,-0.0050,1.0000,-0.0000,0.0000,0.0000,0.9483,0.3175,-0.0000,-0.3175,0.9483),
      ["LeftFoot"] = CFrame.new(0.0000,0.0084,0.0000,0.9741,-0.1730,-0.1457,0.1735,0.9848,-0.0091,0.1450,-0.0164,0.9893),
    }},
    {Time = 0.367, Data = {
      ["HumanoidRootPart"] = CFrame.new(0.0000,0.0000,0.0000,1.0000,0.0000,0.0000,0.0000,1.0000,0.0000,0.0000,0.0000,1.0000),
      ["LowerTorso"] = CFrame.new(0.0027,-0.1025,0.0007,-0.3219,-0.1468,-0.9353,-0.0473,0.9892,-0.1390,0.9456,-0.0004,-0.3254),
      ["UpperTorso"] = CFrame.new(0.0000,0.0000,0.0000,0.9128,0.0106,0.4084,0.0095,0.9988,-0.0471,-0.4084,0.0468,0.9116),
      ["LeftUpperArm"] = CFrame.new(0.0543,-0.0720,0.1497,0.8208,0.0431,0.5695,-0.1817,0.9651,0.1888,-0.5415,-0.2585,0.8000),
      ["LeftLowerArm"] = CFrame.new(-0.0005,0.0149,0.0011,1.0000,-0.0000,0.0000,0.0000,0.9888,-0.1495,0.0000,0.1495,0.9888),
      ["LeftHand"] = CFrame.new(0.0005,0.0000,0.0000,0.9947,-0.0453,0.0919,0.0232,0.9732,0.2287,-0.0998,-0.2253,0.9692),
      ["RightUpperArm"] = CFrame.new(0.0554,-0.3292,-0.0539,0.8820,0.0729,0.4656,0.2999,0.6753,-0.6738,-0.3635,0.7339,0.5738),
      ["RightLowerArm"] = CFrame.new(0.0000,0.0998,0.0929,1.0000,-0.0000,0.0000,0.0000,0.0705,-0.9975,0.0000,0.9975,0.0705),
      ["RightHand"] = CFrame.new(-0.0005,0.0000,0.0000,0.9967,0.0720,-0.0378,-0.0813,0.8793,-0.4693,-0.0006,0.4708,0.8822),
      ["Head"] = CFrame.new(0.0000,0.0000,0.0000,0.3025,-0.0548,0.9516,-0.3278,0.9315,0.1578,-0.8950,-0.3596,0.2638),
      ["RightUpperLeg"] = CFrame.new(0.1631,-0.0866,-0.0021,0.7231,-0.4629,-0.5128,0.4939,0.8654,-0.0847,0.4829,-0.1921,0.8544),
      ["RightLowerLeg"] = CFrame.new(0.0000,0.0469,-0.0072,1.0000,-0.0000,0.0000,0.0000,0.9264,0.3765,-0.0000,-0.3765,0.9264),
      ["RightFoot"] = CFrame.new(0.0000,0.0098,-0.0001,0.8789,0.3648,0.3072,-0.2769,0.9148,-0.2941,-0.3883,0.1734,0.9051),
      ["LeftUpperLeg"] = CFrame.new(-0.1501,-0.0693,-0.1368,0.6645,0.3343,0.6683,-0.2381,0.9425,-0.2347,-0.7083,-0.0032,0.7059),
      ["LeftLowerLeg"] = CFrame.new(0.0000,0.0413,-0.0053,1.0000,-0.0000,0.0000,0.0000,0.9449,0.3272,-0.0000,-0.3272,0.9449),
      ["LeftFoot"] = CFrame.new(0.0000,0.0086,0.0000,0.9742,-0.1727,-0.1454,0.1726,0.9849,-0.0131,0.1455,-0.0123,0.9893),
    }},
    {Time = 0.400, Data = {
      ["HumanoidRootPart"] = CFrame.new(0.0000,0.0000,0.0000,1.0000,0.0000,0.0000,0.0000,1.0000,0.0000,0.0000,0.0000,1.0000),
      ["LowerTorso"] = CFrame.new(0.0027,-0.1042,0.0007,-0.3204,-0.1455,-0.9360,-0.0458,0.9894,-0.1381,0.9462,-0.0014,-0.3237),
      ["UpperTorso"] = CFrame.new(0.0000,0.0000,0.0000,0.9129,0.0133,0.4079,0.0076,0.9987,-0.0496,-0.4081,0.0484,0.9117),
      ["LeftUpperArm"] = CFrame.new(0.0562,-0.0717,0.1525,0.8246,0.0448,0.5639,-0.1809,0.9654,0.1879,-0.5359,-0.2569,0.8042),
      ["LeftLowerArm"] = CFrame.new(-0.0005,0.0152,0.0012,1.0000,-0.0000,0.0000,0.0000,0.9882,-0.1532,0.0000,0.1532,0.9882),
      ["LeftHand"] = CFrame.new(0.0005,0.0000,0.0000,0.9947,-0.0443,0.0924,0.0212,0.9711,0.2376,-0.1003,-0.2344,0.9669),
      ["RightUpperArm"] = CFrame.new(0.0556,-0.3295,-0.0536,0.8815,0.0705,0.4668,0.3004,0.6790,-0.6699,-0.3642,0.7308,0.5774),
      ["RightLowerArm"] = CFrame.new(0.0000,0.0999,0.0935,1.0000,-0.0000,0.0000,0.0000,0.0640,-0.9980,0.0000,0.9980,0.0640),
      ["RightHand"] = CFrame.new(-0.0005,0.0000,0.0000,0.9968,0.0699,-0.0381,-0.0796,0.8747,-0.4781,-0.0001,0.4796,0.8775),
      ["Head"] = CFrame.new(0.0000,0.0000,0.0000,0.3048,-0.0571,0.9507,-0.3291,0.9304,0.1614,-0.8938,-0.3620,0.2648),
      ["RightUpperLeg"] = CFrame.new(0.1631,-0.0866,-0.0021,0.7224,-0.4619,-0.5145,0.4930,0.8659,-0.0851,0.4848,-0.1921,0.8532),
      ["RightLowerLeg"] = CFrame.new(0.0000,0.0471,-0.0073,1.0000,-0.0000,0.0000,0.0000,0.9259,0.3778,-0.0000,-0.3778,0.9259),
      ["RightFoot"] = CFrame.new(0.0000,0.0098,-0.0001,0.8787,0.3652,0.3075,-0.2768,0.9145,-0.2953,-0.3891,0.1743,0.9046),
      ["LeftUpperLeg"] = CFrame.new(-0.1501,-0.0693,-0.1368,0.6657,0.3392,0.6647,-0.2381,0.9407,-0.2417,-0.7073,0.0026,0.7069),
      ["LeftLowerLeg"] = CFrame.new(0.0000,0.0424,-0.0056,1.0000,-0.0000,0.0000,0.0000,0.9417,0.3365,-0.0000,-0.3365,0.9417),
      ["LeftFoot"] = CFrame.new(0.0000,0.0088,0.0000,0.9743,-0.1724,-0.1452,0.1718,0.9850,-0.0169,0.1459,-0.0085,0.9893),
    }},
    {Time = 0.433, Data = {
      ["HumanoidRootPart"] = CFrame.new(0.0000,0.0000,0.0000,1.0000,0.0000,0.0000,0.0000,1.0000,0.0000,0.0000,0.0000,1.0000),
      ["LowerTorso"] = CFrame.new(0.0027,-0.1055,0.0007,-0.3193,-0.1441,-0.9366,-0.0442,0.9896,-0.1372,0.9466,-0.0024,-0.3223),
      ["UpperTorso"] = CFrame.new(0.0000,0.0000,0.0000,0.9127,0.0165,0.4084,0.0055,0.9986,-0.0526,-0.4087,0.0503,0.9113),
      ["LeftUpperArm"] = CFrame.new(0.0576,-0.0714,0.1546,0.8276,0.0462,0.5595,-0.1804,0.9656,0.1871,-0.5316,-0.2558,0.8075),
      ["LeftLowerArm"] = CFrame.new(-0.0005,0.0155,0.0012,1.0000,-0.0000,0.0000,0.0000,0.9877,-0.1561,0.0000,0.1561,0.9877),
      ["LeftHand"] = CFrame.new(0.0005,0.0000,0.0000,0.9947,-0.0430,0.0930,0.0187,0.9686,0.2481,-0.1008,-0.2450,0.9643),
      ["RightUpperArm"] = CFrame.new(0.0558,-0.3298,-0.0533,0.8811,0.0687,0.4678,0.3009,0.6818,-0.6668,-0.3648,0.7283,0.5801),
      ["RightLowerArm"] = CFrame.new(0.0000,0.0999,0.0940,1.0000,-0.0000,0.0000,0.0000,0.0589,-0.9983,0.0000,0.9983,0.0589),
      ["RightHand"] = CFrame.new(-0.0005,0.0000,0.0000,0.9970,0.0676,-0.0384,-0.0777,0.8694,-0.4880,0.0004,0.4895,0.8720),
      ["Head"] = CFrame.new(0.0000,0.0000,0.0000,0.3077,-0.0590,0.9496,-0.3303,0.9294,0.1648,-0.8923,-0.3644,0.2665),
      ["RightUpperLeg"] = CFrame.new(0.1631,-0.0866,-0.0021,0.7223,-0.4604,-0.5161,0.4916,0.8667,-0.0851,0.4865,-0.1923,0.8523),
      ["RightLowerLeg"] = CFrame.new(0.0000,0.0470,-0.0072,1.0000,-0.0000,0.0000,0.0000,0.9258,0.3780,-0.0000,-0.3780,0.9258),
      ["RightFoot"] = CFrame.new(0.0000,0.0098,-0.0001,0.8785,0.3654,0.3076,-0.2767,0.9143,-0.2958,-0.3893,0.1747,0.9044),
      ["LeftUpperLeg"] = CFrame.new(-0.1501,-0.0693,-0.1368,0.6664,0.3440,0.6615,-0.2382,0.9389,-0.2483,-0.7065,0.0080,0.7077),
      ["LeftLowerLeg"] = CFrame.new(0.0000,0.0433,-0.0059,1.0000,-0.0000,0.0000,0.0000,0.9387,0.3447,-0.0000,-0.3447,0.9387),
      ["LeftFoot"] = CFrame.new(0.0000,0.0090,0.0000,0.9743,-0.1723,-0.1451,0.1711,0.9850,-0.0204,0.1465,-0.0050,0.9892),
    }},
    {Time = 0.467, Data = {
      ["HumanoidRootPart"] = CFrame.new(0.0000,0.0000,0.0000,1.0000,0.0000,0.0000,0.0000,1.0000,0.0000,0.0000,0.0000,1.0000),
      ["LowerTorso"] = CFrame.new(0.0027,-0.1063,0.0007,-0.3186,-0.1425,-0.9371,-0.0424,0.9898,-0.1361,0.9469,-0.0036,-0.3214),
      ["UpperTorso"] = CFrame.new(0.0000,0.0000,0.0000,0.9120,0.0200,0.4098,0.0032,0.9984,-0.0559,-0.4102,0.0523,0.9105),
      ["LeftUpperArm"] = CFrame.new(0.0586,-0.0712,0.1560,0.8294,0.0470,0.5566,-0.1800,0.9658,0.1866,-0.5288,-0.2550,0.8095),
      ["LeftLowerArm"] = CFrame.new(-0.0005,0.0157,0.0012,1.0000,-0.0000,0.0000,0.0000,0.9875,-0.1579,0.0000,0.1579,0.9875),
      ["LeftHand"] = CFrame.new(0.0005,0.0000,0.0000,0.9947,-0.0415,0.0937,0.0158,0.9656,0.2597,-0.1013,-0.2569,0.9611),
      ["RightUpperArm"] = CFrame.new(0.0559,-0.3299,-0.0531,0.8809,0.0675,0.4685,0.3012,0.6837,-0.6648,-0.3651,0.7267,0.5819),
      ["RightLowerArm"] = CFrame.new(0.0000,0.0999,0.0943,1.0000,-0.0000,0.0000,0.0000,0.0556,-0.9985,0.0000,0.9985,0.0556),
      ["RightHand"] = CFrame.new(-0.0005,0.0000,0.0000,0.9971,0.0651,-0.0387,-0.0757,0.8635,-0.4986,0.0010,0.5001,0.8660),
      ["Head"] = CFrame.new(0.0000,0.0000,0.0000,0.3109,-0.0603,0.9485,-0.3316,0.9284,0.1677,-0.8907,-0.3666,0.2686),
      ["RightUpperLeg"] = CFrame.new(0.1631,-0.0866,-0.0021,0.7226,-0.4583,-0.5174,0.4898,0.8677,-0.0845,0.4877,-0.1924,0.8515),
      ["RightLowerLeg"] = CFrame.new(0.0000,0.0470,-0.0072,1.0000,-0.0000,0.0000,0.0000,0.9262,0.3771,-0.0000,-0.3771,0.9262),
      ["RightFoot"] = CFrame.new(0.0000,0.0098,-0.0001,0.8786,0.3654,0.3076,-0.2768,0.9143,-0.2956,-0.3893,0.1745,0.9044),
      ["LeftUpperLeg"] = CFrame.new(-0.1501,-0.0693,-0.1368,0.6668,0.3483,0.6589,-0.2384,0.9373,-0.2542,-0.7061,0.0124,0.7080),
      ["LeftLowerLeg"] = CFrame.new(0.0000,0.0441,-0.0062,1.0000,-0.0000,0.0000,0.0000,0.9362,0.3514,-0.0000,-0.3514,0.9362),
      ["LeftFoot"] = CFrame.new(0.0000,0.0092,0.0000,0.9743,-0.1723,-0.1451,0.1707,0.9850,-0.0233,0.1470,-0.0021,0.9891),
    }},
    {Time = 0.500, Data = {
      ["HumanoidRootPart"] = CFrame.new(0.0000,0.0000,0.0000,1.0000,0.0000,0.0000,0.0000,1.0000,0.0000,0.0000,0.0000,1.0000),
      ["LowerTorso"] = CFrame.new(0.0027,-0.1065,0.0007,-0.3185,-0.1408,-0.9374,-0.0407,0.9900,-0.1349,0.9471,-0.0048,-0.3210),
      ["UpperTorso"] = CFrame.new(0.0000,0.0000,0.0000,0.9109,0.0237,0.4120,0.0009,0.9982,-0.0593,-0.4127,0.0544,0.9092),
      ["LeftUpperArm"] = CFrame.new(0.0588,-0.0712,0.1565,0.8301,0.0473,0.5556,-0.1798,0.9659,0.1864,-0.5278,-0.2547,0.8103),
      ["LeftLowerArm"] = CFrame.new(-0.0005,0.0157,0.0012,1.0000,-0.0000,0.0000,0.0000,0.9873,-0.1586,0.0000,0.1586,0.9873),
      ["LeftHand"] = CFrame.new(0.0005,0.0000,0.0000,0.9947,-0.0398,0.0945,0.0126,0.9621,0.2723,-0.1018,-0.2696,0.9576),
      ["RightUpperArm"] = CFrame.new(0.0559,-0.3299,-0.0531,0.8808,0.0670,0.4686,0.3012,0.6843,-0.6641,-0.3652,0.7261,0.5826),
      ["RightLowerArm"] = CFrame.new(0.0000,0.0999,0.0945,1.0000,-0.0000,0.0000,0.0000,0.0545,-0.9985,0.0000,0.9985,0.0545),
      ["RightHand"] = CFrame.new(-0.0005,0.0000,0.0000,0.9973,0.0626,-0.0390,-0.0737,0.8574,-0.5094,0.0015,0.5109,0.8596),
      ["Head"] = CFrame.new(0.0000,0.0000,0.0000,0.3142,-0.0609,0.9474,-0.3327,0.9276,0.1700,-0.8891,-0.3686,0.2712),
      ["RightUpperLeg"] = CFrame.new(0.1631,-0.0866,-0.0021,0.7235,-0.4559,-0.5184,0.4878,0.8690,-0.0835,0.4885,-0.1925,0.8511),
      ["RightLowerLeg"] = CFrame.new(0.0000,0.0467,-0.0072,1.0000,-0.0000,0.0000,0.0000,0.9271,0.3749,-0.0000,-0.3749,0.9271),
      ["RightFoot"] = CFrame.new(0.0000,0.0098,-0.0001,0.8787,0.3651,0.3075,-0.2770,0.9146,-0.2946,-0.3888,0.1737,0.9048),
      ["LeftUpperLeg"] = CFrame.new(-0.1501,-0.0693,-0.1368,0.6666,0.3519,0.6571,-0.2387,0.9359,-0.2590,-0.7062,0.0158,0.7079),
      ["LeftLowerLeg"] = CFrame.new(0.0000,0.0447,-0.0064,1.0000,-0.0000,0.0000,0.0000,0.9344,0.3563,-0.0000,-0.3563,0.9344),
      ["LeftFoot"] = CFrame.new(0.0000,0.0093,0.0000,0.9743,-0.1723,-0.1451,0.1704,0.9850,-0.0255,0.1474,0.0001,0.9891),
    }},
    {Time = 0.533, Data = {
      ["HumanoidRootPart"] = CFrame.new(0.0000,0.0000,0.0000,1.0000,0.0000,0.0000,0.0000,1.0000,0.0000,0.0000,0.0000,1.0000),
      ["LowerTorso"] = CFrame.new(0.0027,-0.1063,0.0007,-0.3190,-0.1393,-0.9375,-0.0392,0.9902,-0.1338,0.9470,-0.0059,-0.3213),
      ["UpperTorso"] = CFrame.new(0.0000,0.0000,0.0000,0.9093,0.0274,0.4152,-0.0015,0.9980,-0.0628,-0.4161,0.0564,0.9076),
      ["LeftUpperArm"] = CFrame.new(0.0586,-0.0712,0.1560,0.8294,0.0470,0.5566,-0.1800,0.9658,0.1866,-0.5288,-0.2550,0.8095),
      ["LeftLowerArm"] = CFrame.new(-0.0005,0.0157,0.0012,1.0000,-0.0000,0.0000,0.0000,0.9875,-0.1579,0.0000,0.1579,0.9875),
      ["LeftHand"] = CFrame.new(0.0005,0.0000,0.0000,0.9947,-0.0379,0.0954,0.0091,0.9584,0.2853,-0.1022,-0.2829,0.9537),
      ["RightUpperArm"] = CFrame.new(0.0558,-0.3299,-0.0531,0.8809,0.0675,0.4685,0.3012,0.6837,-0.6648,-0.3651,0.7267,0.5819),
      ["RightLowerArm"] = CFrame.new(0.0000,0.0999,0.0943,1.0000,-0.0000,0.0000,0.0000,0.0556,-0.9985,0.0000,0.9985,0.0556),
      ["RightHand"] = CFrame.new(-0.0005,0.0000,0.0000,0.9974,0.0602,-0.0392,-0.0718,0.8511,-0.5200,0.0020,0.5215,0.8532),
      ["Head"] = CFrame.new(0.0000,0.0000,0.0000,0.3176,-0.0608,0.9463,-0.3336,0.9270,0.1715,-0.8876,-0.3702,0.2741),
      ["RightUpperLeg"] = CFrame.new(0.1631,-0.0866,-0.0021,0.7249,-0.4532,-0.5188,0.4856,0.8704,-0.0819,0.4887,-0.1926,0.8509),
      ["RightLowerLeg"] = CFrame.new(0.0000,0.0463,-0.0070,1.0000,-0.0000,0.0000,0.0000,0.9284,0.3716,-0.0000,-0.3716,0.9284),
      ["RightFoot"] = CFrame.new(0.0000,0.0098,-0.0001,0.8791,0.3647,0.3070,-0.2773,0.9151,-0.2928,-0.3877,0.1722,0.9055),
      ["LeftUpperLeg"] = CFrame.new(-0.1501,-0.0693,-0.1368,0.6659,0.3546,0.6564,-0.2392,0.9348,-0.2624,-0.7067,0.0178,0.7073),
      ["LeftLowerLeg"] = CFrame.new(0.0000,0.0451,-0.0064,1.0000,-0.0000,0.0000,0.0000,0.9333,0.3591,-0.0000,-0.3591,0.9333),
      ["LeftFoot"] = CFrame.new(0.0000,0.0093,0.0000,0.9742,-0.1725,-0.1453,0.1704,0.9850,-0.0268,0.1477,0.0013,0.9890),
    }},
    {Time = 0.567, Data = {
      ["HumanoidRootPart"] = CFrame.new(0.0000,0.0000,0.0000,1.0000,0.0000,0.0000,0.0000,1.0000,0.0000,0.0000,0.0000,1.0000),
      ["LowerTorso"] = CFrame.new(0.0027,-0.1055,0.0007,-0.3199,-0.1377,-0.9374,-0.0377,0.9905,-0.1326,0.9467,-0.0070,-0.3220),
      ["UpperTorso"] = CFrame.new(0.0000,0.0000,0.0000,0.9075,0.0311,0.4190,-0.0037,0.9978,-0.0661,-0.4201,0.0584,0.9056),
      ["LeftUpperArm"] = CFrame.new(0.0576,-0.0714,0.1546,0.8276,0.0462,0.5595,-0.1804,0.9656,0.1871,-0.5316,-0.2558,0.8075),
      ["LeftLowerArm"] = CFrame.new(-0.0005,0.0155,0.0012,1.0000,-0.0000,0.0000,0.0000,0.9877,-0.1561,0.0000,0.1561,0.9877),
      ["LeftHand"] = CFrame.new(0.0005,0.0000,0.0000,0.9947,-0.0359,0.0963,0.0056,0.9545,0.2983,-0.1026,-0.2962,0.9496),
      ["RightUpperArm"] = CFrame.new(0.0558,-0.3298,-0.0533,0.8811,0.0687,0.4678,0.3009,0.6818,-0.6668,-0.3648,0.7283,0.5801),
      ["RightLowerArm"] = CFrame.new(0.0000,0.0999,0.0940,1.0000,-0.0000,0.0000,0.0000,0.0589,-0.9983,0.0000,0.9983,0.0589),
      ["RightHand"] = CFrame.new(-0.0005,0.0000,0.0000,0.9975,0.0579,-0.0393,-0.0699,0.8450,-0.5302,0.0025,0.5316,0.8470),
      ["Head"] = CFrame.new(0.0000,0.0000,0.0000,0.3209,-0.0600,0.9452,-0.3344,0.9266,0.1723,-0.8861,-0.3713,0.2773),
      ["RightUpperLeg"] = CFrame.new(0.1631,-0.0866,-0.0021,0.7267,-0.4502,-0.5188,0.4832,0.8719,-0.0798,0.4882,-0.1927,0.8512),
      ["RightLowerLeg"] = CFrame.new(0.0000,0.0458,-0.0069,1.0000,-0.0000,0.0000,0.0000,0.9302,0.3672,-0.0000,-0.3672,0.9302),
      ["RightFoot"] = CFrame.new(0.0000,0.0097,-0.0001,0.8795,0.3640,0.3065,-0.2778,0.9157,-0.2903,-0.3863,0.1702,0.9065),
      ["LeftUpperLeg"] = CFrame.new(-0.1501,-0.0693,-0.1368,0.6647,0.3565,0.6565,-0.2398,0.9341,-0.2645,-0.7076,0.0184,0.7064),
      ["LeftLowerLeg"] = CFrame.new(0.0000,0.0450,-0.0064,1.0000,-0.0000,0.0000,0.0000,0.9330,0.3598,-0.0000,-0.3598,0.9330),
      ["LeftFoot"] = CFrame.new(0.0000,0.0093,0.0000,0.9741,-0.1728,-0.1455,0.1706,0.9850,-0.0273,0.1480,0.0018,0.9890),
    }},
    {Time = 0.600, Data = {
      ["HumanoidRootPart"] = CFrame.new(0.0000,0.0000,0.0000,1.0000,0.0000,0.0000,0.0000,1.0000,0.0000,0.0000,0.0000,1.0000),
      ["LowerTorso"] = CFrame.new(0.0027,-0.1042,0.0007,-0.3213,-0.1363,-0.9371,-0.0365,0.9906,-0.1315,0.9463,-0.0081,-0.3232),
      ["UpperTorso"] = CFrame.new(0.0000,0.0000,0.0000,0.9054,0.0346,0.4232,-0.0058,0.9976,-0.0693,-0.4246,0.0603,0.9034),
      ["LeftUpperArm"] = CFrame.new(0.0562,-0.0717,0.1525,0.8246,0.0448,0.5639,-0.1809,0.9654,0.1879,-0.5359,-0.2569,0.8042),
      ["LeftLowerArm"] = CFrame.new(-0.0005,0.0152,0.0012,1.0000,-0.0000,0.0000,0.0000,0.9882,-0.1532,0.0000,0.1532,0.9882),
      ["LeftHand"] = CFrame.new(0.0005,0.0000,0.0000,0.9947,-0.0339,0.0973,0.0021,0.9505,0.3106,-0.1030,-0.3088,0.9456),
      ["RightUpperArm"] = CFrame.new(0.0556,-0.3295,-0.0536,0.8815,0.0705,0.4668,0.3004,0.6790,-0.6699,-0.3642,0.7308,0.5774),
      ["RightLowerArm"] = CFrame.new(0.0000,0.0999,0.0935,1.0000,-0.0000,0.0000,0.0000,0.0640,-0.9980,0.0000,0.9980,0.0640),
      ["RightHand"] = CFrame.new(-0.0005,0.0000,0.0000,0.9977,0.0559,-0.0394,-0.0683,0.8392,-0.5394,0.0029,0.5409,0.8411),
      ["Head"] = CFrame.new(0.0000,0.0000,0.0000,0.3240,-0.0586,0.9442,-0.3349,0.9263,0.1724,-0.8848,-0.3721,0.2805),
      ["RightUpperLeg"] = CFrame.new(0.1631,-0.0866,-0.0021,0.7288,-0.4471,-0.5185,0.4808,0.8734,-0.0774,0.4875,-0.1929,0.8515),
      ["RightLowerLeg"] = CFrame.new(0.0000,0.0452,-0.0067,1.0000,-0.0000,0.0000,0.0000,0.9322,0.3619,-0.0000,-0.3619,0.9322),
      ["RightFoot"] = CFrame.new(0.0000,0.0096,-0.0001,0.8801,0.3631,0.3058,-0.2783,0.9165,-0.2873,-0.3846,0.1678,0.9077),
      ["LeftUpperLeg"] = CFrame.new(-0.1501,-0.0693,-0.1368,0.6632,0.3576,0.6575,-0.2404,0.9337,-0.2654,-0.7088,0.0179,0.7052),
      ["LeftLowerLeg"] = CFrame.new(0.0000,0.0450,-0.0064,1.0000,-0.0000,0.0000,0.0000,0.9335,0.3587,-0.0000,-0.3587,0.9335),
      ["LeftFoot"] = CFrame.new(0.0000,0.0093,0.0000,0.9740,-0.1732,-0.1458,0.1711,0.9849,-0.0271,0.1483,0.0015,0.9889),
    }},
    {Time = 0.633, Data = {
      ["HumanoidRootPart"] = CFrame.new(0.0000,0.0000,0.0000,1.0000,0.0000,0.0000,0.0000,1.0000,0.0000,0.0000,0.0000,1.0000),
      ["LowerTorso"] = CFrame.new(0.0027,-0.1025,0.0007,-0.3230,-0.1350,-0.9367,-0.0354,0.9908,-0.1306,0.9457,-0.0090,-0.3248),
      ["UpperTorso"] = CFrame.new(0.0000,0.0000,0.0000,0.9031,0.0378,0.4278,-0.0076,0.9974,-0.0721,-0.4294,0.0619,0.9010),
      ["LeftUpperArm"] = CFrame.new(0.0543,-0.0720,0.1497,0.8208,0.0431,0.5695,-0.1817,0.9651,0.1888,-0.5415,-0.2585,0.8000),
      ["LeftLowerArm"] = CFrame.new(-0.0005,0.0149,0.0011,1.0000,-0.0000,0.0000,0.0000,0.9888,-0.1495,0.0000,0.1495,0.9888),
      ["LeftHand"] = CFrame.new(0.0005,0.0000,0.0000,0.9947,-0.0322,0.0981,-0.0011,0.9469,0.3216,-0.1033,-0.3200,0.9418),
      ["RightUpperArm"] = CFrame.new(0.0554,-0.3292,-0.0539,0.8820,0.0729,0.4656,0.2999,0.6753,-0.6738,-0.3635,0.7339,0.5738),
      ["RightLowerArm"] = CFrame.new(0.0000,0.0998,0.0929,1.0000,-0.0000,0.0000,0.0000,0.0705,-0.9975,0.0000,0.9975,0.0705),
      ["RightHand"] = CFrame.new(-0.0005,0.0000,0.0000,0.9978,0.0542,-0.0395,-0.0669,0.8341,-0.5475,0.0033,0.5489,0.8359),
      ["Head"] = CFrame.new(0.0000,0.0000,0.0000,0.3268,-0.0567,0.9434,-0.3353,0.9263,0.1718,-0.8836,-0.3724,0.2837),
      ["RightUpperLeg"] = CFrame.new(0.1631,-0.0866,-0.0021,0.7312,-0.4442,-0.5177,0.4784,0.8749,-0.0751,0.4863,-0.1928,0.8522),
      ["RightLowerLeg"] = CFrame.new(0.0000,0.0446,-0.0065,1.0000,-0.0000,0.0000,0.0000,0.9342,0.3567,-0.0000,-0.3567,0.9342),
      ["RightFoot"] = CFrame.new(0.0000,0.0095,-0.0001,0.8808,0.3622,0.3049,-0.2788,0.9174,-0.2841,-0.3826,0.1652,0.9090),
      ["LeftUpperLeg"] = CFrame.new(-0.1501,-0.0693,-0.1368,0.6613,0.3579,0.6592,-0.2411,0.9336,-0.2650,-0.7103,0.0163,0.7037),
      ["LeftLowerLeg"] = CFrame.new(0.0000,0.0447,-0.0063,1.0000,-0.0000,0.0000,0.0000,0.9345,0.3558,-0.0000,-0.3558,0.9345),
      ["LeftFoot"] = CFrame.new(0.0000,0.0093,0.0000,0.9739,-0.1737,-0.1462,0.1717,0.9848,-0.0262,0.1486,0.0004,0.9889),
    }},
    {Time = 0.667, Data = {
      ["HumanoidRootPart"] = CFrame.new(0.0000,0.0000,0.0000,1.0000,0.0000,0.0000,0.0000,1.0000,0.0000,0.0000,0.0000,1.0000),
      ["LowerTorso"] = CFrame.new(0.0027,-0.1006,0.0007,-0.3250,-0.1339,-0.9362,-0.0346,0.9909,-0.1297,0.9451,-0.0097,-0.3267),
      ["UpperTorso"] = CFrame.new(0.0000,0.0000,0.0000,0.9008,0.0405,0.4324,-0.0091,0.9972,-0.0745,-0.4342,0.0632,0.8986),
      ["LeftUpperArm"] = CFrame.new(0.0520,-0.0725,0.1465,0.8163,0.0410,0.5761,-0.1826,0.9647,0.1900,-0.5480,-0.2603,0.7950),
      ["LeftLowerArm"] = CFrame.new(-0.0005,0.0144,0.0010,1.0000,-0.0000,0.0000,0.0000,0.9894,-0.1452,0.0000,0.1452,0.9894),
      ["LeftHand"] = CFrame.new(0.0005,0.0000,0.0000,0.9946,-0.0306,0.0989,-0.0038,0.9437,0.3308,-0.1034,-0.3294,0.9385),
      ["RightUpperArm"] = CFrame.new(0.0551,-0.3289,-0.0543,0.8826,0.0757,0.4640,0.2992,0.6710,-0.6785,-0.3627,0.7376,0.5695),
      ["RightLowerArm"] = CFrame.new(0.0000,0.0998,0.0921,1.0000,-0.0000,0.0000,0.0000,0.0781,-0.9969,0.0000,0.9969,0.0781),
      ["RightHand"] = CFrame.new(-0.0005,0.0000,0.0000,0.9978,0.0528,-0.0395,-0.0658,0.8299,-0.5540,0.0035,0.5554,0.8316),
      ["Head"] = CFrame.new(0.0000,0.0000,0.0000,0.3291,-0.0544,0.9427,-0.3354,0.9265,0.1706,-0.8827,-0.3723,0.2867),
      ["RightUpperLeg"] = CFrame.new(0.1631,-0.0866,-0.0021,0.7337,-0.4413,-0.5168,0.4762,0.8764,-0.0723,0.4848,-0.1930,0.8531),
      ["RightLowerLeg"] = CFrame.new(0.0000,0.0438,-0.0062,1.0000,-0.0000,0.0000,0.0000,0.9366,0.3505,-0.0000,-0.3505,0.9366),
      ["RightFoot"] = CFrame.new(0.0000,0.0093,-0.0001,0.8815,0.3611,0.3041,-0.2794,0.9183,-0.2804,-0.3805,0.1622,0.9104),
      ["LeftUpperLeg"] = CFrame.new(-0.1501,-0.0693,-0.1368,0.6593,0.3573,0.6616,-0.2417,0.9339,-0.2635,-0.7120,0.0138,0.7021),
      ["LeftLowerLeg"] = CFrame.new(0.0000,0.0442,-0.0062,1.0000,-0.0000,0.0000,0.0000,0.9362,0.3515,-0.0000,-0.3515,0.9362),
      ["LeftFoot"] = CFrame.new(0.0000,0.0092,0.0000,0.9737,-0.1742,-0.1467,0.1724,0.9847,-0.0247,0.1487,-0.0012,0.9889),
    }},
    {Time = 0.700, Data = {
      ["HumanoidRootPart"] = CFrame.new(0.0000,0.0000,0.0000,1.0000,0.0000,0.0000,0.0000,1.0000,0.0000,0.0000,0.0000,1.0000),
      ["LowerTorso"] = CFrame.new(0.0027,-0.0984,0.0007,-0.3272,-0.1331,-0.9356,-0.0341,0.9911,-0.1290,0.9444,-0.0103,-0.3288),
      ["UpperTorso"] = CFrame.new(0.0000,0.0000,0.0000,0.8985,0.0427,0.4369,-0.0102,0.9970,-0.0764,-0.4389,0.0642,0.8962),
      ["LeftUpperArm"] = CFrame.new(0.0495,-0.0730,0.1429,0.8113,0.0387,0.5834,-0.1836,0.9642,0.1912,-0.5551,-0.2622,0.7894),
      ["LeftLowerArm"] = CFrame.new(-0.0005,0.0139,0.0010,1.0000,-0.0000,0.0000,0.0000,0.9901,-0.1404,0.0000,0.1404,0.9901),
      ["LeftHand"] = CFrame.new(0.0005,0.0000,0.0000,0.9946,-0.0295,0.0994,-0.0058,0.9413,0.3375,-0.1036,-0.3363,0.9361),
      ["RightUpperArm"] = CFrame.new(0.0548,-0.3285,-0.0548,0.8832,0.0788,0.4623,0.2984,0.6661,-0.6836,-0.3618,0.7417,0.5648),
      ["RightLowerArm"] = CFrame.new(0.0000,0.0997,0.0912,1.0000,-0.0000,0.0000,0.0000,0.0866,-0.9962,0.0000,0.9962,0.0866),
      ["RightHand"] = CFrame.new(-0.0005,0.0000,0.0000,0.9979,0.0518,-0.0394,-0.0650,0.8268,-0.5587,0.0037,0.5601,0.8284),
      ["Head"] = CFrame.new(0.0000,0.0000,0.0000,0.3310,-0.0518,0.9422,-0.3353,0.9269,0.1688,-0.8821,-0.3717,0.2895),
      ["RightUpperLeg"] = CFrame.new(0.1631,-0.0866,-0.0021,0.7361,-0.4385,-0.5155,0.4742,0.8777,-0.0695,0.4830,-0.1933,0.8540),
      ["RightLowerLeg"] = CFrame.new(0.0000,0.0431,-0.0060,1.0000,-0.0000,0.0000,0.0000,0.9389,0.3442,-0.0000,-0.3442,0.9389),
      ["RightFoot"] = CFrame.new(0.0000,0.0092,-0.0001,0.8823,0.3601,0.3032,-0.2801,0.9193,-0.2766,-0.3783,0.1591,0.9119),
      ["LeftUpperLeg"] = CFrame.new(-0.1501,-0.0693,-0.1368,0.6571,0.3560,0.6644,-0.2424,0.9344,-0.2609,-0.7137,0.0104,0.7003),
      ["LeftLowerLeg"] = CFrame.new(0.0000,0.0435,-0.0060,1.0000,-0.0000,0.0000,0.0000,0.9383,0.3458,-0.0000,-0.3458,0.9383),
      ["LeftFoot"] = CFrame.new(0.0000,0.0090,0.0000,0.9736,-0.1747,-0.1471,0.1733,0.9846,-0.0226,0.1488,-0.0035,0.9889),
    }},
    {Time = 0.733, Data = {
      ["HumanoidRootPart"] = CFrame.new(0.0000,0.0000,0.0000,1.0000,0.0000,0.0000,0.0000,1.0000,0.0000,0.0000,0.0000,1.0000),
      ["LowerTorso"] = CFrame.new(0.0027,-0.0962,0.0007,-0.3294,-0.1325,-0.9348,-0.0339,0.9911,-0.1285,0.9436,-0.0107,-0.3310),
      ["UpperTorso"] = CFrame.new(0.0000,0.0000,0.0000,0.8963,0.0441,0.4412,-0.0109,0.9969,-0.0776,-0.4432,0.0648,0.8941),
      ["LeftUpperArm"] = CFrame.new(0.0468,-0.0735,0.1392,0.8059,0.0363,0.5910,-0.1846,0.9638,0.1925,-0.5626,-0.2643,0.7834),
      ["LeftLowerArm"] = CFrame.new(-0.0005,0.0134,0.0009,1.0000,-0.0000,0.0000,0.0000,0.9908,-0.1353,0.0000,0.1353,0.9908),
      ["LeftHand"] = CFrame.new(0.0005,0.0000,0.0000,0.9946,-0.0289,0.0998,-0.0069,0.9400,0.3411,-0.1036,-0.3400,0.9347),
      ["RightUpperArm"] = CFrame.new(0.0545,-0.3281,-0.0553,0.8839,0.0820,0.4605,0.2976,0.6610,-0.6889,-0.3609,0.7459,0.5598),
      ["RightLowerArm"] = CFrame.new(0.0000,0.0996,0.0903,1.0000,-0.0000,0.0000,0.0000,0.0955,-0.9954,0.0000,0.9954,0.0955),
      ["RightHand"] = CFrame.new(-0.0005,0.0000,0.0000,0.9979,0.0513,-0.0394,-0.0646,0.8252,-0.5612,0.0038,0.5626,0.8267),
      ["Head"] = CFrame.new(0.0000,0.0000,0.0000,0.3323,-0.0490,0.9419,-0.3349,0.9275,0.1664,-0.8817,-0.3707,0.2918),
      ["RightUpperLeg"] = CFrame.new(0.1631,-0.0866,-0.0021,0.7385,-0.4362,-0.5141,0.4725,0.8788,-0.0668,0.4810,-0.1936,0.8551),
      ["RightLowerLeg"] = CFrame.new(0.0000,0.0424,-0.0058,1.0000,-0.0000,0.0000,0.0000,0.9411,0.3381,-0.0000,-0.3381,0.9411),
      ["RightFoot"] = CFrame.new(0.0000,0.0091,-0.0001,0.8830,0.3590,0.3023,-0.2807,0.9202,-0.2728,-0.3762,0.1561,0.9133),
      ["LeftUpperLeg"] = CFrame.new(-0.1501,-0.0693,-0.1368,0.6549,0.3539,0.6677,-0.2430,0.9353,-0.2573,-0.7156,0.0062,0.6985),
      ["LeftLowerLeg"] = CFrame.new(0.0000,0.0427,-0.0057,1.0000,-0.0000,0.0000,0.0000,0.9408,0.3390,-0.0000,-0.3390,0.9408),
      ["LeftFoot"] = CFrame.new(0.0000,0.0089,0.0000,0.9734,-0.1752,-0.1475,0.1742,0.9845,-0.0200,0.1488,-0.0062,0.9889),
    }},
    {Time = 0.767, Data = {
      ["HumanoidRootPart"] = CFrame.new(0.0000,0.0000,0.0000,1.0000,0.0000,0.0000,0.0000,1.0000,0.0000,0.0000,0.0000,1.0000),
      ["LowerTorso"] = CFrame.new(0.0027,-0.0938,0.0007,-0.3317,-0.1323,-0.9341,-0.0340,0.9912,-0.1283,0.9428,-0.0108,-0.3332),
      ["UpperTorso"] = CFrame.new(0.0000,0.0000,0.0000,0.8945,0.0447,0.4449,-0.0110,0.9969,-0.0781,-0.4470,0.0649,0.8922),
      ["LeftUpperArm"] = CFrame.new(0.0440,-0.0740,0.1354,0.8003,0.0338,0.5986,-0.1857,0.9633,0.1939,-0.5701,-0.2663,0.7772),
      ["LeftLowerArm"] = CFrame.new(-0.0005,0.0129,0.0008,1.0000,-0.0000,0.0000,0.0000,0.9915,-0.1301,0.0000,0.1301,0.9915),
      ["LeftHand"] = CFrame.new(0.0005,0.0000,0.0000,0.9946,-0.0289,0.0998,-0.0069,0.9400,0.3411,-0.1036,-0.3400,0.9347),
      ["RightUpperArm"] = CFrame.new(0.0541,-0.3277,-0.0557,0.8845,0.0853,0.4586,0.2967,0.6557,-0.6943,-0.3599,0.7502,0.5546),
      ["RightLowerArm"] = CFrame.new(0.0000,0.0995,0.0894,1.0000,-0.0000,0.0000,0.0000,0.1046,-0.9945,0.0000,0.9945,0.1046),
      ["RightHand"] = CFrame.new(-0.0005,0.0000,0.0000,0.9979,0.0513,-0.0394,-0.0646,0.8252,-0.5612,0.0038,0.5626,0.8267),
      ["Head"] = CFrame.new(0.0000,0.0000,0.0000,0.3329,-0.0460,0.9418,-0.3343,0.9282,0.1634,-0.8817,-0.3692,0.2937),
      ["RightUpperLeg"] = CFrame.new(0.1631,-0.0866,-0.0021,0.7407,-0.4343,-0.5126,0.4713,0.8796,-0.0643,0.4788,-0.1939,0.8562),
      ["RightLowerLeg"] = CFrame.new(0.0000,0.0417,-0.0056,1.0000,-0.0000,0.0000,0.0000,0.9431,0.3324,-0.0000,-0.3324,0.9431),
      ["RightFoot"] = CFrame.new(0.0000,0.0090,-0.0001,0.8837,0.3581,0.3015,-0.2813,0.9211,-0.2693,-0.3741,0.1531,0.9147),
      ["LeftUpperLeg"] = CFrame.new(-0.1501,-0.0693,-0.1368,0.6528,0.3510,0.6713,-0.2436,0.9364,-0.2527,-0.7173,0.0015,0.6967),
      ["LeftLowerLeg"] = CFrame.new(0.0000,0.0417,-0.0054,1.0000,-0.0000,0.0000,0.0000,0.9436,0.3311,-0.0000,-0.3311,0.9436),
      ["LeftFoot"] = CFrame.new(0.0000,0.0087,0.0000,0.9733,-0.1757,-0.1480,0.1752,0.9844,-0.0170,0.1486,-0.0094,0.9888),
    }},
    {Time = 0.800, Data = {
      ["HumanoidRootPart"] = CFrame.new(0.0000,0.0000,0.0000,1.0000,0.0000,0.0000,0.0000,1.0000,0.0000,0.0000,0.0000,1.0000),
      ["LowerTorso"] = CFrame.new(0.0027,-0.0916,0.0007,-0.3339,-0.1324,-0.9333,-0.0344,0.9911,-0.1283,0.9420,-0.0107,-0.3355),
      ["UpperTorso"] = CFrame.new(0.0000,0.0000,0.0000,0.8929,0.0445,0.4480,-0.0106,0.9969,-0.0777,-0.4500,0.0646,0.8907),
      ["LeftUpperArm"] = CFrame.new(0.0412,-0.0746,0.1317,0.7947,0.0313,0.6061,-0.1868,0.9628,0.1951,-0.5775,-0.2683,0.7710),
      ["LeftLowerArm"] = CFrame.new(-0.0005,0.0124,0.0008,1.0000,-0.0000,0.0000,0.0000,0.9922,-0.1250,0.0000,0.1250,0.9922),
      ["LeftHand"] = CFrame.new(0.0005,0.0000,0.0000,0.9946,-0.0295,0.0994,-0.0058,0.9413,0.3375,-0.1036,-0.3363,0.9361),
      ["RightUpperArm"] = CFrame.new(0.0538,-0.3273,-0.0562,0.8852,0.0885,0.4567,0.2959,0.6504,-0.6996,-0.3590,0.7544,0.5496),
      ["RightLowerArm"] = CFrame.new(0.0000,0.0994,0.0885,1.0000,-0.0000,0.0000,0.0000,0.1135,-0.9935,0.0000,0.9935,0.1135),
      ["RightHand"] = CFrame.new(-0.0005,0.0000,0.0000,0.9979,0.0518,-0.0394,-0.0650,0.8268,-0.5587,0.0037,0.5601,0.8284),
      ["Head"] = CFrame.new(0.0000,0.0000,0.0000,0.3327,-0.0429,0.9421,-0.3334,0.9291,0.1601,-0.8821,-0.3673,0.2948),
      ["RightUpperLeg"] = CFrame.new(0.1631,-0.0866,-0.0021,0.7426,-0.4330,-0.5109,0.4705,0.8802,-0.0621,0.4766,-0.1943,0.8574),
      ["RightLowerLeg"] = CFrame.new(0.0000,0.0411,-0.0054,1.0000,-0.0000,0.0000,0.0000,0.9449,0.3273,-0.0000,-0.3273,0.9449),
      ["RightFoot"] = CFrame.new(0.0000,0.0088,-0.0001,0.8843,0.3572,0.3008,-0.2819,0.9218,-0.2660,-0.3723,0.1505,0.9158),
      ["LeftUpperLeg"] = CFrame.new(-0.1501,-0.0693,-0.1368,0.6507,0.3475,0.6751,-0.2440,0.9377,-0.2474,-0.7190,-0.0038,0.6950),
      ["LeftLowerLeg"] = CFrame.new(0.0000,0.0407,-0.0052,1.0000,-0.0000,0.0000,0.0000,0.9466,0.3224,-0.0000,-0.3224,0.9466),
      ["LeftFoot"] = CFrame.new(0.0000,0.0085,0.0000,0.9731,-0.1762,-0.1484,0.1762,0.9843,-0.0135,0.1484,-0.0130,0.9888),
    }},
    {Time = 0.833, Data = {
      ["HumanoidRootPart"] = CFrame.new(0.0000,0.0000,0.0000,1.0000,0.0000,0.0000,0.0000,1.0000,0.0000,0.0000,0.0000,1.0000),
      ["LowerTorso"] = CFrame.new(0.0027,-0.0894,0.0007,-0.3359,-0.1328,-0.9325,-0.0351,0.9911,-0.1285,0.9412,-0.0104,-0.3376),
      ["UpperTorso"] = CFrame.new(0.0000,0.0000,0.0000,0.8919,0.0434,0.4502,-0.0098,0.9970,-0.0767,-0.4522,0.0640,0.8896),
      ["LeftUpperArm"] = CFrame.new(0.0385,-0.0751,0.1282,0.7894,0.0289,0.6132,-0.1878,0.9624,0.1964,-0.5844,-0.2702,0.7652),
      ["LeftLowerArm"] = CFrame.new(-0.0005,0.0119,0.0007,1.0000,-0.0000,0.0000,0.0000,0.9927,-0.1202,0.0000,0.1202,0.9927),
      ["LeftHand"] = CFrame.new(0.0005,0.0000,0.0000,0.9946,-0.0306,0.0989,-0.0038,0.9437,0.3308,-0.1034,-0.3294,0.9385),
      ["RightUpperArm"] = CFrame.new(0.0535,-0.3269,-0.0566,0.8858,0.0916,0.4549,0.2951,0.6454,-0.7045,-0.3581,0.7583,0.5447),
      ["RightLowerArm"] = CFrame.new(0.0000,0.0993,0.0877,1.0000,-0.0000,0.0000,0.0000,0.1219,-0.9925,0.0000,0.9925,0.1219),
      ["RightHand"] = CFrame.new(-0.0005,0.0000,0.0000,0.9978,0.0528,-0.0394,-0.0658,0.8299,-0.5540,0.0035,0.5554,0.8316),
      ["Head"] = CFrame.new(0.0000,0.0000,0.0000,0.3317,-0.0400,0.9425,-0.3323,0.9301,0.1565,-0.8829,-0.3651,0.2952),
      ["RightUpperLeg"] = CFrame.new(0.1631,-0.0866,-0.0021,0.7442,-0.4322,-0.5093,0.4702,0.8805,-0.0603,0.4745,-0.1945,0.8585),
      ["RightLowerLeg"] = CFrame.new(0.0000,0.0406,-0.0053,1.0000,-0.0000,0.0000,0.0000,0.9464,0.3230,-0.0000,-0.3230,0.9464),
      ["RightFoot"] = CFrame.new(0.0000,0.0087,-0.0001,0.8848,0.3564,0.3001,-0.2823,0.9225,-0.2632,-0.3707,0.1482,0.9169),
      ["LeftUpperLeg"] = CFrame.new(-0.1501,-0.0693,-0.1368,0.6489,0.3434,0.6789,-0.2444,0.9391,-0.2414,-0.7205,-0.0092,0.6934),
      ["LeftLowerLeg"] = CFrame.new(0.0000,0.0396,-0.0048,1.0000,-0.0000,0.0000,0.0000,0.9497,0.3133,-0.0000,-0.3133,0.9497),
      ["LeftFoot"] = CFrame.new(0.0000,0.0083,0.0000,0.9730,-0.1766,-0.1487,0.1771,0.9841,-0.0099,0.1481,-0.0167,0.9888),
    }},
    {Time = 0.867, Data = {
      ["HumanoidRootPart"] = CFrame.new(0.0000,0.0000,0.0000,1.0000,0.0000,0.0000,0.0000,1.0000,0.0000,0.0000,0.0000,1.0000),
      ["LowerTorso"] = CFrame.new(0.0027,-0.0875,0.0007,-0.3377,-0.1334,-0.9317,-0.0361,0.9910,-0.1289,0.9406,-0.0099,-0.3395),
      ["UpperTorso"] = CFrame.new(0.0000,0.0000,0.0000,0.8913,0.0416,0.4516,-0.0086,0.9971,-0.0750,-0.4534,0.0629,0.8891),
      ["LeftUpperArm"] = CFrame.new(0.0361,-0.0756,0.1251,0.7846,0.0268,0.6195,-0.1887,0.9620,0.1974,-0.5906,-0.2718,0.7598),
      ["LeftLowerArm"] = CFrame.new(-0.0005,0.0115,0.0007,1.0000,-0.0000,0.0000,0.0000,0.9933,-0.1159,0.0000,0.1159,0.9933),
      ["LeftHand"] = CFrame.new(0.0005,0.0000,0.0000,0.9947,-0.0322,0.0981,-0.0011,0.9469,0.3216,-0.1033,-0.3200,0.9418),
      ["RightUpperArm"] = CFrame.new(0.0532,-0.3265,-0.0570,0.8864,0.0943,0.4533,0.2944,0.6409,-0.7090,-0.3573,0.7618,0.5403),
      ["RightLowerArm"] = CFrame.new(0.0000,0.0992,0.0869,1.0000,-0.0000,0.0000,0.0000,0.1296,-0.9916,0.0000,0.9916,0.1296),
      ["RightHand"] = CFrame.new(-0.0005,0.0000,0.0000,0.9978,0.0542,-0.0394,-0.0669,0.8341,-0.5475,0.0032,0.5489,0.8359),
      ["Head"] = CFrame.new(0.0000,0.0000,0.0000,0.3300,-0.0373,0.9432,-0.3311,0.9311,0.1527,-0.8840,-0.3627,0.2949),
      ["RightUpperLeg"] = CFrame.new(0.1631,-0.0866,-0.0021,0.7454,-0.4321,-0.5076,0.4703,0.8806,-0.0589,0.4725,-0.1948,0.8596),
      ["RightLowerLeg"] = CFrame.new(0.0000,0.0402,-0.0052,1.0000,-0.0000,0.0000,0.0000,0.9475,0.3196,-0.0000,-0.3196,0.9475),
      ["RightFoot"] = CFrame.new(0.0000,0.0087,-0.0001,0.8852,0.3558,0.2996,-0.2827,0.9230,-0.2609,-0.3694,0.1463,0.9177),
      ["LeftUpperLeg"] = CFrame.new(-0.1501,-0.0693,-0.1368,0.6474,0.3390,0.6826,-0.2446,0.9407,-0.2352,-0.7219,-0.0147,0.6919),
      ["LeftLowerLeg"] = CFrame.new(0.0000,0.0385,-0.0046,1.0000,-0.0000,0.0000,0.0000,0.9527,0.3040,-0.0000,-0.3040,0.9527),
      ["LeftFoot"] = CFrame.new(0.0000,0.0081,0.0000,0.9729,-0.1770,-0.1490,0.1780,0.9840,-0.0061,0.1477,-0.0206,0.9888),
    }},
    {Time = 0.900, Data = {
      ["HumanoidRootPart"] = CFrame.new(0.0000,0.0000,0.0000,1.0000,0.0000,0.0000,0.0000,1.0000,0.0000,0.0000,0.0000,1.0000),
      ["LowerTorso"] = CFrame.new(0.0027,-0.0858,0.0007,-0.3392,-0.1344,-0.9311,-0.0372,0.9909,-0.1294,0.9400,-0.0092,-0.3411),
      ["UpperTorso"] = CFrame.new(0.0000,0.0000,0.0000,0.8911,0.0393,0.4521,-0.0070,0.9973,-0.0727,-0.4537,0.0616,0.8890),
      ["LeftUpperArm"] = CFrame.new(0.0340,-0.0760,0.1225,0.7804,0.0249,0.6248,-0.1895,0.9616,0.1984,-0.5959,-0.2732,0.7552),
      ["LeftLowerArm"] = CFrame.new(-0.0005,0.0111,0.0006,1.0000,-0.0000,0.0000,0.0000,0.9937,-0.1122,0.0000,0.1122,0.9937),
      ["LeftHand"] = CFrame.new(0.0005,0.0000,0.0000,0.9947,-0.0339,0.0973,0.0021,0.9505,0.3106,-0.1030,-0.3088,0.9456),
      ["RightUpperArm"] = CFrame.new(0.0530,-0.3262,-0.0574,0.8869,0.0966,0.4518,0.2937,0.6370,-0.7127,-0.3567,0.7648,0.5365),
      ["RightLowerArm"] = CFrame.new(0.0000,0.0992,0.0863,1.0000,-0.0000,0.0000,0.0000,0.1360,-0.9907,0.0000,0.9907,0.1360),
      ["RightHand"] = CFrame.new(-0.0005,0.0000,0.0000,0.9977,0.0559,-0.0394,-0.0683,0.8392,-0.5394,0.0029,0.5409,0.8411),
      ["Head"] = CFrame.new(0.0000,0.0000,0.0000,0.3277,-0.0350,0.9441,-0.3299,0.9322,0.1491,-0.8853,-0.3603,0.2940),
      ["RightUpperLeg"] = CFrame.new(0.1631,-0.0866,-0.0021,0.7462,-0.4325,-0.5061,0.4708,0.8803,-0.0581,0.4706,-0.1950,0.8605),
      ["RightLowerLeg"] = CFrame.new(0.0000,0.0399,-0.0051,1.0000,-0.0000,0.0000,0.0000,0.9483,0.3174,-0.0000,-0.3174,0.9483),
      ["RightFoot"] = CFrame.new(0.0000,0.0086,-0.0001,0.8855,0.3554,0.2992,-0.2829,0.9234,-0.2593,-0.3685,0.1450,0.9183),
      ["LeftUpperLeg"] = CFrame.new(-0.1501,-0.0693,-0.1368,0.6461,0.3345,0.6860,-0.2448,0.9422,-0.2289,-0.7229,-0.0200,0.6906),
      ["LeftLowerLeg"] = CFrame.new(0.0000,0.0374,-0.0043,1.0000,-0.0000,0.0000,0.0000,0.9555,0.2951,-0.0000,-0.2951,0.9555),
      ["LeftFoot"] = CFrame.new(0.0000,0.0079,0.0000,0.9728,-0.1772,-0.1492,0.1789,0.9839,-0.0025,0.1473,-0.0243,0.9888),
    }},
    {Time = 0.933, Data = {
      ["HumanoidRootPart"] = CFrame.new(0.0000,0.0000,0.0000,1.0000,0.0000,0.0000,0.0000,1.0000,0.0000,0.0000,0.0000,1.0000),
      ["LowerTorso"] = CFrame.new(0.0027,-0.0845,0.0007,-0.3403,-0.1355,-0.9305,-0.0386,0.9907,-0.1302,0.9395,-0.0084,-0.3424),
      ["UpperTorso"] = CFrame.new(0.0000,0.0000,0.0000,0.8914,0.0364,0.4517,-0.0052,0.9975,-0.0700,-0.4531,0.0600,0.8894),
      ["LeftUpperArm"] = CFrame.new(0.0324,-0.0763,0.1205,0.7771,0.0235,0.6289,-0.1902,0.9614,0.1991,-0.5999,-0.2743,0.7516),
      ["LeftLowerArm"] = CFrame.new(-0.0005,0.0108,0.0006,1.0000,-0.0000,0.0000,0.0000,0.9940,-0.1093,0.0000,0.1093,0.9940),
      ["LeftHand"] = CFrame.new(0.0005,0.0000,0.0000,0.9947,-0.0359,0.0963,0.0056,0.9545,0.2983,-0.1026,-0.2962,0.9496),
      ["RightUpperArm"] = CFrame.new(0.0528,-0.3260,-0.0576,0.8872,0.0984,0.4507,0.2933,0.6340,-0.7156,-0.3562,0.7671,0.5336),
      ["RightLowerArm"] = CFrame.new(0.0000,0.0991,0.0858,1.0000,-0.0000,0.0000,0.0000,0.1410,-0.9900,0.0000,0.9900,0.1410),
      ["RightHand"] = CFrame.new(-0.0005,0.0000,0.0000,0.9975,0.0579,-0.0393,-0.0699,0.8450,-0.5302,0.0025,0.5316,0.8470),
      ["Head"] = CFrame.new(0.0000,0.0000,0.0000,0.3250,-0.0331,0.9451,-0.3286,0.9332,0.1457,-0.8868,-0.3579,0.2924),
      ["RightUpperLeg"] = CFrame.new(0.1631,-0.0866,-0.0021,0.7465,-0.4335,-0.5047,0.4718,0.8798,-0.0578,0.4691,-0.1950,0.8613),
      ["RightLowerLeg"] = CFrame.new(0.0000,0.0398,-0.0051,1.0000,-0.0000,0.0000,0.0000,0.9486,0.3165,-0.0000,-0.3165,0.9486),
      ["RightFoot"] = CFrame.new(0.0000,0.0086,-0.0001,0.8857,0.3551,0.2990,-0.2830,0.9236,-0.2585,-0.3680,0.1443,0.9186),
      ["LeftUpperLeg"] = CFrame.new(-0.1501,-0.0693,-0.1368,0.6453,0.3300,0.6890,-0.2448,0.9437,-0.2227,-0.7237,-0.0249,0.6897),
      ["LeftLowerLeg"] = CFrame.new(0.0000,0.0365,-0.0040,1.0000,-0.0000,0.0000,0.0000,0.9579,0.2870,-0.0000,-0.2870,0.9579),
      ["LeftFoot"] = CFrame.new(0.0000,0.0078,0.0000,0.9727,-0.1774,-0.1494,0.1795,0.9838,0.0009,0.1468,-0.0277,0.9888),
    }},
    {Time = 0.967, Data = {
      ["HumanoidRootPart"] = CFrame.new(0.0000,0.0000,0.0000,1.0000,0.0000,0.0000,0.0000,1.0000,0.0000,0.0000,0.0000,1.0000),
      ["LowerTorso"] = CFrame.new(0.0027,-0.0837,0.0007,-0.3410,-0.1369,-0.9300,-0.0401,0.9906,-0.1311,0.9392,-0.0074,-0.3433),
      ["UpperTorso"] = CFrame.new(0.0000,0.0000,0.0000,0.8922,0.0330,0.4504,-0.0032,0.9978,-0.0669,-0.4516,0.0583,0.8903),
      ["LeftUpperArm"] = CFrame.new(0.0313,-0.0765,0.1192,0.7750,0.0226,0.6316,-0.1906,0.9612,0.1995,-0.6026,-0.2750,0.7492),
      ["LeftLowerArm"] = CFrame.new(-0.0005,0.0106,0.0006,1.0000,-0.0000,0.0000,0.0000,0.9942,-0.1074,0.0000,0.1074,0.9942),
      ["LeftHand"] = CFrame.new(0.0005,0.0000,0.0000,0.9947,-0.0379,0.0954,0.0091,0.9584,0.2853,-0.1022,-0.2829,0.9537),
      ["RightUpperArm"] = CFrame.new(0.0527,-0.3258,-0.0578,0.8875,0.0995,0.4500,0.2929,0.6320,-0.7175,-0.3558,0.7686,0.5317),
      ["RightLowerArm"] = CFrame.new(0.0000,0.0991,0.0855,1.0000,-0.0000,0.0000,0.0000,0.1443,-0.9895,0.0000,0.9895,0.1443),
      ["RightHand"] = CFrame.new(-0.0005,0.0000,0.0000,0.9974,0.0602,-0.0392,-0.0718,0.8511,-0.5200,0.0020,0.5215,0.8532),
      ["Head"] = CFrame.new(0.0000,0.0000,0.0000,0.3219,-0.0318,0.9463,-0.3274,0.9341,0.1427,-0.8884,-0.3557,0.2902),
      ["RightUpperLeg"] = CFrame.new(0.1631,-0.0866,-0.0021,0.7463,-0.4352,-0.5036,0.4733,0.8790,-0.0582,0.4680,-0.1949,0.8620),
      ["RightLowerLeg"] = CFrame.new(0.0000,0.0399,-0.0051,1.0000,-0.0000,0.0000,0.0000,0.9484,0.3171,-0.0000,-0.3171,0.9484),
      ["RightFoot"] = CFrame.new(0.0000,0.0086,-0.0001,0.8857,0.3552,0.2990,-0.2831,0.9236,-0.2585,-0.3680,0.1443,0.9186),
      ["LeftUpperLeg"] = CFrame.new(-0.1501,-0.0693,-0.1368,0.6449,0.3260,0.6912,-0.2446,0.9449,-0.2174,-0.7240,-0.0289,0.6892),
      ["LeftLowerLeg"] = CFrame.new(0.0000,0.0357,-0.0038,1.0000,-0.0000,0.0000,0.0000,0.9598,0.2806,-0.0000,-0.2806,0.9598),
      ["LeftFoot"] = CFrame.new(0.0000,0.0076,0.0000,0.9727,-0.1774,-0.1494,0.1800,0.9837,0.0036,0.1463,-0.0304,0.9888),
    }},
    {Time = 1.000, Data = {
      ["HumanoidRootPart"] = CFrame.new(0.0000,0.0000,0.0000,1.0000,0.0000,0.0000,0.0000,1.0000,0.0000,0.0000,0.0000,1.0000),
      ["LowerTorso"] = CFrame.new(0.0027,-0.0834,0.0007,-0.3411,-0.1384,-0.9298,-0.0417,0.9904,-0.1322,0.9391,-0.0064,-0.3436),
      ["UpperTorso"] = CFrame.new(0.0000,0.0000,0.0000,0.8935,0.0294,0.4482,-0.0009,0.9980,-0.0635,-0.4492,0.0563,0.8917),
      ["LeftUpperArm"] = CFrame.new(0.0309,-0.0766,0.1187,0.7742,0.0222,0.6325,-0.1907,0.9611,0.1997,-0.6035,-0.2752,0.7484),
      ["LeftLowerArm"] = CFrame.new(-0.0005,0.0106,0.0006,1.0000,-0.0000,0.0000,0.0000,0.9943,-0.1068,0.0000,0.1068,0.9943),
      ["LeftHand"] = CFrame.new(0.0005,0.0000,0.0000,0.9947,-0.0398,0.0945,0.0126,0.9621,0.2723,-0.1018,-0.2696,0.9576),
      ["RightUpperArm"] = CFrame.new(0.0526,-0.3257,-0.0578,0.8875,0.0999,0.4498,0.2928,0.6313,-0.7181,-0.3557,0.7691,0.5310),
      ["RightLowerArm"] = CFrame.new(0.0000,0.0990,0.0854,1.0000,-0.0000,0.0000,0.0000,0.1454,-0.9894,0.0000,0.9894,0.1454),
      ["RightHand"] = CFrame.new(-0.0005,0.0000,0.0000,0.9973,0.0626,-0.0390,-0.0737,0.8574,-0.5094,0.0015,0.5109,0.8596),
      ["Head"] = CFrame.new(0.0000,0.0000,0.0000,0.3185,-0.0311,0.9474,-0.3262,0.9348,0.1404,-0.8900,-0.3538,0.2876),
      ["RightUpperLeg"] = CFrame.new(0.1631,-0.0866,-0.0021,0.7456,-0.4375,-0.5027,0.4752,0.8779,-0.0592,0.4673,-0.1947,0.8624),
      ["RightLowerLeg"] = CFrame.new(0.0000,0.0401,-0.0051,1.0000,-0.0000,0.0000,0.0000,0.9476,0.3193,-0.0000,-0.3193,0.9476),
      ["RightFoot"] = CFrame.new(0.0000,0.0087,-0.0001,0.8856,0.3553,0.2992,-0.2828,0.9234,-0.2595,-0.3685,0.1452,0.9182),
      ["LeftUpperLeg"] = CFrame.new(-0.1501,-0.0693,-0.1368,0.6451,0.3222,0.6928,-0.2443,0.9461,-0.2125,-0.7240,-0.0322,0.6891),
      ["LeftLowerLeg"] = CFrame.new(0.0000,0.0351,-0.0037,1.0000,-0.0000,0.0000,0.0000,0.9614,0.2752,-0.0000,-0.2752,0.9614),
      ["LeftFoot"] = CFrame.new(0.0000,0.0075,0.0000,0.9727,-0.1774,-0.1494,0.1803,0.9836,0.0060,0.1458,-0.0327,0.9888),
    }},
  }
}
