return {
  ["93829190507289"] = {
    {Time = 0.000, Data = {
      ["HumanoidRootPart"] = CFrame.new(0.0000,0.0000,0.0000,1.0000,0.0000,0.0000,0.0000,1.0000,0.0000,0.0000,0.0000,1.0000),
      ["LowerTorso"] = CFrame.new(-0.0210,-0.2997,-0.0199,0.9992,0.0072,-0.0396,-0.0044,0.9976,0.0694,0.0400,-0.0691,0.9968),
      ["UpperTorso"] = CFrame.new(0.1866,-0.0316,-0.0097,0.9733,-0.0819,0.2144,0.0764,0.9965,0.0339,-0.2164,-0.0167,0.9762),
      ["LeftUpperArm"] = CFrame.new(-0.0650,-0.2416,-0.0493,0.8700,0.3765,0.3183,-0.4831,0.7800,0.3977,-0.0986,-0.4998,0.8605),
      ["LeftLowerArm"] = CFrame.new(-0.0005,-0.0052,0.0000,1.0000,-0.0000,0.0000,0.0000,1.0000,-0.0000,0.0000,0.0000,1.0000),
      ["LeftHand"] = CFrame.new(0.0005,-0.0050,0.0000,0.9571,0.1199,-0.2639,-0.1798,0.9598,-0.2157,0.2275,0.2539,0.9401),
      ["RightUpperArm"] = CFrame.new(0.0226,-0.0401,0.1432,0.9548,-0.0480,0.2935,0.0801,0.9919,-0.0982,-0.2864,0.1173,0.9509),
      ["RightLowerArm"] = CFrame.new(0.0000,0.0748,0.0220,1.0000,-0.0000,0.0000,0.0000,0.7755,-0.6313,0.0000,0.6313,0.7755),
      ["RightHand"] = CFrame.new(-0.0005,0.0131,0.0000,0.9897,-0.1053,0.0970,0.1036,0.9944,0.0220,-0.0988,-0.0117,0.9950),
      ["Head"] = CFrame.new(0.0473,0.0195,0.0106,0.9867,-0.0164,-0.1617,0.0114,0.9994,-0.0315,0.1621,0.0293,0.9863),
      ["RightUpperLeg"] = CFrame.new(0.0000,0.0000,0.0000,0.9805,0.0954,0.1719,-0.1625,0.8850,0.4363,-0.1105,-0.4557,0.8833),
      ["RightLowerLeg"] = CFrame.new(0.0000,0.0088,-0.0002,1.0000,-0.0000,0.0000,0.0000,0.9979,0.0651,-0.0000,-0.0651,0.9979),
      ["RightFoot"] = CFrame.new(0.0000,0.0023,-0.0001,0.9732,-0.1758,-0.1480,0.0612,0.8190,-0.5705,0.2216,0.5461,0.8079),
      ["LeftUpperLeg"] = CFrame.new(0.0000,0.0000,-0.0001,0.9860,-0.0935,0.1383,0.1637,0.7039,-0.6912,-0.0327,0.7041,0.7093),
      ["LeftLowerLeg"] = CFrame.new(0.0000,0.0391,-0.0047,1.0000,-0.0000,0.0000,0.0000,0.9512,0.3086,-0.0000,-0.3086,0.9512),
      ["LeftFoot"] = CFrame.new(0.0000,0.0082,0.0000,0.9989,0.0354,0.0298,-0.0385,0.9928,0.1131,-0.0256,-0.1141,0.9931),
    }},
    {Time = 0.033, Data = {
      ["HumanoidRootPart"] = CFrame.new(0.0000,0.0000,0.0000,1.0000,0.0000,0.0000,0.0000,1.0000,0.0000,0.0000,0.0000,1.0000),
      ["LowerTorso"] = CFrame.new(-0.0235,-0.2966,-0.0191,0.9990,0.0104,-0.0444,-0.0070,0.9971,0.0756,0.0451,-0.0753,0.9961),
      ["UpperTorso"] = CFrame.new(0.1798,-0.0316,-0.0095,0.9736,-0.0823,0.2129,0.0782,0.9965,0.0280,-0.2144,-0.0106,0.9767),
      ["LeftUpperArm"] = CFrame.new(-0.0606,-0.2337,-0.0484,0.8787,0.3626,0.3105,-0.4674,0.7855,0.4055,-0.0969,-0.5015,0.8597),
      ["LeftLowerArm"] = CFrame.new(-0.0005,-0.0076,0.0000,1.0000,-0.0000,0.0000,0.0000,1.0000,-0.0000,0.0000,0.0000,1.0000),
      ["LeftHand"] = CFrame.new(0.0005,-0.0074,0.0000,0.9562,0.1257,-0.2645,-0.1879,0.9561,-0.2251,0.2246,0.2649,0.9378),
      ["RightUpperArm"] = CFrame.new(0.0252,-0.0385,0.1520,0.9496,-0.0495,0.3096,0.0770,0.9941,-0.0771,-0.3039,0.0970,0.9477),
      ["RightLowerArm"] = CFrame.new(0.0000,0.0759,0.0226,1.0000,-0.0000,0.0000,0.0000,0.7692,-0.6390,0.0000,0.6390,0.7692),
      ["RightHand"] = CFrame.new(-0.0005,0.0135,0.0000,0.9867,-0.1169,0.1130,0.1153,0.9931,0.0203,-0.1146,-0.0070,0.9934),
      ["Head"] = CFrame.new(0.0472,0.0189,0.0102,0.9876,-0.0175,-0.1560,0.0127,0.9994,-0.0320,0.1565,0.0296,0.9872),
      ["RightUpperLeg"] = CFrame.new(0.0000,0.0000,0.0000,0.9873,0.1024,0.1217,-0.1379,0.9323,0.3343,-0.0792,-0.3468,0.9346),
      ["RightLowerLeg"] = CFrame.new(0.0000,0.0318,-0.0031,1.0000,-0.0000,0.0000,0.0000,0.9682,0.2502,-0.0000,-0.2502,0.9682),
      ["RightFoot"] = CFrame.new(0.0000,0.0071,-0.0001,0.9815,-0.1465,-0.1233,0.0540,0.8296,-0.5558,0.1837,0.5388,0.8221),
      ["LeftUpperLeg"] = CFrame.new(0.0000,0.0000,-0.0001,0.9864,-0.0926,0.1361,0.1615,0.7055,-0.6900,-0.0321,0.7026,0.7109),
      ["LeftLowerLeg"] = CFrame.new(0.0000,0.0424,-0.0056,1.0000,-0.0000,0.0000,0.0000,0.9416,0.3367,-0.0000,-0.3367,0.9416),
      ["LeftFoot"] = CFrame.new(0.0000,0.0088,0.0000,0.9924,0.0940,0.0791,-0.1058,0.9811,0.1621,-0.0624,-0.1693,0.9836),
    }},
    {Time = 0.067, Data = {
      ["HumanoidRootPart"] = CFrame.new(0.0000,0.0000,0.0000,1.0000,0.0000,0.0000,0.0000,1.0000,0.0000,0.0000,0.0000,1.0000),
      ["LowerTorso"] = CFrame.new(-0.0302,-0.2872,-0.0138,0.9983,0.0204,-0.0540,-0.0155,0.9959,0.0893,0.0556,-0.0884,0.9945),
      ["UpperTorso"] = CFrame.new(0.1610,-0.0317,-0.0090,0.9751,-0.0844,0.2049,0.0830,0.9964,0.0151,-0.2055,0.0022,0.9787),
      ["LeftUpperArm"] = CFrame.new(-0.0492,-0.2112,-0.0461,0.9017,0.3250,0.2852,-0.4225,0.8027,0.4209,-0.0922,-0.5000,0.8611),
      ["LeftLowerArm"] = CFrame.new(-0.0005,-0.0114,0.0001,1.0000,-0.0000,0.0000,0.0000,1.0000,-0.0000,0.0000,0.0000,1.0000),
      ["LeftHand"] = CFrame.new(0.0005,-0.0112,0.0000,0.9532,0.1420,-0.2668,-0.2093,0.9470,-0.2436,0.2180,0.2881,0.9325),
      ["RightUpperArm"] = CFrame.new(0.0280,-0.0290,0.1625,0.9439,-0.0443,0.3271,0.0580,0.9978,-0.0324,-0.3250,0.0496,0.9444),
      ["RightLowerArm"] = CFrame.new(0.0000,0.0741,0.0216,1.0000,-0.0000,0.0000,0.0000,0.7791,-0.6269,0.0000,0.6269,0.7791),
      ["RightHand"] = CFrame.new(-0.0005,0.0128,0.0000,0.9789,-0.1415,0.1477,0.1400,0.9899,0.0205,-0.1491,0.0006,0.9888),
      ["Head"] = CFrame.new(0.0467,0.0172,0.0093,0.9899,-0.0207,-0.1402,0.0162,0.9993,-0.0331,0.1408,0.0305,0.9896),
      ["RightUpperLeg"] = CFrame.new(0.0000,0.0000,0.0000,0.9924,0.0997,0.0724,-0.1080,0.9866,0.1221,-0.0593,-0.1290,0.9899),
      ["RightLowerLeg"] = CFrame.new(0.0000,0.0646,-0.0147,1.0000,-0.0000,0.0000,0.0000,0.8503,0.5262,-0.0000,-0.5262,0.8503),
      ["RightFoot"] = CFrame.new(0.0000,0.0131,-0.0001,0.9871,-0.1222,-0.1029,0.0529,0.8578,-0.5112,0.1508,0.4992,0.8533),
      ["LeftUpperLeg"] = CFrame.new(0.0000,0.0000,-0.0001,0.9818,-0.0890,0.1676,0.1804,0.7118,-0.6788,-0.0589,0.6968,0.7149),
      ["LeftLowerLeg"] = CFrame.new(0.0000,0.0508,-0.0085,1.0000,-0.0000,0.0000,0.0000,0.9131,0.4078,-0.0000,-0.4078,0.9131),
      ["LeftFoot"] = CFrame.new(0.0000,0.0104,0.0000,0.9728,0.1771,0.1491,-0.2052,0.9577,0.2017,-0.1071,-0.2268,0.9680),
    }},
    {Time = 0.100, Data = {
      ["HumanoidRootPart"] = CFrame.new(0.0000,0.0000,0.0000,1.0000,0.0000,0.0000,0.0000,1.0000,0.0000,0.0000,0.0000,1.0000),
      ["LowerTorso"] = CFrame.new(-0.0396,-0.2710,0.0005,0.9975,0.0374,-0.0608,-0.0310,0.9942,0.1027,0.0643,-0.1006,0.9928),
      ["UpperTorso"] = CFrame.new(0.1325,-0.0317,-0.0083,0.9786,-0.0894,0.1854,0.0904,0.9959,0.0029,-0.1849,0.0139,0.9827),
      ["LeftUpperArm"] = CFrame.new(-0.0338,-0.1758,-0.0420,0.9324,0.2702,0.2400,-0.3515,0.8322,0.4287,-0.0839,-0.4841,0.8710),
      ["LeftLowerArm"] = CFrame.new(-0.0005,-0.0123,0.0001,1.0000,-0.0000,0.0000,0.0000,1.0000,-0.0000,0.0000,0.0000,1.0000),
      ["LeftHand"] = CFrame.new(0.0005,-0.0121,0.0000,0.9479,0.1668,-0.2715,-0.2383,0.9367,-0.2565,0.2116,0.3079,0.9276),
      ["RightUpperArm"] = CFrame.new(0.0179,-0.0100,0.1321,0.9642,-0.0151,0.2646,0.0200,0.9997,-0.0160,-0.2643,0.0207,0.9642),
      ["RightLowerArm"] = CFrame.new(0.0000,0.0591,0.0134,1.0000,-0.0000,0.0000,0.0000,0.8640,-0.5035,0.0000,0.5035,0.8640),
      ["RightHand"] = CFrame.new(-0.0005,0.0096,0.0000,0.9741,-0.1507,0.1688,0.1514,0.9884,0.0088,-0.1682,0.0169,0.9856),
      ["Head"] = CFrame.new(0.0451,0.0150,0.0081,0.9929,-0.0252,-0.1160,0.0213,0.9992,-0.0345,0.1168,0.0318,0.9926),
      ["RightUpperLeg"] = CFrame.new(0.0000,0.0000,0.0000,0.9942,0.0900,0.0597,-0.0828,0.9900,-0.1138,-0.0693,0.1082,0.9917),
      ["RightLowerLeg"] = CFrame.new(0.0000,0.0874,-0.0280,1.0000,-0.0000,0.0000,0.0000,0.7135,0.7007,-0.0000,-0.7007,0.7135),
      ["RightFoot"] = CFrame.new(0.0000,0.0195,-0.0001,0.9885,-0.1155,-0.0972,0.0536,0.8707,-0.4889,0.1411,0.4781,0.8669),
      ["LeftUpperLeg"] = CFrame.new(0.0000,0.0000,-0.0001,0.9767,-0.0998,0.1900,0.2021,0.7258,-0.6576,-0.0723,0.6807,0.7290),
      ["LeftLowerLeg"] = CFrame.new(0.0000,0.0608,-0.0127,1.0000,-0.0000,0.0000,0.0000,0.8704,0.4924,-0.0000,-0.4924,0.8704),
      ["LeftFoot"] = CFrame.new(0.0000,0.0122,0.0000,0.9685,0.1905,0.1604,-0.2100,0.9710,0.1145,-0.1340,-0.1446,0.9804),
    }},
    {Time = 0.133, Data = {
      ["HumanoidRootPart"] = CFrame.new(0.0000,0.0000,0.0000,1.0000,0.0000,0.0000,0.0000,1.0000,0.0000,0.0000,0.0000,1.0000),
      ["LowerTorso"] = CFrame.new(-0.0502,-0.2478,0.0303,0.9964,0.0614,-0.0588,-0.0548,0.9925,0.1091,0.0650,-0.1055,0.9923),
      ["UpperTorso"] = CFrame.new(0.0964,-0.0318,-0.0077,0.9837,-0.0990,0.1503,0.1005,0.9949,-0.0027,-0.1492,0.0178,0.9886),
      ["LeftUpperArm"] = CFrame.new(-0.0185,-0.1302,-0.0350,0.9629,0.2046,0.1757,-0.2605,0.8744,0.4093,-0.0699,-0.4399,0.8953),
      ["LeftLowerArm"] = CFrame.new(-0.0005,-0.0069,0.0001,1.0000,-0.0000,0.0000,0.0000,1.0000,-0.0000,0.0000,0.0000,1.0000),
      ["LeftHand"] = CFrame.new(0.0005,-0.0067,0.0000,0.9404,0.1952,-0.2783,-0.2665,0.9316,-0.2471,0.2111,0.3065,0.9282),
      ["RightUpperArm"] = CFrame.new(0.0031,0.0003,0.0560,0.9937,0.0064,0.1117,-0.0006,0.9987,-0.0519,-0.1119,0.0515,0.9924),
      ["RightLowerArm"] = CFrame.new(0.0000,0.0315,0.0034,1.0000,-0.0000,0.0000,0.0000,0.9650,-0.2624,0.0000,0.2624,0.9650),
      ["RightHand"] = CFrame.new(-0.0005,0.0055,0.0000,0.9776,-0.1313,0.1648,0.1381,0.9900,-0.0305,-0.1591,0.0526,0.9859),
      ["Head"] = CFrame.new(0.0421,0.0125,0.0068,0.9959,-0.0305,-0.0853,0.0275,0.9990,-0.0360,0.0864,0.0335,0.9957),
      ["RightUpperLeg"] = CFrame.new(0.0000,0.0000,0.0000,0.9958,0.0731,0.0552,-0.0485,0.9322,-0.3586,-0.0777,0.3544,0.9319),
      ["RightLowerLeg"] = CFrame.new(0.0000,0.1019,-0.0398,1.0000,-0.0000,0.0000,0.0000,0.5910,0.8067,-0.0000,-0.8067,0.5910),
      ["RightFoot"] = CFrame.new(0.0000,0.0245,-0.0001,0.9897,-0.1095,-0.0922,0.0571,0.8928,-0.4469,0.1312,0.4370,0.8898),
      ["LeftUpperLeg"] = CFrame.new(0.0000,0.0000,-0.0001,0.9733,-0.1366,0.1842,0.2216,0.7674,-0.6017,-0.0592,0.6265,0.7772),
      ["LeftLowerLeg"] = CFrame.new(0.0000,0.0650,-0.0147,1.0000,-0.0000,0.0000,0.0000,0.8495,0.5276,-0.0000,-0.5276,0.8495),
      ["LeftFoot"] = CFrame.new(0.0000,0.0129,0.0000,0.9702,0.1855,0.1562,-0.1899,0.9817,0.0139,-0.1507,-0.0432,0.9876),
    }},
    {Time = 0.167, Data = {
      ["HumanoidRootPart"] = CFrame.new(0.0000,0.0000,0.0000,1.0000,0.0000,0.0000,0.0000,1.0000,0.0000,0.0000,0.0000,1.0000),
      ["LowerTorso"] = CFrame.new(-0.0595,-0.2208,0.0742,0.9947,0.0885,-0.0529,-0.0822,0.9904,0.1111,0.0622,-0.1062,0.9924),
      ["UpperTorso"] = CFrame.new(0.0552,-0.0318,-0.0072,0.9883,-0.1097,0.1061,0.1109,0.9938,-0.0058,-0.1048,0.0175,0.9943),
      ["LeftUpperArm"] = CFrame.new(-0.0071,-0.0808,-0.0224,0.9858,0.1330,0.1022,-0.1617,0.9160,0.3671,-0.0448,-0.3784,0.9245),
      ["LeftLowerArm"] = CFrame.new(-0.0005,0.0057,0.0001,1.0000,-0.0000,0.0000,0.0000,0.9989,-0.0465,0.0000,0.0465,0.9989),
      ["LeftHand"] = CFrame.new(0.0005,0.0013,0.0000,0.9340,0.2182,-0.2830,-0.2760,0.9435,-0.1835,0.2270,0.2495,0.9414),
      ["RightUpperArm"] = CFrame.new(0.0002,-0.0063,-0.0142,0.9995,-0.0145,-0.0274,0.0125,0.9973,-0.0721,0.0283,0.0718,0.9970),
      ["RightLowerArm"] = CFrame.new(0.0000,0.0102,0.0003,1.0000,-0.0000,0.0000,0.0000,0.9966,-0.0821,0.0000,0.0821,0.9966),
      ["RightHand"] = CFrame.new(-0.0005,0.0020,0.0000,0.9891,-0.0707,0.1291,0.0802,0.9943,-0.0701,-0.1234,0.0797,0.9891),
      ["Head"] = CFrame.new(0.0372,0.0103,0.0056,0.9981,-0.0361,-0.0500,0.0343,0.9987,-0.0372,0.0513,0.0354,0.9981),
      ["RightUpperLeg"] = CFrame.new(0.0000,0.0000,0.0000,0.9967,0.0521,0.0623,-0.0070,0.8195,-0.5731,-0.0809,0.5707,0.8171),
      ["RightLowerLeg"] = CFrame.new(0.0000,0.1070,-0.0455,1.0000,-0.0000,0.0000,0.0000,0.5318,0.8468,-0.0000,-0.8468,0.5318),
      ["RightFoot"] = CFrame.new(0.0000,0.0261,-0.0001,0.9914,-0.1003,-0.0844,0.0645,0.9340,-0.3514,0.1141,0.3430,0.9324),
      ["LeftUpperLeg"] = CFrame.new(0.0000,0.0000,-0.0001,0.9699,-0.1880,0.1549,0.2416,0.8239,-0.5127,-0.0313,0.5347,0.8444),
      ["LeftLowerLeg"] = CFrame.new(0.0000,0.0633,-0.0138,1.0000,-0.0000,0.0000,0.0000,0.8582,0.5132,-0.0000,-0.5132,0.8582),
      ["LeftFoot"] = CFrame.new(0.0000,0.0126,0.0000,0.9720,0.1799,0.1515,-0.1712,0.9828,-0.0685,-0.1612,0.0407,0.9861),
    }},
    {Time = 0.200, Data = {
      ["HumanoidRootPart"] = CFrame.new(0.0000,0.0000,0.0000,1.0000,0.0000,0.0000,0.0000,1.0000,0.0000,0.0000,0.0000,1.0000),
      ["LowerTorso"] = CFrame.new(-0.0634,-0.1966,0.0974,0.9929,0.1091,-0.0482,-0.1031,0.9883,0.1120,0.0599,-0.1062,0.9925),
      ["UpperTorso"] = CFrame.new(0.0112,-0.0318,-0.0070,0.9918,-0.1128,0.0603,0.1136,0.9935,-0.0101,-0.0588,0.0169,0.9981),
      ["LeftUpperArm"] = CFrame.new(-0.0013,-0.0365,-0.0006,0.9973,0.0692,0.0235,-0.0731,0.9493,0.3058,-0.0012,-0.3067,0.9518),
      ["LeftLowerArm"] = CFrame.new(-0.0005,0.0142,0.0006,1.0000,-0.0000,0.0000,0.0000,0.9933,-0.1158,0.0000,0.1158,0.9933),
      ["LeftHand"] = CFrame.new(0.0005,0.0029,0.0000,0.9343,0.2243,-0.2773,-0.2607,0.9601,-0.1017,0.2434,0.1673,0.9554),
      ["RightUpperArm"] = CFrame.new(0.0022,-0.0268,-0.0389,0.9955,-0.0561,-0.0760,0.0536,0.9980,-0.0347,0.0778,0.0305,0.9965),
      ["RightLowerArm"] = CFrame.new(0.0000,-0.0010,0.0000,1.0000,-0.0000,0.0000,0.0000,1.0000,-0.0000,0.0000,0.0000,1.0000),
      ["RightHand"] = CFrame.new(-0.0005,-0.0010,0.0000,0.9949,-0.0084,0.1008,0.0184,0.9950,-0.0986,-0.0994,0.0999,0.9900),
      ["Head"] = CFrame.new(0.0298,0.0086,0.0047,0.9991,-0.0414,-0.0121,0.0409,0.9984,-0.0379,0.0137,0.0374,0.9992),
      ["RightUpperLeg"] = CFrame.new(0.0000,0.0000,0.0000,0.9961,0.0391,0.0788,0.0280,0.7083,-0.7054,-0.0834,0.7048,0.7045),
      ["RightLowerLeg"] = CFrame.new(0.0000,0.1036,-0.0417,1.0000,-0.0000,0.0000,0.0000,0.5707,0.8212,-0.0000,-0.8212,0.5707),
      ["RightFoot"] = CFrame.new(0.0000,0.0250,-0.0001,0.9931,-0.0896,-0.0754,0.0708,0.9723,-0.2226,0.0933,0.2157,0.9720),
      ["LeftUpperLeg"] = CFrame.new(0.0000,0.0000,-0.0001,0.9665,-0.2358,0.1013,0.2567,0.8832,-0.3926,0.0031,0.4054,0.9141),
      ["LeftLowerLeg"] = CFrame.new(0.0000,0.0587,-0.0117,1.0000,-0.0000,0.0000,0.0000,0.8803,0.4744,-0.0000,-0.4744,0.8803),
      ["LeftFoot"] = CFrame.new(0.0000,0.0118,0.0000,0.9730,0.1766,0.1487,-0.1529,0.9755,-0.1583,-0.1731,0.1313,0.9761),
    }},
    {Time = 0.233, Data = {
      ["HumanoidRootPart"] = CFrame.new(0.0000,0.0000,0.0000,1.0000,0.0000,0.0000,0.0000,1.0000,0.0000,0.0000,0.0000,1.0000),
      ["LowerTorso"] = CFrame.new(-0.0637,-0.1808,0.0923,0.9905,0.1204,-0.0668,-0.1122,0.9870,0.1148,0.0797,-0.1062,0.9911),
      ["UpperTorso"] = CFrame.new(-0.0334,-0.0318,-0.0070,0.9937,-0.1061,0.0371,0.1067,0.9942,-0.0150,-0.0353,0.0189,0.9992),
      ["LeftUpperArm"] = CFrame.new(-0.0009,-0.0035,0.0305,0.9981,0.0186,-0.0584,-0.0069,0.9810,0.1940,0.0609,-0.1933,0.9793),
      ["LeftLowerArm"] = CFrame.new(-0.0005,0.0142,0.0007,1.0000,-0.0000,0.0000,0.0000,0.9932,-0.1162,0.0000,0.1162,0.9932),
      ["LeftHand"] = CFrame.new(0.0005,0.0029,0.0000,0.9429,0.2121,-0.2569,-0.2376,0.9686,-0.0725,0.2335,0.1294,0.9637),
      ["RightUpperArm"] = CFrame.new(0.0049,-0.0570,-0.0398,0.9903,-0.1081,-0.0874,0.1141,0.9913,0.0657,0.0796,-0.0750,0.9940),
      ["RightLowerArm"] = CFrame.new(0.0000,-0.0069,0.0001,1.0000,-0.0000,0.0000,0.0000,1.0000,-0.0000,0.0000,0.0000,1.0000),
      ["RightHand"] = CFrame.new(-0.0005,-0.0069,0.0000,0.9930,0.0024,0.1183,0.0101,0.9944,-0.1051,-0.1179,0.1055,0.9874),
      ["Head"] = CFrame.new(0.0194,0.0080,0.0045,0.9986,-0.0457,0.0264,0.0467,0.9982,-0.0380,-0.0246,0.0392,0.9989),
      ["RightUpperLeg"] = CFrame.new(0.0000,0.0000,0.0000,0.9932,0.0478,0.1066,0.0517,0.6384,-0.7679,-0.1048,0.7682,0.6316),
      ["RightLowerLeg"] = CFrame.new(0.0000,0.0921,-0.0312,1.0000,-0.0000,0.0000,0.0000,0.6796,0.7336,-0.0000,-0.7336,0.6796),
      ["RightFoot"] = CFrame.new(0.0000,0.0213,-0.0001,0.9949,-0.0771,-0.0649,0.0715,0.9939,-0.0839,0.0710,0.0788,0.9944),
      ["LeftUpperLeg"] = CFrame.new(0.0000,0.0000,-0.0001,0.9626,-0.2675,0.0426,0.2700,0.9357,-0.2272,0.0209,0.2302,0.9729),
      ["LeftLowerLeg"] = CFrame.new(0.0000,0.0492,-0.0079,1.0000,-0.0000,0.0000,0.0000,0.9190,0.3942,-0.0000,-0.3942,0.9190),
      ["LeftFoot"] = CFrame.new(0.0000,0.0101,0.0000,0.9716,0.1811,0.1525,-0.1394,0.9582,-0.2497,-0.1913,0.2213,0.9563),
    }},
    {Time = 0.267, Data = {
      ["HumanoidRootPart"] = CFrame.new(0.0000,0.0000,0.0000,1.0000,0.0000,0.0000,0.0000,1.0000,0.0000,0.0000,0.0000,1.0000),
      ["LowerTorso"] = CFrame.new(-0.0612,-0.1734,0.0774,0.9873,0.1260,-0.0967,-0.1143,0.9864,0.1182,0.1102,-0.1056,0.9883),
      ["UpperTorso"] = CFrame.new(-0.0763,-0.0318,-0.0074,0.9952,-0.0940,0.0269,0.0945,0.9953,-0.0188,-0.0250,0.0213,0.9995),
      ["LeftUpperArm"] = CFrame.new(-0.0047,0.0136,0.0669,0.9906,-0.0206,-0.1351,0.0272,0.9985,0.0476,0.1339,-0.0508,0.9897),
      ["LeftLowerArm"] = CFrame.new(-0.0005,0.0096,0.0003,1.0000,-0.0000,0.0000,0.0000,0.9970,-0.0780,0.0000,0.0780,0.9970),
      ["LeftHand"] = CFrame.new(0.0005,0.0021,0.0000,0.9571,0.1859,-0.2223,-0.2104,0.9733,-0.0920,0.1992,0.1348,0.9706),
      ["RightUpperArm"] = CFrame.new(0.0112,-0.0947,-0.0463,0.9775,-0.1700,-0.1248,0.1895,0.9677,0.1660,0.0926,-0.1859,0.9782),
      ["RightLowerArm"] = CFrame.new(0.0000,-0.0128,0.0001,1.0000,-0.0000,0.0000,0.0000,1.0000,-0.0000,0.0000,0.0000,1.0000),
      ["RightHand"] = CFrame.new(-0.0005,-0.0128,0.0000,0.9876,-0.0175,0.1563,0.0361,0.9924,-0.1176,-0.1530,0.1217,0.9807),
      ["Head"] = CFrame.new(0.0056,0.0090,0.0049,0.9968,-0.0488,0.0634,0.0513,0.9980,-0.0374,-0.0614,0.0405,0.9973),
      ["RightUpperLeg"] = CFrame.new(0.0000,0.0000,0.0000,0.9891,0.0644,0.1325,0.0646,0.6185,-0.7831,-0.1324,0.7831,0.6076),
      ["RightLowerLeg"] = CFrame.new(0.0000,0.0711,-0.0182,1.0000,-0.0000,0.0000,0.0000,0.8143,0.5805,-0.0000,-0.5805,0.8143),
      ["RightFoot"] = CFrame.new(0.0000,0.0144,-0.0001,0.9966,-0.0631,-0.0532,0.0660,0.9963,0.0545,0.0495,-0.0579,0.9971),
      ["LeftUpperLeg"] = CFrame.new(0.0000,0.0000,-0.0001,0.9576,-0.2870,-0.0252,0.2867,0.9579,-0.0120,0.0276,0.0042,0.9996),
      ["LeftLowerLeg"] = CFrame.new(0.0000,0.0284,-0.0023,1.0000,-0.0000,0.0000,0.0000,0.9755,0.2201,-0.0000,-0.2201,0.9755),
      ["LeftFoot"] = CFrame.new(0.0000,0.0062,0.0000,0.9674,0.1936,0.1630,-0.1391,0.9447,-0.2968,-0.2115,0.2645,0.9409),
    }},
    {Time = 0.300, Data = {
      ["HumanoidRootPart"] = CFrame.new(0.0000,0.0000,0.0000,1.0000,0.0000,0.0000,0.0000,1.0000,0.0000,0.0000,0.0000,1.0000),
      ["LowerTorso"] = CFrame.new(-0.0512,-0.1753,0.0537,0.9879,0.1221,-0.0956,-0.1107,0.9870,0.1162,0.1086,-0.1042,0.9886),
      ["UpperTorso"] = CFrame.new(-0.1152,-0.0317,-0.0080,0.9971,-0.0748,-0.0112,0.0746,0.9970,-0.0201,0.0127,0.0192,0.9997),
      ["LeftUpperArm"] = CFrame.new(-0.0103,0.0126,0.1001,0.9794,-0.0442,-0.1969,0.0253,0.9949,-0.0975,0.2002,0.0905,0.9756),
      ["LeftLowerArm"] = CFrame.new(-0.0005,0.0056,0.0001,1.0000,-0.0000,0.0000,0.0000,0.9990,-0.0450,0.0000,0.0450,0.9990),
      ["LeftHand"] = CFrame.new(0.0005,0.0013,0.0000,0.9713,0.1553,-0.1802,-0.1835,0.9712,-0.1520,0.1514,0.1807,0.9718),
      ["RightUpperArm"] = CFrame.new(0.0220,-0.1366,-0.0535,0.9560,-0.2327,-0.1787,0.2732,0.9281,0.2530,0.1070,-0.2906,0.9508),
      ["RightLowerArm"] = CFrame.new(0.0000,-0.0215,0.0001,1.0000,-0.0000,0.0000,0.0000,1.0000,-0.0000,0.0000,0.0000,1.0000),
      ["RightHand"] = CFrame.new(-0.0005,-0.0216,0.0000,0.9785,-0.0542,0.1992,0.0823,0.9873,-0.1357,-0.1893,0.1492,0.9705),
      ["Head"] = CFrame.new(-0.0103,0.0115,0.0062,0.9940,-0.0508,0.0969,0.0546,0.9978,-0.0364,-0.0948,0.0414,0.9946),
      ["RightUpperLeg"] = CFrame.new(0.0000,0.0000,0.0000,0.9900,0.0615,0.1270,0.0576,0.6457,-0.7614,-0.1289,0.7611,0.6357),
      ["RightLowerLeg"] = CFrame.new(0.0000,0.0478,-0.0076,1.0000,-0.0000,0.0000,0.0000,0.9233,0.3841,-0.0000,-0.3841,0.9233),
      ["RightFoot"] = CFrame.new(0.0000,0.0101,-0.0001,0.9976,-0.0525,-0.0442,0.0591,0.9843,0.1664,0.0348,-0.1686,0.9851),
      ["LeftUpperLeg"] = CFrame.new(0.0000,0.0000,-0.0001,0.9539,-0.2779,-0.1134,0.2962,0.9331,0.2042,0.0491,-0.2284,0.9723),
      ["LeftLowerLeg"] = CFrame.new(0.0000,-0.0054,0.0000,1.0000,-0.0000,0.0000,0.0000,1.0000,-0.0000,0.0000,0.0000,1.0000),
      ["LeftFoot"] = CFrame.new(0.0000,-0.0058,0.0000,0.9633,0.2053,0.1729,-0.1454,0.9406,-0.3067,-0.2256,0.2703,0.9360),
    }},
    {Time = 0.333, Data = {
      ["HumanoidRootPart"] = CFrame.new(0.0000,0.0000,0.0000,1.0000,0.0000,0.0000,0.0000,1.0000,0.0000,0.0000,0.0000,1.0000),
      ["LowerTorso"] = CFrame.new(-0.0332,-0.1943,0.0253,0.9936,0.0931,-0.0642,-0.0863,0.9911,0.1016,0.0731,-0.0954,0.9928),
      ["UpperTorso"] = CFrame.new(-0.1478,-0.0317,-0.0086,0.9966,-0.0339,-0.0753,0.0333,0.9994,-0.0091,0.0756,0.0065,0.9971),
      ["LeftUpperArm"] = CFrame.new(-0.0149,0.0001,0.1211,0.9702,-0.0330,-0.2400,0.0001,0.9907,-0.1359,0.2422,0.1318,0.9612),
      ["LeftLowerArm"] = CFrame.new(-0.0005,0.0252,0.0022,1.0000,-0.0000,0.0000,0.0000,0.9778,-0.2094,0.0000,0.2094,0.9778),
      ["LeftHand"] = CFrame.new(0.0005,0.0047,0.0000,0.9805,0.1330,-0.1446,-0.1530,0.9785,-0.1380,0.1231,0.1574,0.9798),
      ["RightUpperArm"] = CFrame.new(0.0365,-0.1788,-0.0565,0.9270,-0.2927,-0.2346,0.3576,0.8782,0.3176,0.1130,-0.3783,0.9187),
      ["RightLowerArm"] = CFrame.new(0.0000,-0.0276,0.0002,1.0000,-0.0000,0.0000,0.0000,1.0000,-0.0000,0.0000,0.0000,1.0000),
      ["RightHand"] = CFrame.new(-0.0005,-0.0276,0.0000,0.9681,-0.0896,0.2338,0.1286,0.9792,-0.1571,-0.2148,0.1822,0.9595),
      ["Head"] = CFrame.new(-0.0259,0.0145,0.0079,0.9908,-0.0519,0.1248,0.0567,0.9978,-0.0351,-0.1227,0.0419,0.9916),
      ["RightUpperLeg"] = CFrame.new(0.0000,0.0000,0.0000,0.9954,0.0604,0.0746,0.0141,0.6765,-0.7363,-0.0949,0.7340,0.6725),
      ["RightLowerLeg"] = CFrame.new(0.0000,0.0324,-0.0032,1.0000,-0.0000,0.0000,0.0000,0.9669,0.2552,-0.0000,-0.2552,0.9669),
      ["RightFoot"] = CFrame.new(0.0000,0.0073,-0.0001,0.9983,-0.0451,-0.0380,0.0523,0.9753,0.2146,0.0274,-0.2162,0.9760),
      ["LeftUpperLeg"] = CFrame.new(0.0000,0.0000,-0.0001,0.9577,-0.2390,-0.1604,0.2781,0.9120,0.3017,0.0742,-0.3335,0.9398),
      ["LeftLowerLeg"] = CFrame.new(0.0000,-0.0221,-0.0002,1.0000,-0.0000,0.0000,0.0000,1.0000,-0.0000,0.0000,0.0000,1.0000),
      ["LeftFoot"] = CFrame.new(0.0000,-0.0225,0.0000,0.9620,0.2090,0.1760,-0.1239,0.9078,-0.4008,-0.2435,0.3637,0.8991),
    }},
    {Time = 0.367, Data = {
      ["HumanoidRootPart"] = CFrame.new(0.0000,0.0000,0.0000,1.0000,0.0000,0.0000,0.0000,1.0000,0.0000,0.0000,0.0000,1.0000),
      ["LowerTorso"] = CFrame.new(-0.0139,-0.2226,-0.0008,0.9986,0.0502,-0.0189,-0.0484,0.9953,0.0833,0.0230,-0.0822,0.9963),
      ["UpperTorso"] = CFrame.new(-0.1718,-0.0317,-0.0093,0.9894,0.0180,-0.1441,-0.0166,0.9998,0.0105,0.1443,-0.0080,0.9895),
      ["LeftUpperArm"] = CFrame.new(-0.0179,-0.0165,0.1314,0.9643,-0.0069,-0.2649,-0.0331,0.9887,-0.1460,0.2629,0.1496,0.9532),
      ["LeftLowerArm"] = CFrame.new(-0.0005,0.0465,0.0079,1.0000,-0.0000,0.0000,0.0000,0.9191,-0.3939,0.0000,0.3939,0.9191),
      ["LeftHand"] = CFrame.new(0.0005,0.0078,0.0000,0.9856,0.1195,-0.1197,-0.1313,0.9867,-0.0959,0.1066,0.1102,0.9882),
      ["RightUpperArm"] = CFrame.new(0.0517,-0.2145,-0.0551,0.8966,-0.3424,-0.2811,0.4290,0.8290,0.3588,0.1102,-0.4422,0.8901),
      ["RightLowerArm"] = CFrame.new(0.0000,-0.0294,0.0001,1.0000,-0.0000,0.0000,0.0000,1.0000,-0.0000,0.0000,0.0000,1.0000),
      ["RightHand"] = CFrame.new(-0.0005,-0.0294,0.0000,0.9600,-0.1139,0.2558,0.1626,0.9704,-0.1783,-0.2279,0.2127,0.9502),
      ["Head"] = CFrame.new(-0.0387,0.0174,0.0094,0.9880,-0.0525,0.1452,0.0580,0.9977,-0.0340,-0.1431,0.0420,0.9888),
      ["RightUpperLeg"] = CFrame.new(0.0000,0.0000,0.0000,0.9978,0.0651,-0.0100,-0.0512,0.6709,-0.7397,-0.0415,0.7386,0.6728),
      ["RightLowerLeg"] = CFrame.new(0.0000,0.0366,-0.0042,1.0000,-0.0000,0.0000,0.0000,0.9571,0.2896,-0.0000,-0.2896,0.9571),
      ["RightFoot"] = CFrame.new(0.0000,0.0080,-0.0001,0.9989,-0.0357,-0.0301,0.0405,0.9834,0.1770,0.0233,-0.1780,0.9838),
      ["LeftUpperLeg"] = CFrame.new(0.0000,0.0000,-0.0001,0.9664,-0.1787,-0.1845,0.2385,0.8910,0.3863,0.0954,-0.4174,0.9037),
      ["LeftLowerLeg"] = CFrame.new(0.0000,-0.0257,-0.0002,1.0000,-0.0000,0.0000,0.0000,1.0000,-0.0000,0.0000,0.0000,1.0000),
      ["LeftFoot"] = CFrame.new(0.0000,-0.0262,0.0000,0.9641,0.2031,0.1710,-0.0986,0.8719,-0.4797,-0.2465,0.4456,0.8606),
    }},
    {Time = 0.400, Data = {
      ["HumanoidRootPart"] = CFrame.new(0.0000,0.0000,0.0000,1.0000,0.0000,0.0000,0.0000,1.0000,0.0000,0.0000,0.0000,1.0000),
      ["LowerTorso"] = CFrame.new(-0.0004,-0.2503,-0.0174,0.9997,0.0086,0.0242,-0.0103,0.9974,0.0709,-0.0235,-0.0712,0.9972),
      ["UpperTorso"] = CFrame.new(-0.1849,-0.0316,-0.0096,0.9780,0.0652,-0.1982,-0.0606,0.9977,0.0291,0.1997,-0.0164,0.9797),
      ["LeftUpperArm"] = CFrame.new(-0.0203,-0.0292,0.1381,0.9593,0.0134,-0.2821,-0.0583,0.9867,-0.1516,0.2763,0.1619,0.9473),
      ["LeftLowerArm"] = CFrame.new(-0.0005,0.0603,0.0140,1.0000,-0.0000,0.0000,0.0000,0.8570,-0.5154,0.0000,0.5154,0.8570),
      ["LeftHand"] = CFrame.new(0.0005,0.0099,0.0000,0.9874,0.1149,-0.1084,-0.1209,0.9914,-0.0507,0.1017,0.0631,0.9928),
      ["RightUpperArm"] = CFrame.new(0.0627,-0.2370,-0.0514,0.8745,-0.3744,-0.3083,0.4740,0.7945,0.3797,0.1028,-0.4781,0.8723),
      ["RightLowerArm"] = CFrame.new(0.0000,-0.0257,0.0001,1.0000,-0.0000,0.0000,0.0000,1.0000,-0.0000,0.0000,0.0000,1.0000),
      ["RightHand"] = CFrame.new(-0.0005,-0.0257,0.0000,0.9565,-0.1226,0.2647,0.1775,0.9647,-0.1944,-0.2315,0.2329,0.9445),
      ["Head"] = CFrame.new(-0.0463,0.0192,0.0104,0.9863,-0.0526,0.1563,0.0585,0.9977,-0.0333,-0.1542,0.0420,0.9871),
      ["RightUpperLeg"] = CFrame.new(0.0000,0.0000,0.0000,0.9915,0.0804,-0.1019,-0.1283,0.7279,-0.6736,0.0200,0.6810,0.7320),
      ["RightLowerLeg"] = CFrame.new(0.0000,0.0295,-0.0027,1.0000,-0.0000,0.0000,0.0000,0.9729,0.2311,-0.0000,-0.2311,0.9729),
      ["RightFoot"] = CFrame.new(0.0000,0.0067,-0.0001,0.9996,-0.0223,-0.0187,0.0250,0.9865,0.1619,0.0149,-0.1623,0.9866),
      ["LeftUpperLeg"] = CFrame.new(0.0000,0.0000,-0.0001,0.9745,-0.1194,-0.1897,0.1933,0.8761,0.4416,0.1135,-0.4670,0.8769),
      ["LeftLowerLeg"] = CFrame.new(0.0000,-0.0180,-0.0001,1.0000,-0.0000,0.0000,0.0000,1.0000,-0.0000,0.0000,0.0000,1.0000),
      ["LeftFoot"] = CFrame.new(0.0000,-0.0184,0.0000,0.9677,0.1928,0.1624,-0.0799,0.8455,-0.5280,-0.2391,0.4980,0.8336),
    }},
    {Time = 0.433, Data = {
      ["HumanoidRootPart"] = CFrame.new(0.0000,0.0000,0.0000,1.0000,0.0000,0.0000,0.0000,1.0000,0.0000,0.0000,0.0000,1.0000),
      ["LowerTorso"] = CFrame.new(0.0008,-0.2685,-0.0198,0.9986,-0.0181,0.0500,0.0145,0.9973,0.0714,-0.0512,-0.0706,0.9962),
      ["UpperTorso"] = CFrame.new(-0.1849,-0.0316,-0.0096,0.9705,0.0922,-0.2227,-0.0868,0.9956,0.0343,0.2248,-0.0139,0.9743),
      ["LeftUpperArm"] = CFrame.new(-0.0236,-0.0302,0.1486,0.9529,0.0166,-0.3029,-0.0605,0.9888,-0.1362,0.2972,0.1481,0.9433),
      ["LeftLowerArm"] = CFrame.new(-0.0005,0.0669,0.0176,1.0000,-0.0000,0.0000,0.0000,0.8208,-0.5713,0.0000,0.5713,0.8208),
      ["LeftHand"] = CFrame.new(0.0005,0.0111,0.0000,0.9853,0.1237,-0.1180,-0.1259,0.9920,-0.0120,0.1156,0.0266,0.9929),
      ["RightUpperArm"] = CFrame.new(0.0647,-0.2415,-0.0471,0.8706,-0.3832,-0.3086,0.4829,0.7855,0.3870,0.0941,-0.4860,0.8689),
      ["RightLowerArm"] = CFrame.new(0.0000,-0.0187,0.0001,1.0000,-0.0000,0.0000,0.0000,1.0000,-0.0000,0.0000,0.0000,1.0000),
      ["RightHand"] = CFrame.new(-0.0005,-0.0188,0.0000,0.9581,-0.1164,0.2616,0.1726,0.9637,-0.2035,-0.2284,0.2401,0.9435),
      ["Head"] = CFrame.new(-0.0469,0.0195,0.0106,0.9863,-0.0525,0.1563,0.0584,0.9977,-0.0333,-0.1542,0.0419,0.9871),
      ["RightUpperLeg"] = CFrame.new(0.0000,0.0000,0.0000,0.9840,0.0878,-0.1548,-0.1668,0.7584,-0.6301,0.0621,0.6459,0.7609),
      ["RightLowerLeg"] = CFrame.new(0.0000,0.0273,-0.0022,1.0000,-0.0000,0.0000,0.0000,0.9770,0.2131,-0.0000,-0.2131,0.9770),
      ["RightFoot"] = CFrame.new(0.0000,0.0063,-0.0001,0.9983,-0.0441,-0.0371,0.0494,0.9863,0.1571,0.0297,-0.1587,0.9869),
      ["LeftUpperLeg"] = CFrame.new(0.0000,0.0000,-0.0001,0.9784,-0.0868,-0.1874,0.1637,0.8793,0.4472,0.1259,-0.4683,0.8746),
      ["LeftLowerLeg"] = CFrame.new(0.0000,0.0017,0.0001,1.0000,-0.0000,0.0000,0.0000,0.9999,0.0105,-0.0000,-0.0105,0.9999),
      ["LeftFoot"] = CFrame.new(0.0000,0.0002,0.0000,0.9702,0.1854,0.1561,-0.0801,0.8531,-0.5155,-0.2287,0.4877,0.8425),
    }},
    {Time = 0.467, Data = {
      ["HumanoidRootPart"] = CFrame.new(0.0000,0.0000,0.0000,1.0000,0.0000,0.0000,0.0000,1.0000,0.0000,0.0000,0.0000,1.0000),
      ["LowerTorso"] = CFrame.new(-0.0086,-0.2772,-0.0174,0.9977,-0.0296,0.0617,0.0244,0.9963,0.0826,-0.0639,-0.0809,0.9947),
      ["UpperTorso"] = CFrame.new(-0.1718,-0.0317,-0.0093,0.9701,0.0981,-0.2220,-0.0950,0.9952,0.0248,0.2234,-0.0030,0.9747),
      ["LeftUpperArm"] = CFrame.new(-0.0263,-0.0200,0.1588,0.9474,0.0090,-0.3199,-0.0401,0.9951,-0.0906,0.3175,0.0987,0.9431),
      ["LeftLowerArm"] = CFrame.new(-0.0005,0.0713,0.0201,1.0000,-0.0000,0.0000,0.0000,0.7951,-0.6065,0.0000,0.6065,0.7951),
      ["LeftHand"] = CFrame.new(0.0005,0.0121,0.0000,0.9770,0.1496,-0.1518,-0.1489,0.9887,0.0162,0.1525,0.0068,0.9883),
      ["RightUpperArm"] = CFrame.new(0.0584,-0.2310,-0.0403,0.8832,-0.3687,-0.2898,0.4620,0.7903,0.4026,0.0806,-0.4894,0.8683),
      ["RightLowerArm"] = CFrame.new(0.0000,-0.0180,0.0001,1.0000,-0.0000,0.0000,0.0000,1.0000,-0.0000,0.0000,0.0000,1.0000),
      ["RightHand"] = CFrame.new(-0.0005,-0.0180,0.0000,0.9596,-0.1153,0.2565,0.1750,0.9588,-0.2239,-0.2201,0.2597,0.9403),
      ["Head"] = CFrame.new(-0.0436,0.0195,0.0106,0.9881,-0.0513,0.1453,0.0568,0.9978,-0.0340,-0.1432,0.0418,0.9888),
      ["RightUpperLeg"] = CFrame.new(0.0000,0.0000,0.0000,0.9821,0.0736,-0.1735,-0.1706,0.7385,-0.6523,0.0801,0.6702,0.7378),
      ["RightLowerLeg"] = CFrame.new(0.0000,0.0412,-0.0054,1.0000,-0.0000,0.0000,0.0000,0.9447,0.3280,-0.0000,-0.3280,0.9447),
      ["RightFoot"] = CFrame.new(0.0000,0.0089,-0.0001,0.9867,-0.1243,-0.1047,0.1431,0.9699,0.1972,0.0770,-0.2095,0.9748),
      ["LeftUpperLeg"] = CFrame.new(0.0000,0.0000,-0.0001,0.9850,-0.1107,-0.1321,0.1400,0.9610,0.2384,0.1006,-0.2533,0.9621),
      ["LeftLowerLeg"] = CFrame.new(0.0000,0.0464,-0.0069,1.0000,-0.0000,0.0000,0.0000,0.9288,0.3706,-0.0000,-0.3706,0.9288),
      ["LeftFoot"] = CFrame.new(0.0000,0.0096,0.0000,0.9773,0.1620,0.1364,-0.0688,0.8521,-0.5189,-0.2003,0.4978,0.8439),
    }},
    {Time = 0.500, Data = {
      ["HumanoidRootPart"] = CFrame.new(0.0000,0.0000,0.0000,1.0000,0.0000,0.0000,0.0000,1.0000,0.0000,0.0000,0.0000,1.0000),
      ["LowerTorso"] = CFrame.new(-0.0205,-0.2800,-0.0081,0.9973,-0.0362,0.0641,0.0299,0.9948,0.0969,-0.0673,-0.0947,0.9932),
      ["UpperTorso"] = CFrame.new(-0.1478,-0.0317,-0.0086,0.9747,0.0945,-0.2027,-0.0945,0.9955,0.0100,0.2027,0.0094,0.9792),
      ["LeftUpperArm"] = CFrame.new(-0.0236,0.0020,0.1518,0.9528,-0.0165,-0.3031,0.0040,0.9991,-0.0418,0.3036,0.0386,0.9520),
      ["LeftLowerArm"] = CFrame.new(-0.0005,0.0676,0.0180,1.0000,-0.0000,0.0000,0.0000,0.8167,-0.5771,0.0000,0.5771,0.8167),
      ["LeftHand"] = CFrame.new(0.0005,0.0113,0.0000,0.9646,0.1801,-0.1928,-0.1759,0.9836,0.0388,0.1966,-0.0035,0.9805),
      ["RightUpperArm"] = CFrame.new(0.0461,-0.2072,-0.0317,0.9079,-0.3348,-0.2525,0.4145,0.8076,0.4196,0.0634,-0.4855,0.8719),
      ["RightLowerArm"] = CFrame.new(0.0000,-0.0172,0.0001,1.0000,-0.0000,0.0000,0.0000,1.0000,-0.0000,0.0000,0.0000,1.0000),
      ["RightHand"] = CFrame.new(-0.0005,-0.0172,0.0000,0.9597,-0.1235,0.2525,0.1876,0.9504,-0.2481,-0.2093,0.2855,0.9352),
      ["Head"] = CFrame.new(-0.0375,0.0195,0.0106,0.9910,-0.0490,0.1249,0.0538,0.9979,-0.0351,-0.1229,0.0415,0.9915),
      ["RightUpperLeg"] = CFrame.new(0.0000,0.0000,0.0000,0.9791,0.0565,-0.1954,-0.1760,0.7170,-0.6745,0.1020,0.6948,0.7119),
      ["RightLowerLeg"] = CFrame.new(0.0000,0.0574,-0.0113,1.0000,-0.0000,0.0000,0.0000,0.8854,0.4649,-0.0000,-0.4649,0.8854),
      ["RightFoot"] = CFrame.new(0.0000,0.0118,-0.0001,0.9764,-0.1652,-0.1391,0.1878,0.9675,0.1696,0.1066,-0.1917,0.9757),
      ["LeftUpperLeg"] = CFrame.new(0.0000,0.0000,-0.0001,0.9860,-0.1352,-0.0978,0.1360,0.9907,0.0019,0.0966,-0.0152,0.9952),
      ["LeftLowerLeg"] = CFrame.new(0.0000,0.0767,-0.0212,1.0000,-0.0000,0.0000,0.0000,0.7831,0.6219,-0.0000,-0.6219,0.7831),
      ["LeftFoot"] = CFrame.new(0.0000,0.0157,0.0000,0.9777,0.1605,0.1352,-0.0739,0.8661,-0.4943,-0.1964,0.4734,0.8587),
    }},
    {Time = 0.533, Data = {
      ["HumanoidRootPart"] = CFrame.new(0.0000,0.0000,0.0000,1.0000,0.0000,0.0000,0.0000,1.0000,0.0000,0.0000,0.0000,1.0000),
      ["LowerTorso"] = CFrame.new(-0.0265,-0.2801,0.0125,0.9970,-0.0485,0.0608,0.0419,0.9934,0.1069,-0.0656,-0.1040,0.9924),
      ["UpperTorso"] = CFrame.new(-0.1152,-0.0318,-0.0080,0.9811,0.0936,-0.1697,-0.0951,0.9955,-0.0007,0.1688,0.0168,0.9855),
      ["LeftUpperArm"] = CFrame.new(-0.0085,0.0247,0.0883,0.9830,-0.0515,-0.1760,0.0494,0.9986,-0.0165,0.1766,0.0075,0.9843),
      ["LeftLowerArm"] = CFrame.new(-0.0005,0.0519,0.0101,1.0000,-0.0000,0.0000,0.0000,0.8973,-0.4415,0.0000,0.4415,0.8973),
      ["LeftHand"] = CFrame.new(0.0005,0.0086,0.0000,0.9605,0.1844,-0.2082,-0.1794,0.9828,0.0431,0.2126,-0.0041,0.9771),
      ["RightUpperArm"] = CFrame.new(0.0309,-0.1716,-0.0218,0.9383,-0.2852,-0.1957,0.3431,0.8386,0.4231,0.0435,-0.4641,0.8847),
      ["RightLowerArm"] = CFrame.new(0.0000,-0.0086,0.0000,1.0000,-0.0000,0.0000,0.0000,1.0000,-0.0000,0.0000,0.0000,1.0000),
      ["RightHand"] = CFrame.new(-0.0005,-0.0086,0.0000,0.9579,-0.1400,0.2508,0.2065,0.9426,-0.2626,-0.1996,0.3033,0.9318),
      ["Head"] = CFrame.new(-0.0292,0.0195,0.0106,0.9942,-0.0460,0.0971,0.0497,0.9981,-0.0364,-0.0953,0.0410,0.9946),
      ["RightUpperLeg"] = CFrame.new(0.0000,0.0000,0.0000,0.9785,0.0617,-0.1969,-0.1802,0.7202,-0.6699,0.1004,0.6910,0.7159),
      ["RightLowerLeg"] = CFrame.new(0.0000,0.0701,-0.0177,1.0000,-0.0000,0.0000,0.0000,0.8200,0.5724,-0.0000,-0.5724,0.8200),
      ["RightFoot"] = CFrame.new(0.0000,0.0141,-0.0001,0.9793,-0.1547,-0.1303,0.1624,0.9854,0.0504,0.1206,-0.0705,0.9902),
      ["LeftUpperLeg"] = CFrame.new(0.0000,0.0000,-0.0001,0.9856,-0.1503,-0.0780,0.1270,0.9607,-0.2467,0.1120,0.2332,0.9659),
      ["LeftLowerLeg"] = CFrame.new(0.0000,0.0976,-0.0355,1.0000,-0.0000,0.0000,0.0000,0.6347,0.7728,-0.0000,-0.7728,0.6347),
      ["LeftFoot"] = CFrame.new(0.0000,0.0228,0.0000,0.9760,0.1664,0.1401,-0.0789,0.8710,-0.4849,-0.2028,0.4622,0.8633),
    }},
    {Time = 0.567, Data = {
      ["HumanoidRootPart"] = CFrame.new(0.0000,0.0000,0.0000,1.0000,0.0000,0.0000,0.0000,1.0000,0.0000,0.0000,0.0000,1.0000),
      ["LowerTorso"] = CFrame.new(-0.0200,-0.2740,0.0524,0.9958,-0.0732,0.0552,0.0668,0.9916,0.1103,-0.0629,-0.1062,0.9924),
      ["UpperTorso"] = CFrame.new(-0.0763,-0.0318,-0.0074,0.9864,0.1028,-0.1281,-0.1042,0.9945,-0.0045,0.1270,0.0178,0.9917),
      ["LeftUpperArm"] = CFrame.new(-0.0007,0.0272,0.0028,0.9985,-0.0543,-0.0065,0.0544,0.9984,0.0158,0.0056,-0.0162,0.9999),
      ["LeftLowerArm"] = CFrame.new(-0.0005,0.0389,0.0054,1.0000,-0.0000,0.0000,0.0000,0.9449,-0.3273,0.0000,0.3273,0.9449),
      ["LeftHand"] = CFrame.new(0.0005,0.0067,0.0000,0.9695,0.1522,-0.1920,-0.1459,0.9882,0.0466,0.1968,-0.0172,0.9803),
      ["RightUpperArm"] = CFrame.new(0.0164,-0.1264,-0.0105,0.9673,-0.2150,-0.1347,0.2529,0.8606,0.4420,0.0209,-0.4616,0.8869),
      ["RightLowerArm"] = CFrame.new(0.0000,0.0143,0.0007,1.0000,-0.0000,0.0000,0.0000,0.9932,-0.1163,0.0000,0.1163,0.9932),
      ["RightHand"] = CFrame.new(-0.0005,0.0028,0.0000,0.9541,-0.1621,0.2519,0.2137,0.9575,-0.1935,-0.2098,0.2384,0.9482),
      ["Head"] = CFrame.new(-0.0194,0.0195,0.0106,0.9971,-0.0424,0.0638,0.0448,0.9983,-0.0375,-0.0621,0.0402,0.9973),
      ["RightUpperLeg"] = CFrame.new(0.0000,0.0000,0.0000,0.9773,0.0997,-0.1870,-0.1964,0.7580,-0.6220,0.0797,0.6446,0.7603),
      ["RightLowerLeg"] = CFrame.new(0.0000,0.0762,-0.0211,1.0000,-0.0000,0.0000,0.0000,0.7851,0.6193,-0.0000,-0.6193,0.7851),
      ["RightFoot"] = CFrame.new(0.0000,0.0158,-0.0001,0.9814,-0.1467,-0.1235,0.1404,0.9884,-0.0584,0.1307,0.0399,0.9906),
      ["LeftUpperLeg"] = CFrame.new(0.0000,0.0000,-0.0001,0.9887,-0.1369,-0.0608,0.0888,0.8623,-0.4986,0.1207,0.4875,0.8647),
      ["LeftLowerLeg"] = CFrame.new(0.0000,0.1093,-0.0480,1.0000,-0.0000,0.0000,0.0000,0.5043,0.8635,-0.0000,-0.8635,0.5043),
      ["LeftFoot"] = CFrame.new(0.0000,0.0266,0.0000,0.9779,0.1599,0.1347,-0.0872,0.8974,-0.4325,-0.1900,0.4112,0.8915),
    }},
    {Time = 0.600, Data = {
      ["HumanoidRootPart"] = CFrame.new(0.0000,0.0000,0.0000,1.0000,0.0000,0.0000,0.0000,1.0000,0.0000,0.0000,0.0000,1.0000),
      ["LowerTorso"] = CFrame.new(-0.0064,-0.2592,0.0908,0.9938,-0.0998,0.0500,0.0937,0.9893,0.1115,-0.0606,-0.1062,0.9925),
      ["UpperTorso"] = CFrame.new(-0.0334,-0.0318,-0.0070,0.9902,0.1123,-0.0829,-0.1134,0.9935,-0.0077,0.0815,0.0170,0.9965),
      ["LeftUpperArm"] = CFrame.new(-0.0023,0.0092,-0.0472,0.9954,-0.0255,0.0928,0.0185,0.9969,0.0761,-0.0945,-0.0740,0.9928),
      ["LeftLowerArm"] = CFrame.new(-0.0005,0.0348,0.0043,1.0000,-0.0000,0.0000,0.0000,0.9565,-0.2919,0.0000,0.2919,0.9565),
      ["LeftHand"] = CFrame.new(0.0005,0.0061,0.0000,0.9865,0.0764,-0.1448,-0.0704,0.9965,0.0461,0.1478,-0.0353,0.9884),
      ["RightUpperArm"] = CFrame.new(0.0063,-0.0789,0.0049,0.9874,-0.1454,-0.0622,0.1578,0.8814,0.4452,-0.0099,-0.4494,0.8933),
      ["RightLowerArm"] = CFrame.new(0.0000,0.0339,0.0040,1.0000,-0.0000,0.0000,0.0000,0.9592,-0.2828,0.0000,0.2828,0.9592),
      ["RightHand"] = CFrame.new(-0.0005,0.0059,0.0000,0.9514,-0.1792,0.2505,0.2020,0.9770,-0.0681,-0.2325,0.1153,0.9657),
      ["Head"] = CFrame.new(-0.0085,0.0195,0.0106,0.9989,-0.0383,0.0268,0.0393,0.9985,-0.0381,-0.0253,0.0391,0.9989),
      ["RightUpperLeg"] = CFrame.new(0.0000,0.0000,0.0000,0.9749,0.1566,-0.1585,-0.2180,0.8170,-0.5339,0.0459,0.5550,0.8306),
      ["RightLowerLeg"] = CFrame.new(0.0000,0.0765,-0.0213,1.0000,-0.0000,0.0000,0.0000,0.7833,0.6217,-0.0000,-0.6217,0.7833),
      ["RightFoot"] = CFrame.new(0.0000,0.0159,-0.0001,0.9821,-0.1440,-0.1212,0.1234,0.9789,-0.1629,0.1421,0.1450,0.9792),
      ["LeftUpperLeg"] = CFrame.new(0.0000,0.0000,-0.0001,0.9919,-0.1093,-0.0640,0.0359,0.7270,-0.6857,0.1214,0.6779,0.7250),
      ["LeftLowerLeg"] = CFrame.new(0.0000,0.1115,-0.0512,1.0000,-0.0000,0.0000,0.0000,0.4716,0.8818,-0.0000,-0.8818,0.4716),
      ["LeftFoot"] = CFrame.new(0.0000,0.0272,0.0000,0.9826,0.1419,0.1195,-0.0969,0.9419,-0.3216,-0.1582,0.3044,0.9393),
    }},
    {Time = 0.633, Data = {
      ["HumanoidRootPart"] = CFrame.new(0.0000,0.0000,0.0000,1.0000,0.0000,0.0000,0.0000,1.0000,0.0000,0.0000,0.0000,1.0000),
      ["LowerTorso"] = CFrame.new(0.0058,-0.2402,0.0961,0.9919,-0.1154,0.0532,0.1089,0.9876,0.1131,-0.0656,-0.1064,0.9922),
      ["UpperTorso"] = CFrame.new(0.0112,-0.0318,-0.0070,0.9929,0.1102,-0.0443,-0.1109,0.9938,-0.0127,0.0426,0.0175,0.9989),
      ["LeftUpperArm"] = CFrame.new(-0.0030,-0.0228,-0.0501,0.9939,0.0301,0.1059,-0.0456,0.9881,0.1470,-0.1002,-0.1510,0.9835),
      ["LeftLowerArm"] = CFrame.new(-0.0005,0.0294,0.0030,1.0000,-0.0000,0.0000,0.0000,0.9695,-0.2449,0.0000,0.2449,0.9695),
      ["LeftHand"] = CFrame.new(0.0005,0.0053,0.0000,0.9907,0.0323,-0.1322,-0.0306,0.9994,0.0149,0.1326,-0.0107,0.9911),
      ["RightUpperArm"] = CFrame.new(0.0022,-0.0375,0.0278,0.9956,-0.0902,0.0240,0.0750,0.9258,0.3705,-0.0556,-0.3670,0.9285),
      ["RightLowerArm"] = CFrame.new(0.0000,0.0390,0.0054,1.0000,-0.0000,0.0000,0.0000,0.9449,-0.3275,0.0000,0.3275,0.9449),
      ["RightHand"] = CFrame.new(-0.0005,0.0066,0.0000,0.9536,-0.1823,0.2394,0.1890,0.9820,-0.0049,-0.2342,0.0499,0.9709),
      ["Head"] = CFrame.new(0.0028,0.0195,0.0106,0.9994,-0.0340,-0.0117,0.0335,0.9987,-0.0380,0.0130,0.0376,0.9992),
      ["RightUpperLeg"] = CFrame.new(0.0000,0.0000,0.0000,0.9720,0.2089,-0.1076,-0.2347,0.8870,-0.3977,0.0124,0.4118,0.9112),
      ["RightLowerLeg"] = CFrame.new(0.0000,0.0719,-0.0187,1.0000,-0.0000,0.0000,0.0000,0.8097,0.5868,-0.0000,-0.5868,0.8097),
      ["RightFoot"] = CFrame.new(0.0000,0.0146,-0.0001,0.9812,-0.1475,-0.1242,0.1089,0.9555,-0.2743,0.1591,0.2556,0.9536),
      ["LeftUpperLeg"] = CFrame.new(0.0000,0.0000,-0.0001,0.9922,-0.0932,-0.0831,-0.0067,0.6251,-0.7805,0.1247,0.7750,0.6196),
      ["LeftLowerLeg"] = CFrame.new(0.0000,0.1059,-0.0439,1.0000,-0.0000,0.0000,0.0000,0.5475,0.8368,-0.0000,-0.8368,0.5475),
      ["LeftFoot"] = CFrame.new(0.0000,0.0254,0.0000,0.9875,0.1204,0.1014,-0.0999,0.9772,-0.1873,-0.1216,0.1748,0.9771),
    }},
    {Time = 0.667, Data = {
      ["HumanoidRootPart"] = CFrame.new(0.0000,0.0000,0.0000,1.0000,0.0000,0.0000,0.0000,1.0000,0.0000,0.0000,0.0000,1.0000),
      ["LowerTorso"] = CFrame.new(0.0134,-0.2232,0.0860,0.9888,-0.1239,0.0832,0.1138,0.9866,0.1167,-0.0966,-0.1059,0.9897),
      ["UpperTorso"] = CFrame.new(0.0552,-0.0318,-0.0072,0.9944,0.1006,-0.0332,-0.1012,0.9947,-0.0170,0.0313,0.0203,0.9993),
      ["LeftUpperArm"] = CFrame.new(-0.0066,-0.0619,-0.0525,0.9867,0.0974,0.1298,-0.1237,0.9690,0.2136,-0.1049,-0.2269,0.9683),
      ["LeftLowerArm"] = CFrame.new(-0.0005,0.0210,0.0015,1.0000,-0.0000,0.0000,0.0000,0.9848,-0.1734,0.0000,0.1734,0.9848),
      ["LeftHand"] = CFrame.new(0.0005,0.0040,0.0000,0.9875,0.0313,-0.1547,-0.0370,0.9987,-0.0344,0.1535,0.0397,0.9874),
      ["RightUpperArm"] = CFrame.new(0.0036,-0.0096,0.0589,0.9929,-0.0469,0.1096,0.0191,0.9701,0.2419,-0.1177,-0.2380,0.9641),
      ["RightLowerArm"] = CFrame.new(0.0000,0.0369,0.0048,1.0000,-0.0000,0.0000,0.0000,0.9510,-0.3092,0.0000,0.3092,0.9510),
      ["RightHand"] = CFrame.new(-0.0005,0.0063,0.0000,0.9620,-0.1692,0.2145,0.1718,0.9851,0.0068,-0.2124,0.0303,0.9767),
      ["Head"] = CFrame.new(0.0140,0.0195,0.0106,0.9983,-0.0297,-0.0497,0.0279,0.9989,-0.0373,0.0507,0.0359,0.9981),
      ["RightUpperLeg"] = CFrame.new(0.0000,0.0000,0.0000,0.9676,0.2460,-0.0559,-0.2523,0.9458,-0.2044,0.0026,0.2119,0.9773),
      ["RightLowerLeg"] = CFrame.new(0.0000,0.0593,-0.0122,1.0000,-0.0000,0.0000,0.0000,0.8765,0.4814,-0.0000,-0.4814,0.8765),
      ["RightFoot"] = CFrame.new(0.0000,0.0121,-0.0001,0.9783,-0.1587,-0.1336,0.1016,0.9281,-0.3583,0.1808,0.3369,0.9240),
      ["LeftUpperLeg"] = CFrame.new(0.0000,0.0000,-0.0001,0.9881,-0.1015,-0.1154,-0.0359,0.5780,-0.8153,0.1494,0.8097,0.5675),
      ["LeftLowerLeg"] = CFrame.new(0.0000,0.0909,-0.0302,1.0000,-0.0000,0.0000,0.0000,0.6898,0.7240,-0.0000,-0.7240,0.6898),
      ["LeftFoot"] = CFrame.new(0.0000,0.0205,0.0000,0.9916,0.0987,0.0831,-0.0956,0.9946,-0.0399,-0.0866,0.0316,0.9957),
    }},
    {Time = 0.700, Data = {
      ["HumanoidRootPart"] = CFrame.new(0.0000,0.0000,0.0000,1.0000,0.0000,0.0000,0.0000,1.0000,0.0000,0.0000,0.0000,1.0000),
      ["LowerTorso"] = CFrame.new(0.0159,-0.2158,0.0665,0.9868,-0.1266,0.1014,0.1143,0.9863,0.1186,-0.1150,-0.1055,0.9877),
      ["UpperTorso"] = CFrame.new(0.0964,-0.0318,-0.0077,0.9962,0.0865,-0.0127,-0.0868,0.9960,-0.0205,0.0109,0.0215,0.9997),
      ["LeftUpperArm"] = CFrame.new(-0.0149,-0.1065,-0.0574,0.9703,0.1733,0.1690,-0.2131,0.9428,0.2564,-0.1149,-0.2848,0.9517),
      ["LeftLowerArm"] = CFrame.new(-0.0005,0.0081,0.0002,1.0000,-0.0000,0.0000,0.0000,0.9979,-0.0655,0.0000,0.0655,0.9979),
      ["LeftHand"] = CFrame.new(0.0005,0.0018,0.0000,0.9802,0.0541,-0.1904,-0.0753,0.9915,-0.1063,0.1830,0.1186,0.9759),
      ["RightUpperArm"] = CFrame.new(0.0087,0.0010,0.0929,0.9826,-0.0141,0.1853,-0.0020,0.9963,0.0865,-0.1858,-0.0854,0.9789),
      ["RightLowerArm"] = CFrame.new(0.0000,0.0313,0.0034,1.0000,-0.0000,0.0000,0.0000,0.9654,-0.2608,0.0000,0.2608,0.9654),
      ["RightHand"] = CFrame.new(-0.0005,0.0055,0.0000,0.9727,-0.1470,0.1795,0.1555,0.9873,-0.0336,-0.1723,0.0606,0.9832),
      ["Head"] = CFrame.new(0.0245,0.0195,0.0106,0.9960,-0.0256,-0.0851,0.0226,0.9991,-0.0361,0.0859,0.0341,0.9957),
      ["RightUpperLeg"] = CFrame.new(0.0000,0.0000,0.0000,0.9624,0.2708,0.0204,-0.2712,0.9622,0.0247,-0.0130,-0.0293,0.9995),
      ["RightLowerLeg"] = CFrame.new(0.0000,0.0360,-0.0041,1.0000,-0.0000,0.0000,0.0000,0.9586,0.2846,-0.0000,-0.2846,0.9586),
      ["RightFoot"] = CFrame.new(0.0000,0.0079,-0.0001,0.9734,-0.1754,-0.1477,0.1061,0.9154,-0.3883,0.2033,0.3622,0.9096),
      ["LeftUpperLeg"] = CFrame.new(0.0000,0.0000,-0.0001,0.9860,-0.1025,-0.1318,-0.0485,0.5798,-0.8133,0.1598,0.8083,0.5667),
      ["LeftLowerLeg"] = CFrame.new(0.0000,0.0690,-0.0169,1.0000,-0.0000,0.0000,0.0000,0.8275,0.5615,-0.0000,-0.5615,0.8275),
      ["LeftFoot"] = CFrame.new(0.0000,0.0137,0.0000,0.9946,0.0796,0.0671,-0.0852,0.9927,0.0853,-0.0598,-0.0905,0.9941),
    }},
    {Time = 0.733, Data = {
      ["HumanoidRootPart"] = CFrame.new(0.0000,0.0000,0.0000,1.0000,0.0000,0.0000,0.0000,1.0000,0.0000,0.0000,0.0000,1.0000),
      ["LowerTorso"] = CFrame.new(0.0101,-0.2290,0.0397,0.9914,-0.1052,0.0782,0.0964,0.9893,0.1096,-0.0889,-0.1011,0.9909),
      ["UpperTorso"] = CFrame.new(0.1325,-0.0317,-0.0083,0.9976,0.0517,0.0460,-0.0510,0.9986,-0.0160,-0.0468,0.0136,0.9988),
      ["LeftUpperArm"] = CFrame.new(-0.0280,-0.1540,-0.0593,0.9440,0.2499,0.2156,-0.3080,0.9017,0.3034,-0.1186,-0.3528,0.9281),
      ["LeftLowerArm"] = CFrame.new(-0.0005,-0.0023,0.0000,1.0000,-0.0000,0.0000,0.0000,1.0000,-0.0000,0.0000,0.0000,1.0000),
      ["LeftHand"] = CFrame.new(0.0005,-0.0021,0.0000,0.9712,0.0823,-0.2235,-0.1202,0.9795,-0.1614,0.2056,0.1836,0.9613),
      ["RightUpperArm"] = CFrame.new(0.0147,-0.0034,0.1203,0.9706,-0.0040,0.2407,0.0067,0.9999,-0.0106,-0.2406,0.0119,0.9706),
      ["RightLowerArm"] = CFrame.new(0.0000,0.0387,0.0053,1.0000,-0.0000,0.0000,0.0000,0.9459,-0.3246,0.0000,0.3246,0.9459),
      ["RightHand"] = CFrame.new(-0.0005,0.0066,0.0000,0.9807,-0.1290,0.1472,0.1382,0.9889,-0.0539,-0.1386,0.0732,0.9876),
      ["Head"] = CFrame.new(0.0336,0.0195,0.0106,0.9930,-0.0220,-0.1158,0.0181,0.9992,-0.0346,0.1165,0.0323,0.9927),
      ["RightUpperLeg"] = CFrame.new(0.0000,0.0000,0.0000,0.9623,0.2478,0.1121,-0.2676,0.9359,0.2290,-0.0482,-0.2504,0.9669),
      ["RightLowerLeg"] = CFrame.new(0.0000,0.0117,-0.0004,1.0000,-0.0000,0.0000,0.0000,0.9961,0.0880,-0.0000,-0.0880,0.9961),
      ["RightFoot"] = CFrame.new(0.0000,0.0030,-0.0001,0.9690,-0.1889,-0.1591,0.1112,0.9089,-0.4019,0.2205,0.3717,0.9018),
      ["LeftUpperLeg"] = CFrame.new(0.0000,0.0000,-0.0001,0.9912,-0.0902,-0.0969,-0.0227,0.6050,-0.7959,0.1304,0.7911,0.5976),
      ["LeftLowerLeg"] = CFrame.new(0.0000,0.0517,-0.0088,1.0000,-0.0000,0.0000,0.0000,0.9099,0.4149,-0.0000,-0.4149,0.9099),
      ["LeftFoot"] = CFrame.new(0.0000,0.0105,0.0000,0.9962,0.0666,0.0560,-0.0746,0.9847,0.1573,-0.0447,-0.1609,0.9860),
    }},
    {Time = 0.767, Data = {
      ["HumanoidRootPart"] = CFrame.new(0.0000,0.0000,0.0000,1.0000,0.0000,0.0000,0.0000,1.0000,0.0000,0.0000,0.0000,1.0000),
      ["LowerTorso"] = CFrame.new(-0.0026,-0.2579,0.0115,0.9978,-0.0589,0.0302,0.0560,0.9942,0.0917,-0.0354,-0.0898,0.9953),
      ["UpperTorso"] = CFrame.new(0.1610,-0.0317,-0.0090,0.9925,-0.0051,0.1224,0.0049,1.0000,0.0015,-0.1224,-0.0009,0.9925),
      ["LeftUpperArm"] = CFrame.new(-0.0443,-0.1978,-0.0564,0.9115,0.3139,0.2658,-0.3956,0.8460,0.3574,-0.1127,-0.4309,0.8953),
      ["LeftLowerArm"] = CFrame.new(-0.0005,-0.0056,0.0000,1.0000,-0.0000,0.0000,0.0000,1.0000,-0.0000,0.0000,0.0000,1.0000),
      ["LeftHand"] = CFrame.new(0.0005,-0.0054,0.0000,0.9635,0.1038,-0.2466,-0.1523,0.9706,-0.1864,0.2200,0.2171,0.9510),
      ["RightUpperArm"] = CFrame.new(0.0192,-0.0170,0.1363,0.9615,-0.0191,0.2741,0.0341,0.9982,-0.0502,-0.2726,0.0576,0.9604),
      ["RightLowerArm"] = CFrame.new(0.0000,0.0562,0.0120,1.0000,-0.0000,0.0000,0.0000,0.8781,-0.4784,0.0000,0.4784,0.8781),
      ["RightHand"] = CFrame.new(-0.0005,0.0091,0.0000,0.9855,-0.1174,0.1225,0.1214,0.9923,-0.0257,-0.1185,0.0402,0.9921),
      ["Head"] = CFrame.new(0.0408,0.0195,0.0106,0.9900,-0.0190,-0.1401,0.0145,0.9993,-0.0331,0.1406,0.0307,0.9896),
      ["RightUpperLeg"] = CFrame.new(0.0000,0.0000,0.0000,0.9688,0.1845,0.1657,-0.2335,0.9037,0.3588,-0.0836,-0.3863,0.9186),
      ["RightLowerLeg"] = CFrame.new(0.0000,0.0020,-0.0001,1.0000,-0.0000,0.0000,0.0000,0.9999,0.0144,-0.0000,-0.0144,0.9999),
      ["RightFoot"] = CFrame.new(0.0000,0.0006,-0.0001,0.9678,-0.1925,-0.1621,0.0985,0.8825,-0.4599,0.2315,0.4291,0.8731),
      ["LeftUpperLeg"] = CFrame.new(0.0000,0.0000,-0.0001,0.9964,-0.0838,-0.0147,0.0400,0.6143,-0.7881,0.0751,0.7846,0.6154),
      ["LeftLowerLeg"] = CFrame.new(0.0000,0.0473,-0.0072,1.0000,-0.0000,0.0000,0.0000,0.9258,0.3781,-0.0000,-0.3781,0.9258),
      ["LeftFoot"] = CFrame.new(0.0000,0.0097,0.0000,0.9973,0.0561,0.0472,-0.0628,0.9859,0.1549,-0.0379,-0.1574,0.9868),
    }},
    {Time = 0.800, Data = {
      ["HumanoidRootPart"] = CFrame.new(0.0000,0.0000,0.0000,1.0000,0.0000,0.0000,0.0000,1.0000,0.0000,0.0000,0.0000,1.0000),
      ["LowerTorso"] = CFrame.new(-0.0152,-0.2867,-0.0108,0.9998,-0.0133,-0.0177,0.0146,0.9970,0.0759,0.0167,-0.0761,0.9970),
      ["UpperTorso"] = CFrame.new(0.1798,-0.0316,-0.0095,0.9806,-0.0584,0.1873,0.0550,0.9982,0.0231,-0.1883,-0.0123,0.9820),
      ["LeftUpperArm"] = CFrame.new(-0.0588,-0.2295,-0.0517,0.8825,0.3594,0.3035,-0.4589,0.7994,0.3877,-0.1033,-0.4814,0.8704),
      ["LeftLowerArm"] = CFrame.new(-0.0005,-0.0059,0.0000,1.0000,-0.0000,0.0000,0.0000,1.0000,-0.0000,0.0000,0.0000,1.0000),
      ["LeftHand"] = CFrame.new(0.0005,-0.0057,0.0000,0.9587,0.1160,-0.2597,-0.1726,0.9630,-0.2069,0.2261,0.2432,0.9433),
      ["RightUpperArm"] = CFrame.new(0.0218,-0.0327,0.1424,0.9564,-0.0389,0.2895,0.0653,0.9945,-0.0822,-0.2847,0.0975,0.9536),
      ["RightLowerArm"] = CFrame.new(0.0000,0.0695,0.0190,1.0000,-0.0000,0.0000,0.0000,0.8065,-0.5912,0.0000,0.5912,0.8065),
      ["RightHand"] = CFrame.new(-0.0005,0.0115,0.0000,0.9885,-0.1090,0.1045,0.1088,0.9940,0.0071,-0.1046,0.0044,0.9945),
      ["Head"] = CFrame.new(0.0456,0.0195,0.0106,0.9876,-0.0171,-0.1560,0.0122,0.9994,-0.0320,0.1565,0.0297,0.9872),
      ["RightUpperLeg"] = CFrame.new(0.0000,0.0000,0.0000,0.9766,0.1228,0.1768,-0.1877,0.8876,0.4206,-0.1053,-0.4439,0.8898),
      ["RightLowerLeg"] = CFrame.new(0.0000,0.0049,-0.0001,1.0000,-0.0000,0.0000,0.0000,0.9993,0.0361,-0.0000,-0.0361,0.9993),
      ["RightFoot"] = CFrame.new(0.0000,0.0013,-0.0001,0.9706,-0.1841,-0.1551,0.0745,0.8422,-0.5339,0.2289,0.5067,0.8312),
      ["LeftUpperLeg"] = CFrame.new(0.0000,0.0000,-0.0001,0.9934,-0.0802,0.0825,0.1147,0.6281,-0.7696,0.0099,0.7740,0.6331),
      ["LeftLowerLeg"] = CFrame.new(0.0000,0.0511,-0.0086,1.0000,-0.0000,0.0000,0.0000,0.9119,0.4104,-0.0000,-0.4104,0.9119),
      ["LeftFoot"] = CFrame.new(0.0000,0.0104,0.0000,0.9984,0.0433,0.0365,-0.0470,0.9934,0.1049,-0.0317,-0.1064,0.9938),
    }},
    {Time = 0.833, Data = {
      ["HumanoidRootPart"] = CFrame.new(0.0000,0.0000,0.0000,1.0000,0.0000,0.0000,0.0000,1.0000,0.0000,0.0000,0.0000,1.0000),
      ["LowerTorso"] = CFrame.new(-0.0210,-0.2997,-0.0199,0.9992,0.0072,-0.0396,-0.0044,0.9976,0.0694,0.0400,-0.0691,0.9968),
      ["UpperTorso"] = CFrame.new(0.1866,-0.0316,-0.0097,0.9733,-0.0819,0.2144,0.0764,0.9965,0.0339,-0.2164,-0.0167,0.9762),
      ["LeftUpperArm"] = CFrame.new(-0.0650,-0.2416,-0.0493,0.8700,0.3765,0.3183,-0.4831,0.7800,0.3977,-0.0986,-0.4998,0.8605),
      ["LeftLowerArm"] = CFrame.new(-0.0005,-0.0052,0.0000,1.0000,-0.0000,0.0000,0.0000,1.0000,-0.0000,0.0000,0.0000,1.0000),
      ["LeftHand"] = CFrame.new(0.0005,-0.0050,0.0000,0.9571,0.1199,-0.2639,-0.1798,0.9598,-0.2157,0.2275,0.2539,0.9401),
      ["RightUpperArm"] = CFrame.new(0.0226,-0.0401,0.1432,0.9548,-0.0480,0.2935,0.0801,0.9919,-0.0982,-0.2864,0.1173,0.9509),
      ["RightLowerArm"] = CFrame.new(0.0000,0.0748,0.0220,1.0000,-0.0000,0.0000,0.0000,0.7755,-0.6313,0.0000,0.6313,0.7755),
      ["RightHand"] = CFrame.new(-0.0005,0.0131,0.0000,0.9897,-0.1053,0.0970,0.1036,0.9944,0.0220,-0.0988,-0.0117,0.9950),
      ["Head"] = CFrame.new(0.0473,0.0195,0.0106,0.9867,-0.0164,-0.1617,0.0114,0.9994,-0.0315,0.1621,0.0293,0.9863),
      ["RightUpperLeg"] = CFrame.new(0.0000,0.0000,0.0000,0.9805,0.0954,0.1719,-0.1625,0.8850,0.4363,-0.1105,-0.4557,0.8833),
      ["RightLowerLeg"] = CFrame.new(0.0000,0.0088,-0.0002,1.0000,-0.0000,0.0000,0.0000,0.9979,0.0651,-0.0000,-0.0651,0.9979),
      ["RightFoot"] = CFrame.new(0.0000,0.0023,-0.0001,0.9732,-0.1758,-0.1480,0.0612,0.8190,-0.5705,0.2216,0.5461,0.8079),
      ["LeftUpperLeg"] = CFrame.new(0.0000,0.0000,-0.0001,0.9860,-0.0935,0.1383,0.1637,0.7039,-0.6912,-0.0327,0.7041,0.7093),
      ["LeftLowerLeg"] = CFrame.new(0.0000,0.0391,-0.0047,1.0000,-0.0000,0.0000,0.0000,0.9512,0.3086,-0.0000,-0.3086,0.9512),
      ["LeftFoot"] = CFrame.new(0.0000,0.0082,0.0000,0.9989,0.0354,0.0298,-0.0385,0.9928,0.1131,-0.0256,-0.1141,0.9931),
    }},
  }
}
