return {
  ["137128606727212"] = {
    {Time = 0.000, Data = {
      ["HumanoidRootPart"] = CFrame.new(0.0000,0.0000,0.0000,1.0000,0.0000,0.0000,0.0000,1.0000,0.0000,0.0000,0.0000,1.0000),
      ["LowerTorso"] = CFrame.new(0.0000,0.0000,0.0000,1.0000,0.0000,0.0000,0.0000,1.0000,0.0000,0.0000,0.0000,1.0000),
      ["UpperTorso"] = CFrame.new(0.0000,-2.0000,0.0064,1.0000,-0.0000,0.0000,0.0000,1.0000,0.0022,-0.0000,-0.0022,1.0000),
      ["LeftUpperArm"] = CFrame.new(1.0000,0.0000,-0.0022,1.0000,-0.0000,0.0000,0.0000,1.0000,0.0022,-0.0000,-0.0022,1.0000),
      ["RightUpperArm"] = CFrame.new(-1.0000,0.0000,-0.0022,1.0000,-0.0000,0.0000,0.0000,1.0000,0.0022,-0.0000,-0.0022,1.0000),
      ["Head"] = CFrame.new(0.0000,-1.0000,-0.0006,1.0000,-0.0000,0.0000,0.0000,1.0000,0.0022,-0.0000,-0.0022,1.0000),
    }},
    {Time = 0.033, Data = {
      ["HumanoidRootPart"] = CFrame.new(0.0000,0.0000,0.0000,1.0000,0.0000,0.0000,0.0000,1.0000,0.0000,0.0000,0.0000,1.0000),
      ["LowerTorso"] = CFrame.new(0.0000,-0.2079,0.0000,1.0000,-0.0000,0.0000,0.0000,0.9781,0.2079,-0.0000,-0.2079,0.9781),
      ["UpperTorso"] = CFrame.new(0.0000,-2.0000,0.0064,1.0000,-0.0000,0.0000,0.0000,1.0000,0.0022,-0.0000,-0.0022,1.0000),
      ["LeftUpperArm"] = CFrame.new(1.0000,0.0000,-0.0022,1.0000,-0.0000,0.0000,0.0000,1.0000,0.0022,-0.0000,-0.0022,1.0000),
      ["RightUpperArm"] = CFrame.new(-1.0000,0.0000,-0.0022,1.0000,-0.0000,0.0000,0.0000,1.0000,0.0022,-0.0000,-0.0022,1.0000),
      ["Head"] = CFrame.new(0.0000,-1.0000,-0.0006,1.0000,-0.0000,0.0000,0.0000,1.0000,0.0022,-0.0000,-0.0022,1.0000),
    }},
    {Time = 0.067, Data = {
      ["HumanoidRootPart"] = CFrame.new(0.0000,0.0000,0.0000,1.0000,0.0000,0.0000,0.0000,1.0000,0.0000,0.0000,0.0000,1.0000),
      ["LowerTorso"] = CFrame.new(0.0000,-0.4157,0.0000,1.0000,-0.0000,0.0000,0.0000,0.9135,0.4067,-0.0000,-0.4067,0.9135),
      ["UpperTorso"] = CFrame.new(0.0000,-2.0000,0.0064,1.0000,-0.0000,0.0000,0.0000,1.0000,0.0022,-0.0000,-0.0022,1.0000),
      ["LeftUpperArm"] = CFrame.new(1.0000,0.0000,-0.0022,1.0000,-0.0000,0.0000,0.0000,1.0000,0.0022,-0.0000,-0.0022,1.0000),
      ["RightUpperArm"] = CFrame.new(-1.0000,0.0000,-0.0022,1.0000,-0.0000,0.0000,0.0000,1.0000,0.0022,-0.0000,-0.0022,1.0000),
      ["Head"] = CFrame.new(0.0000,-1.0000,-0.0006,1.0000,-0.0000,0.0000,0.0000,1.0000,0.0022,-0.0000,-0.0022,1.0000),
    }},
    {Time = 0.100, Data = {
      ["HumanoidRootPart"] = CFrame.new(0.0000,0.0000,0.0000,1.0000,0.0000,0.0000,0.0000,1.0000,0.0000,0.0000,0.0000,1.0000),
      ["LowerTorso"] = CFrame.new(0.0000,-0.6236,0.0000,1.0000,-0.0000,0.0000,0.0000,0.8090,0.5878,-0.0000,-0.5878,0.8090),
      ["UpperTorso"] = CFrame.new(0.0000,-2.0000,0.0064,1.0000,-0.0000,0.0000,0.0000,1.0000,0.0022,-0.0000,-0.0022,1.0000),
      ["LeftUpperArm"] = CFrame.new(1.0000,0.0000,-0.0022,1.0000,-0.0000,0.0000,0.0000,1.0000,0.0022,-0.0000,-0.0022,1.0000),
      ["RightUpperArm"] = CFrame.new(-1.0000,0.0000,-0.0022,1.0000,-0.0000,0.0000,0.0000,1.0000,0.0022,-0.0000,-0.0022,1.0000),
      ["Head"] = CFrame.new(0.0000,-1.0000,-0.0006,1.0000,-0.0000,0.0000,0.0000,1.0000,0.0022,-0.0000,-0.0022,1.0000),
    }},
    {Time = 0.133, Data = {
      ["HumanoidRootPart"] = CFrame.new(0.0000,0.0000,0.0000,1.0000,0.0000,0.0000,0.0000,1.0000,0.0000,0.0000,0.0000,1.0000),
      ["LowerTorso"] = CFrame.new(0.0000,-0.8314,0.0000,1.0000,-0.0000,0.0000,0.0000,0.6691,0.7431,-0.0000,-0.7431,0.6691),
      ["UpperTorso"] = CFrame.new(0.0000,-2.0000,0.0064,1.0000,-0.0000,0.0000,0.0000,1.0000,0.0022,-0.0000,-0.0022,1.0000),
      ["LeftUpperArm"] = CFrame.new(1.0000,0.0000,-0.0022,1.0000,-0.0000,0.0000,0.0000,1.0000,0.0022,-0.0000,-0.0022,1.0000),
      ["RightUpperArm"] = CFrame.new(-1.0000,0.0000,-0.0022,1.0000,-0.0000,0.0000,0.0000,1.0000,0.0022,-0.0000,-0.0022,1.0000),
      ["Head"] = CFrame.new(0.0000,-1.0000,-0.0006,1.0000,-0.0000,0.0000,0.0000,1.0000,0.0022,-0.0000,-0.0022,1.0000),
    }},
    {Time = 0.167, Data = {
      ["HumanoidRootPart"] = CFrame.new(0.0000,0.0000,0.0000,1.0000,0.0000,0.0000,0.0000,1.0000,0.0000,0.0000,0.0000,1.0000),
      ["LowerTorso"] = CFrame.new(0.0000,-1.0393,0.0000,1.0000,-0.0000,0.0000,0.0000,0.5000,0.8660,-0.0000,-0.8660,0.5000),
      ["UpperTorso"] = CFrame.new(0.0000,-2.0000,0.0064,1.0000,-0.0000,0.0000,0.0000,1.0000,0.0022,-0.0000,-0.0022,1.0000),
      ["LeftUpperArm"] = CFrame.new(1.0000,0.0000,-0.0022,1.0000,-0.0000,0.0000,0.0000,1.0000,0.0022,-0.0000,-0.0022,1.0000),
      ["RightUpperArm"] = CFrame.new(-1.0000,0.0000,-0.0022,1.0000,-0.0000,0.0000,0.0000,1.0000,0.0022,-0.0000,-0.0022,1.0000),
      ["Head"] = CFrame.new(0.0000,-1.0000,-0.0006,1.0000,-0.0000,0.0000,0.0000,1.0000,0.0022,-0.0000,-0.0022,1.0000),
    }},
    {Time = 0.200, Data = {
      ["HumanoidRootPart"] = CFrame.new(0.0000,0.0000,0.0000,1.0000,0.0000,0.0000,0.0000,1.0000,0.0000,0.0000,0.0000,1.0000),
      ["LowerTorso"] = CFrame.new(0.0000,-1.2472,0.0000,1.0000,-0.0000,0.0000,0.0000,0.3090,0.9511,-0.0000,-0.9511,0.3090),
      ["UpperTorso"] = CFrame.new(0.0000,-2.0000,0.0064,1.0000,-0.0000,0.0000,0.0000,1.0000,0.0022,-0.0000,-0.0022,1.0000),
      ["LeftUpperArm"] = CFrame.new(1.0000,0.0000,-0.0022,1.0000,-0.0000,0.0000,0.0000,1.0000,0.0022,-0.0000,-0.0022,1.0000),
      ["RightUpperArm"] = CFrame.new(-1.0000,0.0000,-0.0022,1.0000,-0.0000,0.0000,0.0000,1.0000,0.0022,-0.0000,-0.0022,1.0000),
      ["Head"] = CFrame.new(0.0000,-1.0000,-0.0006,1.0000,-0.0000,0.0000,0.0000,1.0000,0.0022,-0.0000,-0.0022,1.0000),
    }},
    {Time = 0.233, Data = {
      ["HumanoidRootPart"] = CFrame.new(0.0000,0.0000,0.0000,1.0000,0.0000,0.0000,0.0000,1.0000,0.0000,0.0000,0.0000,1.0000),
      ["LowerTorso"] = CFrame.new(0.0000,-1.4550,0.0000,1.0000,-0.0000,0.0000,0.0000,0.1045,0.9945,-0.0000,-0.9945,0.1045),
      ["UpperTorso"] = CFrame.new(0.0000,-2.0000,0.0064,1.0000,-0.0000,0.0000,0.0000,1.0000,0.0022,-0.0000,-0.0022,1.0000),
      ["LeftUpperArm"] = CFrame.new(1.0000,0.0000,-0.0022,1.0000,-0.0000,0.0000,0.0000,1.0000,0.0022,-0.0000,-0.0022,1.0000),
      ["RightUpperArm"] = CFrame.new(-1.0000,0.0000,-0.0022,1.0000,-0.0000,0.0000,0.0000,1.0000,0.0022,-0.0000,-0.0022,1.0000),
      ["Head"] = CFrame.new(0.0000,-1.0000,-0.0006,1.0000,-0.0000,0.0000,0.0000,1.0000,0.0022,-0.0000,-0.0022,1.0000),
    }},
    {Time = 0.267, Data = {
      ["HumanoidRootPart"] = CFrame.new(0.0000,0.0000,0.0000,1.0000,0.0000,0.0000,0.0000,1.0000,0.0000,0.0000,0.0000,1.0000),
      ["LowerTorso"] = CFrame.new(0.0000,-1.5589,0.0000,1.0000,-0.0000,0.0000,-0.0000,-0.1045,0.9945,0.0000,-0.9945,-0.1045),
      ["UpperTorso"] = CFrame.new(0.0000,-2.0000,0.0064,1.0000,-0.0000,0.0000,0.0000,1.0000,0.0022,-0.0000,-0.0022,1.0000),
      ["LeftUpperArm"] = CFrame.new(1.0000,0.0000,-0.0022,1.0000,-0.0000,0.0000,0.0000,1.0000,0.0022,-0.0000,-0.0022,1.0000),
      ["RightUpperArm"] = CFrame.new(-1.0000,0.0000,-0.0022,1.0000,-0.0000,0.0000,0.0000,1.0000,0.0022,-0.0000,-0.0022,1.0000),
      ["Head"] = CFrame.new(0.0000,-1.0000,-0.0006,1.0000,-0.0000,0.0000,0.0000,1.0000,0.0022,-0.0000,-0.0022,1.0000),
    }},
    {Time = 0.300, Data = {
      ["HumanoidRootPart"] = CFrame.new(0.0000,0.0000,0.0000,1.0000,0.0000,0.0000,0.0000,1.0000,0.0000,0.0000,0.0000,1.0000),
      ["LowerTorso"] = CFrame.new(0.0000,-1.5589,0.0000,1.0000,-0.0000,0.0000,-0.0000,-0.3090,0.9511,0.0000,-0.9511,-0.3090),
      ["UpperTorso"] = CFrame.new(0.0000,-2.0000,0.0064,1.0000,-0.0000,0.0000,0.0000,1.0000,0.0022,-0.0000,-0.0022,1.0000),
      ["LeftUpperArm"] = CFrame.new(1.0000,0.0000,-0.0022,1.0000,-0.0000,0.0000,0.0000,1.0000,0.0022,-0.0000,-0.0022,1.0000),
      ["RightUpperArm"] = CFrame.new(-1.0000,0.0000,-0.0022,1.0000,-0.0000,0.0000,0.0000,1.0000,0.0022,-0.0000,-0.0022,1.0000),
      ["Head"] = CFrame.new(0.0000,-1.0000,-0.0006,1.0000,-0.0000,0.0000,0.0000,1.0000,0.0022,-0.0000,-0.0022,1.0000),
    }},
    {Time = 0.333, Data = {
      ["HumanoidRootPart"] = CFrame.new(0.0000,0.0000,0.0000,1.0000,0.0000,0.0000,0.0000,1.0000,0.0000,0.0000,0.0000,1.0000),
      ["LowerTorso"] = CFrame.new(0.0000,-1.5589,0.0000,1.0000,-0.0000,0.0000,-0.0000,-0.5000,0.8660,0.0000,-0.8660,-0.5000),
      ["UpperTorso"] = CFrame.new(0.0000,-2.0000,0.0064,1.0000,-0.0000,0.0000,0.0000,1.0000,0.0022,-0.0000,-0.0022,1.0000),
      ["LeftUpperArm"] = CFrame.new(1.0000,0.0000,-0.0022,1.0000,-0.0000,0.0000,0.0000,1.0000,0.0022,-0.0000,-0.0022,1.0000),
      ["RightUpperArm"] = CFrame.new(-1.0000,0.0000,-0.0022,1.0000,-0.0000,0.0000,0.0000,1.0000,0.0022,-0.0000,-0.0022,1.0000),
      ["Head"] = CFrame.new(0.0000,-1.0000,-0.0006,1.0000,-0.0000,0.0000,0.0000,1.0000,0.0022,-0.0000,-0.0022,1.0000),
    }},
    {Time = 0.367, Data = {
      ["HumanoidRootPart"] = CFrame.new(0.0000,0.0000,0.0000,1.0000,0.0000,0.0000,0.0000,1.0000,0.0000,0.0000,0.0000,1.0000),
      ["LowerTorso"] = CFrame.new(0.0000,-1.5589,0.0000,1.0000,-0.0000,0.0000,-0.0000,-0.6691,0.7431,0.0000,-0.7431,-0.6691),
      ["UpperTorso"] = CFrame.new(0.0000,-2.0000,0.0064,1.0000,-0.0000,0.0000,0.0000,1.0000,0.0022,-0.0000,-0.0022,1.0000),
      ["LeftUpperArm"] = CFrame.new(1.0000,0.0000,-0.0022,1.0000,-0.0000,0.0000,0.0000,1.0000,0.0022,-0.0000,-0.0022,1.0000),
      ["RightUpperArm"] = CFrame.new(-1.0000,0.0000,-0.0022,1.0000,-0.0000,0.0000,0.0000,1.0000,0.0022,-0.0000,-0.0022,1.0000),
      ["Head"] = CFrame.new(0.0000,-1.0000,-0.0006,1.0000,-0.0000,0.0000,0.0000,1.0000,0.0022,-0.0000,-0.0022,1.0000),
    }},
    {Time = 0.400, Data = {
      ["HumanoidRootPart"] = CFrame.new(0.0000,0.0000,0.0000,1.0000,0.0000,0.0000,0.0000,1.0000,0.0000,0.0000,0.0000,1.0000),
      ["LowerTorso"] = CFrame.new(0.0000,-1.5589,0.0000,1.0000,-0.0000,0.0000,-0.0000,-0.8090,0.5878,0.0000,-0.5878,-0.8090),
      ["UpperTorso"] = CFrame.new(0.0000,-2.0000,0.0064,1.0000,-0.0000,0.0000,0.0000,1.0000,0.0022,-0.0000,-0.0022,1.0000),
      ["LeftUpperArm"] = CFrame.new(1.0000,0.0000,-0.0022,1.0000,-0.0000,0.0000,0.0000,1.0000,0.0022,-0.0000,-0.0022,1.0000),
      ["RightUpperArm"] = CFrame.new(-1.0000,0.0000,-0.0022,1.0000,-0.0000,0.0000,0.0000,1.0000,0.0022,-0.0000,-0.0022,1.0000),
      ["Head"] = CFrame.new(0.0000,-1.0000,-0.0006,1.0000,-0.0000,0.0000,0.0000,1.0000,0.0022,-0.0000,-0.0022,1.0000),
    }},
    {Time = 0.433, Data = {
      ["HumanoidRootPart"] = CFrame.new(0.0000,0.0000,0.0000,1.0000,0.0000,0.0000,0.0000,1.0000,0.0000,0.0000,0.0000,1.0000),
      ["LowerTorso"] = CFrame.new(0.0000,-1.5589,0.0000,1.0000,-0.0000,0.0000,-0.0000,-0.9135,0.4067,0.0000,-0.4067,-0.9135),
      ["UpperTorso"] = CFrame.new(0.0000,-2.0000,0.0064,1.0000,-0.0000,0.0000,0.0000,1.0000,0.0022,-0.0000,-0.0022,1.0000),
      ["LeftUpperArm"] = CFrame.new(1.0000,0.0000,-0.0022,1.0000,-0.0000,0.0000,0.0000,1.0000,0.0022,-0.0000,-0.0022,1.0000),
      ["RightUpperArm"] = CFrame.new(-1.0000,0.0000,-0.0022,1.0000,-0.0000,0.0000,0.0000,1.0000,0.0022,-0.0000,-0.0022,1.0000),
      ["Head"] = CFrame.new(0.0000,-1.0000,-0.0006,1.0000,-0.0000,0.0000,0.0000,1.0000,0.0022,-0.0000,-0.0022,1.0000),
    }},
    {Time = 0.467, Data = {
      ["HumanoidRootPart"] = CFrame.new(0.0000,0.0000,0.0000,1.0000,0.0000,0.0000,0.0000,1.0000,0.0000,0.0000,0.0000,1.0000),
      ["LowerTorso"] = CFrame.new(0.0000,-1.5589,0.0000,1.0000,-0.0000,0.0000,-0.0000,-0.9781,0.2079,0.0000,-0.2079,-0.9781),
      ["UpperTorso"] = CFrame.new(0.0000,-2.0000,0.0064,1.0000,-0.0000,0.0000,0.0000,1.0000,0.0022,-0.0000,-0.0022,1.0000),
      ["LeftUpperArm"] = CFrame.new(1.0000,0.0000,-0.0022,1.0000,-0.0000,0.0000,0.0000,1.0000,0.0022,-0.0000,-0.0022,1.0000),
      ["RightUpperArm"] = CFrame.new(-1.0000,0.0000,-0.0022,1.0000,-0.0000,0.0000,0.0000,1.0000,0.0022,-0.0000,-0.0022,1.0000),
      ["Head"] = CFrame.new(0.0000,-1.0000,-0.0006,1.0000,-0.0000,0.0000,0.0000,1.0000,0.0022,-0.0000,-0.0022,1.0000),
    }},
    {Time = 0.500, Data = {
      ["HumanoidRootPart"] = CFrame.new(0.0000,0.0000,0.0000,1.0000,0.0000,0.0000,0.0000,1.0000,0.0000,0.0000,0.0000,1.0000),
      ["LowerTorso"] = CFrame.new(0.0000,-1.5589,0.0000,1.0000,-0.0000,0.0000,-0.0000,-1.0000,0.0000,0.0000,-0.0000,-1.0000),
      ["UpperTorso"] = CFrame.new(0.0000,-2.0000,0.0064,1.0000,-0.0000,0.0000,0.0000,1.0000,0.0022,-0.0000,-0.0022,1.0000),
      ["LeftUpperArm"] = CFrame.new(1.0000,0.0000,-0.0022,1.0000,-0.0000,0.0000,0.0000,1.0000,0.0022,-0.0000,-0.0022,1.0000),
      ["RightUpperArm"] = CFrame.new(-1.0000,0.0000,-0.0022,1.0000,-0.0000,0.0000,0.0000,1.0000,0.0022,-0.0000,-0.0022,1.0000),
      ["Head"] = CFrame.new(0.0000,-1.0000,-0.0006,1.0000,-0.0000,0.0000,0.0000,1.0000,0.0022,-0.0000,-0.0022,1.0000),
    }},
    {Time = 0.533, Data = {
      ["HumanoidRootPart"] = CFrame.new(0.0000,0.0000,0.0000,1.0000,0.0000,0.0000,0.0000,1.0000,0.0000,0.0000,0.0000,1.0000),
      ["LowerTorso"] = CFrame.new(0.0000,-1.5589,0.0000,1.0000,-0.0000,0.0000,0.0000,-0.9781,-0.2079,0.0000,0.2079,-0.9781),
      ["UpperTorso"] = CFrame.new(0.0000,-2.0000,0.0064,1.0000,-0.0000,0.0000,0.0000,1.0000,0.0022,-0.0000,-0.0022,1.0000),
      ["LeftUpperArm"] = CFrame.new(1.0000,0.0000,-0.0022,1.0000,-0.0000,0.0000,0.0000,1.0000,0.0022,-0.0000,-0.0022,1.0000),
      ["RightUpperArm"] = CFrame.new(-1.0000,0.0000,-0.0022,1.0000,-0.0000,0.0000,0.0000,1.0000,0.0022,-0.0000,-0.0022,1.0000),
      ["Head"] = CFrame.new(0.0000,-1.0000,-0.0006,1.0000,-0.0000,0.0000,0.0000,1.0000,0.0022,-0.0000,-0.0022,1.0000),
    }},
    {Time = 0.567, Data = {
      ["HumanoidRootPart"] = CFrame.new(0.0000,0.0000,0.0000,1.0000,0.0000,0.0000,0.0000,1.0000,0.0000,0.0000,0.0000,1.0000),
      ["LowerTorso"] = CFrame.new(0.0000,-1.5589,0.0000,1.0000,-0.0000,0.0000,0.0000,-0.9135,-0.4067,0.0000,0.4067,-0.9135),
      ["UpperTorso"] = CFrame.new(0.0000,-2.0000,0.0064,1.0000,-0.0000,0.0000,0.0000,1.0000,0.0022,-0.0000,-0.0022,1.0000),
      ["LeftUpperArm"] = CFrame.new(1.0000,0.0000,-0.0022,1.0000,-0.0000,0.0000,0.0000,1.0000,0.0022,-0.0000,-0.0022,1.0000),
      ["RightUpperArm"] = CFrame.new(-1.0000,0.0000,-0.0022,1.0000,-0.0000,0.0000,0.0000,1.0000,0.0022,-0.0000,-0.0022,1.0000),
      ["Head"] = CFrame.new(0.0000,-1.0000,-0.0006,1.0000,-0.0000,0.0000,0.0000,1.0000,0.0022,-0.0000,-0.0022,1.0000),
    }},
    {Time = 0.600, Data = {
      ["HumanoidRootPart"] = CFrame.new(0.0000,0.0000,0.0000,1.0000,0.0000,0.0000,0.0000,1.0000,0.0000,0.0000,0.0000,1.0000),
      ["LowerTorso"] = CFrame.new(0.0000,-1.5589,0.0000,1.0000,-0.0000,0.0000,0.0000,-0.8090,-0.5878,0.0000,0.5878,-0.8090),
      ["UpperTorso"] = CFrame.new(0.0000,-2.0000,0.0064,1.0000,-0.0000,0.0000,0.0000,1.0000,0.0022,-0.0000,-0.0022,1.0000),
      ["LeftUpperArm"] = CFrame.new(1.0000,0.0000,-0.0022,1.0000,-0.0000,0.0000,0.0000,1.0000,0.0022,-0.0000,-0.0022,1.0000),
      ["RightUpperArm"] = CFrame.new(-1.0000,0.0000,-0.0022,1.0000,-0.0000,0.0000,0.0000,1.0000,0.0022,-0.0000,-0.0022,1.0000),
      ["Head"] = CFrame.new(0.0000,-1.0000,-0.0006,1.0000,-0.0000,0.0000,0.0000,1.0000,0.0022,-0.0000,-0.0022,1.0000),
    }},
    {Time = 0.633, Data = {
      ["HumanoidRootPart"] = CFrame.new(0.0000,0.0000,0.0000,1.0000,0.0000,0.0000,0.0000,1.0000,0.0000,0.0000,0.0000,1.0000),
      ["LowerTorso"] = CFrame.new(0.0000,-1.5589,0.0000,1.0000,-0.0000,0.0000,0.0000,-0.6691,-0.7431,0.0000,0.7431,-0.6691),
      ["UpperTorso"] = CFrame.new(0.0000,-2.0000,0.0064,1.0000,-0.0000,0.0000,0.0000,1.0000,0.0022,-0.0000,-0.0022,1.0000),
      ["LeftUpperArm"] = CFrame.new(1.0000,0.0000,-0.0022,1.0000,-0.0000,0.0000,0.0000,1.0000,0.0022,-0.0000,-0.0022,1.0000),
      ["RightUpperArm"] = CFrame.new(-1.0000,0.0000,-0.0022,1.0000,-0.0000,0.0000,0.0000,1.0000,0.0022,-0.0000,-0.0022,1.0000),
      ["Head"] = CFrame.new(0.0000,-1.0000,-0.0006,1.0000,-0.0000,0.0000,0.0000,1.0000,0.0022,-0.0000,-0.0022,1.0000),
    }},
    {Time = 0.667, Data = {
      ["HumanoidRootPart"] = CFrame.new(0.0000,0.0000,0.0000,1.0000,0.0000,0.0000,0.0000,1.0000,0.0000,0.0000,0.0000,1.0000),
      ["LowerTorso"] = CFrame.new(0.0000,-1.5589,0.0000,1.0000,-0.0000,0.0000,0.0000,-0.5000,-0.8660,0.0000,0.8660,-0.5000),
      ["UpperTorso"] = CFrame.new(0.0000,-2.0000,0.0064,1.0000,-0.0000,0.0000,0.0000,1.0000,0.0022,-0.0000,-0.0022,1.0000),
      ["LeftUpperArm"] = CFrame.new(1.0000,0.0000,-0.0022,1.0000,-0.0000,0.0000,0.0000,1.0000,0.0022,-0.0000,-0.0022,1.0000),
      ["RightUpperArm"] = CFrame.new(-1.0000,0.0000,-0.0022,1.0000,-0.0000,0.0000,0.0000,1.0000,0.0022,-0.0000,-0.0022,1.0000),
      ["Head"] = CFrame.new(0.0000,-1.0000,-0.0006,1.0000,-0.0000,0.0000,0.0000,1.0000,0.0022,-0.0000,-0.0022,1.0000),
    }},
    {Time = 0.700, Data = {
      ["HumanoidRootPart"] = CFrame.new(0.0000,0.0000,0.0000,1.0000,0.0000,0.0000,0.0000,1.0000,0.0000,0.0000,0.0000,1.0000),
      ["LowerTorso"] = CFrame.new(0.0000,-1.5589,0.0000,1.0000,-0.0000,0.0000,0.0000,-0.3090,-0.9511,0.0000,0.9511,-0.3090),
      ["UpperTorso"] = CFrame.new(0.0000,-2.0000,0.0064,1.0000,-0.0000,0.0000,0.0000,1.0000,0.0022,-0.0000,-0.0022,1.0000),
      ["LeftUpperArm"] = CFrame.new(1.0000,0.0000,-0.0022,1.0000,-0.0000,0.0000,0.0000,1.0000,0.0022,-0.0000,-0.0022,1.0000),
      ["RightUpperArm"] = CFrame.new(-1.0000,0.0000,-0.0022,1.0000,-0.0000,0.0000,0.0000,1.0000,0.0022,-0.0000,-0.0022,1.0000),
      ["Head"] = CFrame.new(0.0000,-1.0000,-0.0006,1.0000,-0.0000,0.0000,0.0000,1.0000,0.0022,-0.0000,-0.0022,1.0000),
    }},
    {Time = 0.733, Data = {
      ["HumanoidRootPart"] = CFrame.new(0.0000,0.0000,0.0000,1.0000,0.0000,0.0000,0.0000,1.0000,0.0000,0.0000,0.0000,1.0000),
      ["LowerTorso"] = CFrame.new(0.0000,-1.5589,0.0000,1.0000,-0.0000,0.0000,0.0000,-0.1045,-0.9945,0.0000,0.9945,-0.1045),
      ["UpperTorso"] = CFrame.new(0.0000,-2.0000,0.0064,1.0000,-0.0000,0.0000,0.0000,1.0000,0.0022,-0.0000,-0.0022,1.0000),
      ["LeftUpperArm"] = CFrame.new(1.0000,0.0000,-0.0022,1.0000,-0.0000,0.0000,0.0000,1.0000,0.0022,-0.0000,-0.0022,1.0000),
      ["RightUpperArm"] = CFrame.new(-1.0000,0.0000,-0.0022,1.0000,-0.0000,0.0000,0.0000,1.0000,0.0022,-0.0000,-0.0022,1.0000),
      ["Head"] = CFrame.new(0.0000,-1.0000,-0.0006,1.0000,-0.0000,0.0000,0.0000,1.0000,0.0022,-0.0000,-0.0022,1.0000),
    }},
    {Time = 0.767, Data = {
      ["HumanoidRootPart"] = CFrame.new(0.0000,0.0000,0.0000,1.0000,0.0000,0.0000,0.0000,1.0000,0.0000,0.0000,0.0000,1.0000),
      ["LowerTorso"] = CFrame.new(0.0000,-1.4550,0.0000,1.0000,-0.0000,0.0000,0.0000,0.1045,-0.9945,0.0000,0.9945,0.1045),
      ["UpperTorso"] = CFrame.new(0.0000,-2.0000,0.0064,1.0000,-0.0000,0.0000,0.0000,1.0000,0.0022,-0.0000,-0.0022,1.0000),
      ["LeftUpperArm"] = CFrame.new(1.0000,0.0000,-0.0022,1.0000,-0.0000,0.0000,0.0000,1.0000,0.0022,-0.0000,-0.0022,1.0000),
      ["RightUpperArm"] = CFrame.new(-1.0000,0.0000,-0.0022,1.0000,-0.0000,0.0000,0.0000,1.0000,0.0022,-0.0000,-0.0022,1.0000),
      ["Head"] = CFrame.new(0.0000,-1.0000,-0.0006,1.0000,-0.0000,0.0000,0.0000,1.0000,0.0022,-0.0000,-0.0022,1.0000),
    }},
    {Time = 0.800, Data = {
      ["HumanoidRootPart"] = CFrame.new(0.0000,0.0000,0.0000,1.0000,0.0000,0.0000,0.0000,1.0000,0.0000,0.0000,0.0000,1.0000),
      ["LowerTorso"] = CFrame.new(0.0000,-1.2472,0.0000,1.0000,-0.0000,0.0000,0.0000,0.3090,-0.9511,0.0000,0.9511,0.3090),
      ["UpperTorso"] = CFrame.new(0.0000,-2.0000,0.0064,1.0000,-0.0000,0.0000,0.0000,1.0000,0.0022,-0.0000,-0.0022,1.0000),
      ["LeftUpperArm"] = CFrame.new(1.0000,0.0000,-0.0022,1.0000,-0.0000,0.0000,0.0000,1.0000,0.0022,-0.0000,-0.0022,1.0000),
      ["RightUpperArm"] = CFrame.new(-1.0000,0.0000,-0.0022,1.0000,-0.0000,0.0000,0.0000,1.0000,0.0022,-0.0000,-0.0022,1.0000),
      ["Head"] = CFrame.new(0.0000,-1.0000,-0.0006,1.0000,-0.0000,0.0000,0.0000,1.0000,0.0022,-0.0000,-0.0022,1.0000),
    }},
    {Time = 0.833, Data = {
      ["HumanoidRootPart"] = CFrame.new(0.0000,0.0000,0.0000,1.0000,0.0000,0.0000,0.0000,1.0000,0.0000,0.0000,0.0000,1.0000),
      ["LowerTorso"] = CFrame.new(0.0000,-1.0393,0.0000,1.0000,-0.0000,0.0000,0.0000,0.5000,-0.8660,0.0000,0.8660,0.5000),
      ["UpperTorso"] = CFrame.new(0.0000,-2.0000,0.0064,1.0000,-0.0000,0.0000,0.0000,1.0000,0.0022,-0.0000,-0.0022,1.0000),
      ["LeftUpperArm"] = CFrame.new(1.0000,0.0000,-0.0022,1.0000,-0.0000,0.0000,0.0000,1.0000,0.0022,-0.0000,-0.0022,1.0000),
      ["RightUpperArm"] = CFrame.new(-1.0000,0.0000,-0.0022,1.0000,-0.0000,0.0000,0.0000,1.0000,0.0022,-0.0000,-0.0022,1.0000),
      ["Head"] = CFrame.new(0.0000,-1.0000,-0.0006,1.0000,-0.0000,0.0000,0.0000,1.0000,0.0022,-0.0000,-0.0022,1.0000),
    }},
    {Time = 0.867, Data = {
      ["HumanoidRootPart"] = CFrame.new(0.0000,0.0000,0.0000,1.0000,0.0000,0.0000,0.0000,1.0000,0.0000,0.0000,0.0000,1.0000),
      ["LowerTorso"] = CFrame.new(0.0000,-0.8314,0.0000,1.0000,-0.0000,0.0000,0.0000,0.6691,-0.7431,0.0000,0.7431,0.6691),
      ["UpperTorso"] = CFrame.new(0.0000,-2.0000,0.0064,1.0000,-0.0000,0.0000,0.0000,1.0000,0.0022,-0.0000,-0.0022,1.0000),
      ["LeftUpperArm"] = CFrame.new(1.0000,0.0000,-0.0022,1.0000,-0.0000,0.0000,0.0000,1.0000,0.0022,-0.0000,-0.0022,1.0000),
      ["RightUpperArm"] = CFrame.new(-1.0000,0.0000,-0.0022,1.0000,-0.0000,0.0000,0.0000,1.0000,0.0022,-0.0000,-0.0022,1.0000),
      ["Head"] = CFrame.new(0.0000,-1.0000,-0.0006,1.0000,-0.0000,0.0000,0.0000,1.0000,0.0022,-0.0000,-0.0022,1.0000),
    }},
    {Time = 0.900, Data = {
      ["HumanoidRootPart"] = CFrame.new(0.0000,0.0000,0.0000,1.0000,0.0000,0.0000,0.0000,1.0000,0.0000,0.0000,0.0000,1.0000),
      ["LowerTorso"] = CFrame.new(0.0000,-0.6236,0.0000,1.0000,-0.0000,0.0000,0.0000,0.8090,-0.5878,0.0000,0.5878,0.8090),
      ["UpperTorso"] = CFrame.new(0.0000,-2.0000,0.0064,1.0000,-0.0000,0.0000,0.0000,1.0000,0.0022,-0.0000,-0.0022,1.0000),
      ["LeftUpperArm"] = CFrame.new(1.0000,0.0000,-0.0022,1.0000,-0.0000,0.0000,0.0000,1.0000,0.0022,-0.0000,-0.0022,1.0000),
      ["RightUpperArm"] = CFrame.new(-1.0000,0.0000,-0.0022,1.0000,-0.0000,0.0000,0.0000,1.0000,0.0022,-0.0000,-0.0022,1.0000),
      ["Head"] = CFrame.new(0.0000,-1.0000,-0.0006,1.0000,-0.0000,0.0000,0.0000,1.0000,0.0022,-0.0000,-0.0022,1.0000),
    }},
    {Time = 0.933, Data = {
      ["HumanoidRootPart"] = CFrame.new(0.0000,0.0000,0.0000,1.0000,0.0000,0.0000,0.0000,1.0000,0.0000,0.0000,0.0000,1.0000),
      ["LowerTorso"] = CFrame.new(0.0000,-0.4157,0.0000,1.0000,-0.0000,0.0000,0.0000,0.9135,-0.4067,0.0000,0.4067,0.9135),
      ["UpperTorso"] = CFrame.new(0.0000,-2.0000,0.0064,1.0000,-0.0000,0.0000,0.0000,1.0000,0.0022,-0.0000,-0.0022,1.0000),
      ["LeftUpperArm"] = CFrame.new(1.0000,0.0000,-0.0022,1.0000,-0.0000,0.0000,0.0000,1.0000,0.0022,-0.0000,-0.0022,1.0000),
      ["RightUpperArm"] = CFrame.new(-1.0000,0.0000,-0.0022,1.0000,-0.0000,0.0000,0.0000,1.0000,0.0022,-0.0000,-0.0022,1.0000),
      ["Head"] = CFrame.new(0.0000,-1.0000,-0.0006,1.0000,-0.0000,0.0000,0.0000,1.0000,0.0022,-0.0000,-0.0022,1.0000),
    }},
    {Time = 0.967, Data = {
      ["HumanoidRootPart"] = CFrame.new(0.0000,0.0000,0.0000,1.0000,0.0000,0.0000,0.0000,1.0000,0.0000,0.0000,0.0000,1.0000),
      ["LowerTorso"] = CFrame.new(0.0000,-0.2079,0.0000,1.0000,-0.0000,0.0000,0.0000,0.9781,-0.2079,0.0000,0.2079,0.9781),
      ["UpperTorso"] = CFrame.new(0.0000,-2.0000,0.0064,1.0000,-0.0000,0.0000,0.0000,1.0000,0.0022,-0.0000,-0.0022,1.0000),
      ["LeftUpperArm"] = CFrame.new(1.0000,0.0000,-0.0022,1.0000,-0.0000,0.0000,0.0000,1.0000,0.0022,-0.0000,-0.0022,1.0000),
      ["RightUpperArm"] = CFrame.new(-1.0000,0.0000,-0.0022,1.0000,-0.0000,0.0000,0.0000,1.0000,0.0022,-0.0000,-0.0022,1.0000),
      ["Head"] = CFrame.new(0.0000,-1.0000,-0.0006,1.0000,-0.0000,0.0000,0.0000,1.0000,0.0022,-0.0000,-0.0022,1.0000),
    }},
    {Time = 1.000, Data = {
      ["HumanoidRootPart"] = CFrame.new(0.0000,0.0000,0.0000,1.0000,0.0000,0.0000,0.0000,1.0000,0.0000,0.0000,0.0000,1.0000),
      ["LowerTorso"] = CFrame.new(0.0000,0.0000,0.0000,1.0000,-0.0000,0.0000,0.0000,1.0000,0.0000,-0.0000,-0.0000,1.0000),
      ["UpperTorso"] = CFrame.new(0.0000,-2.0000,0.0064,1.0000,-0.0000,0.0000,0.0000,1.0000,0.0022,-0.0000,-0.0022,1.0000),
      ["LeftUpperArm"] = CFrame.new(1.0000,0.0000,-0.0022,1.0000,-0.0000,0.0000,0.0000,1.0000,0.0022,-0.0000,-0.0022,1.0000),
      ["RightUpperArm"] = CFrame.new(-1.0000,0.0000,-0.0022,1.0000,-0.0000,0.0000,0.0000,1.0000,0.0022,-0.0000,-0.0022,1.0000),
      ["Head"] = CFrame.new(0.0000,-1.0000,-0.0006,1.0000,-0.0000,0.0000,0.0000,1.0000,0.0022,-0.0000,-0.0022,1.0000),
    }},
  }
}
