return {
  ["106375940194379"] = {
    {Time = 0.000, Data = {
      ["HumanoidRootPart"] = CFrame.new(0.0000,0.0000,0.0000,1.0000,0.0000,0.0000,0.0000,1.0000,0.0000,0.0000,0.0000,1.0000),
      ["LowerTorso"] = CFrame.new(-0.0631,-0.4624,0.0724,0.7731,0.1069,-0.6251,0.3621,0.7349,0.5735,0.5207,-0.6697,0.5294),
      ["UpperTorso"] = CFrame.new(0.0000,0.0000,0.0000,0.9963,-0.0000,0.0860,0.0000,1.0000,-0.0000,-0.0860,0.0000,0.9963),
      ["LeftUpperArm"] = CFrame.new(0.1861,-0.3597,-0.1115,0.3813,0.6921,-0.6128,-0.8687,0.0416,-0.4935,-0.3161,0.7206,0.6172),
      ["LeftLowerArm"] = CFrame.new(-0.0005,0.0000,0.0033,1.0000,-0.0000,0.0000,0.0000,0.3130,-0.9498,0.0000,0.9498,0.3130),
      ["LeftHand"] = CFrame.new(0.0000,0.0000,0.0000,1.0000,-0.0040,0.0000,0.0040,1.0000,0.0044,-0.0000,-0.0044,1.0000),
      ["Head"] = CFrame.new(0.0000,0.0000,0.0000,0.8550,0.1327,0.5013,0.1231,0.8871,-0.4449,-0.5038,0.4421,0.7422),
      ["RightUpperArm"] = CFrame.new(-0.4285,-0.0330,0.3616,0.9105,-0.2271,-0.3456,0.4033,0.6727,0.6204,0.0916,-0.7042,0.7040),
      ["RightLowerArm"] = CFrame.new(0.0000,0.0000,0.0033,1.0000,-0.0000,0.0000,0.0000,0.6495,-0.7604,0.0000,0.7604,0.6495),
      ["RightHand"] = CFrame.new(0.0000,0.0000,0.0000,1.0000,-0.0000,0.0000,0.0000,1.0000,0.0044,-0.0000,-0.0044,1.0000),
      ["LeftUpperLeg"] = CFrame.new(-0.0849,-0.0042,0.0170,0.7829,-0.4794,0.3965,0.0750,0.7055,0.7047,-0.6176,-0.5220,0.5883),
      ["LeftLowerLeg"] = CFrame.new(0.0000,0.0002,-0.0029,1.0000,-0.0000,0.0000,0.0000,0.8480,0.5300,-0.0000,-0.5300,0.8480),
      ["LeftFoot"] = CFrame.new(0.0000,-0.0002,0.0000,0.9958,-0.0856,-0.0326,0.0910,0.9652,0.2452,0.0104,-0.2471,0.9689),
      ["RightUpperLeg"] = CFrame.new(-0.1430,0.0631,-0.5592,0.8140,0.5578,-0.1621,0.0963,-0.4048,-0.9093,-0.5729,0.7245,-0.3832),
      ["RightLowerLeg"] = CFrame.new(0.0000,0.0000,-0.0030,1.0000,-0.0000,0.0000,0.0000,0.8756,0.4829,-0.0000,-0.4829,0.8756),
      ["RightFoot"] = CFrame.new(0.0000,0.0000,-0.0001,0.9942,0.1004,0.0383,-0.1004,0.9949,-0.0032,-0.0384,-0.0006,0.9993),
    }},
    {Time = 0.033, Data = {
      ["HumanoidRootPart"] = CFrame.new(0.0000,0.0000,0.0000,1.0000,0.0000,0.0000,0.0000,1.0000,0.0000,0.0000,0.0000,1.0000),
      ["LowerTorso"] = CFrame.new(-0.0619,-0.5406,0.0724,0.7809,0.1035,-0.6161,0.3602,0.7312,0.5794,0.5104,-0.6743,0.5337),
      ["UpperTorso"] = CFrame.new(0.0000,0.0000,0.0000,0.9964,-0.0000,0.0843,0.0000,1.0000,-0.0000,-0.0843,0.0000,0.9964),
      ["LeftUpperArm"] = CFrame.new(0.1874,-0.3894,-0.0648,0.4516,0.6719,-0.5871,-0.8285,0.0715,-0.5554,-0.3312,0.7372,0.5889),
      ["LeftLowerArm"] = CFrame.new(-0.0005,0.0000,0.0033,1.0000,-0.0000,0.0000,0.0000,0.2463,-0.9692,0.0000,0.9692,0.2463),
      ["LeftHand"] = CFrame.new(0.0000,0.0000,0.0000,1.0000,-0.0040,0.0000,0.0040,1.0000,0.0044,-0.0000,-0.0044,1.0000),
      ["Head"] = CFrame.new(0.0000,0.0000,0.0000,0.8602,0.1446,0.4890,0.1185,0.8761,-0.4674,-0.4960,0.4600,0.7365),
      ["RightUpperArm"] = CFrame.new(-0.4175,-0.0414,0.3197,0.8795,-0.3007,-0.3690,0.4705,0.6666,0.5782,0.0721,-0.6821,0.7277),
      ["RightLowerArm"] = CFrame.new(0.0000,0.0000,0.0033,1.0000,-0.0000,0.0000,0.0000,0.6618,-0.7497,0.0000,0.7497,0.6618),
      ["RightHand"] = CFrame.new(0.0000,0.0000,0.0000,1.0000,-0.0000,0.0000,0.0000,1.0000,0.0044,-0.0000,-0.0044,1.0000),
      ["LeftUpperLeg"] = CFrame.new(-0.0868,-0.0029,0.0149,0.7910,-0.4876,0.3696,0.0760,0.6778,0.7313,-0.6071,-0.5503,0.5732),
      ["LeftLowerLeg"] = CFrame.new(0.0000,0.0002,-0.0029,1.0000,-0.0000,0.0000,0.0000,0.8534,0.5212,-0.0000,-0.5212,0.8534),
      ["LeftFoot"] = CFrame.new(0.0000,-0.0002,0.0000,0.9958,-0.0857,-0.0326,0.0916,0.9486,0.3028,0.0050,-0.3045,0.9525),
      ["RightUpperLeg"] = CFrame.new(-0.1325,0.0631,-0.5639,0.8184,0.5423,-0.1902,0.1051,-0.4667,-0.8782,-0.5650,0.6987,-0.4389),
      ["RightLowerLeg"] = CFrame.new(0.0000,0.0000,-0.0030,1.0000,-0.0000,0.0000,0.0000,0.7610,0.6488,-0.0000,-0.6488,0.7610),
      ["RightFoot"] = CFrame.new(0.0000,0.0000,-0.0001,0.9944,0.0987,0.0376,-0.1007,0.9933,0.0570,-0.0317,-0.0605,0.9977),
    }},
    {Time = 0.067, Data = {
      ["HumanoidRootPart"] = CFrame.new(0.0000,0.0000,0.0000,1.0000,0.0000,0.0000,0.0000,1.0000,0.0000,0.0000,0.0000,1.0000),
      ["LowerTorso"] = CFrame.new(-0.0586,-0.5985,0.0724,0.8014,0.0992,-0.5899,0.3502,0.7217,0.5971,0.4849,-0.6851,0.5436),
      ["UpperTorso"] = CFrame.new(0.0000,0.0000,0.0000,0.9968,-0.0000,0.0798,0.0000,1.0000,-0.0000,-0.0798,0.0000,0.9968),
      ["LeftUpperArm"] = CFrame.new(0.1984,-0.4122,-0.0129,0.5414,0.6648,-0.5147,-0.7706,0.1475,-0.6200,-0.3362,0.7323,0.5922),
      ["LeftLowerArm"] = CFrame.new(-0.0005,0.0000,0.0033,1.0000,-0.0000,0.0000,0.0000,0.1318,-0.9913,0.0000,0.9913,0.1318),
      ["LeftHand"] = CFrame.new(0.0000,0.0000,0.0000,1.0000,-0.0040,0.0000,0.0040,1.0000,0.0044,-0.0000,-0.0044,1.0000),
      ["Head"] = CFrame.new(0.0000,0.0000,0.0000,0.8720,0.1573,0.4635,0.1103,0.8594,-0.4993,-0.4769,0.4866,0.7320),
      ["RightUpperArm"] = CFrame.new(-0.3958,-0.0546,0.2592,0.8412,-0.3783,-0.3862,0.5341,0.6924,0.4851,0.0839,-0.6143,0.7846),
      ["RightLowerArm"] = CFrame.new(0.0000,0.0000,0.0033,1.0000,-0.0000,0.0000,0.0000,0.7489,-0.6627,0.0000,0.6627,0.7489),
      ["RightHand"] = CFrame.new(0.0000,0.0000,0.0000,1.0000,-0.0000,0.0000,0.0000,1.0000,0.0044,-0.0000,-0.0044,1.0000),
      ["LeftUpperLeg"] = CFrame.new(-0.0893,0.0000,0.0026,0.8120,-0.4452,0.3773,0.0755,0.7212,0.6885,-0.5787,-0.5306,0.6193),
      ["LeftLowerLeg"] = CFrame.new(0.0000,0.0002,-0.0029,1.0000,-0.0000,0.0000,0.0000,0.7837,0.6212,-0.0000,-0.6212,0.7837),
      ["LeftFoot"] = CFrame.new(0.0000,-0.0002,0.0000,0.9958,-0.0859,-0.0327,0.0918,0.9440,0.3170,0.0036,-0.3186,0.9479),
      ["RightUpperLeg"] = CFrame.new(-0.1063,0.0628,-0.5592,0.8326,0.5040,-0.2296,0.1205,-0.5694,-0.8132,-0.5406,0.6494,-0.5348),
      ["RightLowerLeg"] = CFrame.new(0.0000,0.0000,-0.0030,1.0000,-0.0000,0.0000,0.0000,0.4741,0.8805,-0.0000,-0.8805,0.4741),
      ["RightFoot"] = CFrame.new(0.0000,0.0000,-0.0001,0.9948,0.0954,0.0363,-0.0992,0.9870,0.1267,-0.0238,-0.1296,0.9913),
    }},
    {Time = 0.100, Data = {
      ["HumanoidRootPart"] = CFrame.new(0.0000,0.0000,0.0000,1.0000,0.0000,0.0000,0.0000,1.0000,0.0000,0.0000,0.0000,1.0000),
      ["LowerTorso"] = CFrame.new(-0.0535,-0.6297,0.0724,0.8314,0.0931,-0.5478,0.3319,0.7074,0.6240,0.4456,-0.7006,0.5572),
      ["UpperTorso"] = CFrame.new(0.0000,0.0000,0.0000,0.9973,-0.0000,0.0730,0.0000,1.0000,-0.0000,-0.0730,0.0000,0.9973),
      ["LeftUpperArm"] = CFrame.new(0.2204,-0.4238,0.0443,0.6328,0.6593,-0.4060,-0.6996,0.2622,-0.6647,-0.3318,0.7047,0.6272),
      ["LeftLowerArm"] = CFrame.new(-0.0005,0.0000,0.0033,1.0000,-0.0000,0.0000,0.0000,0.0196,-0.9998,0.0000,0.9998,0.0196),
      ["LeftHand"] = CFrame.new(0.0000,0.0000,0.0000,1.0000,-0.0040,0.0000,0.0040,1.0000,0.0044,-0.0000,-0.0044,1.0000),
      ["Head"] = CFrame.new(0.0000,0.0000,0.0000,0.8898,0.1650,0.4254,0.1001,0.8389,-0.5349,-0.4451,0.5186,0.7300),
      ["RightUpperArm"] = CFrame.new(-0.3744,-0.0592,0.1896,0.8146,-0.4562,-0.3583,0.5694,0.7466,0.3441,0.1105,-0.4843,0.8679),
      ["RightLowerArm"] = CFrame.new(0.0000,0.0000,0.0033,1.0000,-0.0000,0.0000,0.0000,0.8645,-0.5027,0.0000,0.5027,0.8645),
      ["RightHand"] = CFrame.new(0.0000,0.0000,0.0000,1.0000,-0.0000,0.0000,0.0000,1.0000,0.0044,-0.0000,-0.0044,1.0000),
      ["LeftUpperLeg"] = CFrame.new(-0.0924,0.0044,-0.0183,0.8422,-0.3621,0.3996,0.0708,0.8088,0.5838,-0.5346,-0.4633,0.7068),
      ["LeftLowerLeg"] = CFrame.new(0.0000,0.0002,-0.0029,1.0000,-0.0000,0.0000,0.0000,0.6359,0.7718,-0.0000,-0.7718,0.6359),
      ["LeftFoot"] = CFrame.new(0.0000,-0.0002,0.0000,0.9960,-0.0840,-0.0320,0.0897,0.9524,0.2912,0.0060,-0.2929,0.9561),
      ["RightUpperLeg"] = CFrame.new(-0.0731,0.0621,-0.5457,0.8559,0.4523,-0.2508,0.1183,-0.6432,-0.7565,-0.5035,0.6178,-0.6040),
      ["RightLowerLeg"] = CFrame.new(0.0000,0.0000,-0.0030,1.0000,-0.0000,0.0000,0.0000,0.1292,0.9916,-0.0000,-0.9916,0.1292),
      ["RightFoot"] = CFrame.new(0.0000,0.0000,-0.0001,0.9956,0.0880,0.0335,-0.0880,0.9961,-0.0009,-0.0335,-0.0021,0.9994),
    }},
    {Time = 0.133, Data = {
      ["HumanoidRootPart"] = CFrame.new(0.0000,0.0000,0.0000,1.0000,0.0000,0.0000,0.0000,1.0000,0.0000,0.0000,0.0000,1.0000),
      ["LowerTorso"] = CFrame.new(-0.0469,-0.6305,0.0724,0.8680,0.0839,-0.4894,0.3042,0.6892,0.6577,0.3925,-0.7197,0.5727),
      ["UpperTorso"] = CFrame.new(0.0000,0.0000,0.0000,0.9980,-0.0000,0.0640,0.0000,1.0000,-0.0000,-0.0640,0.0000,0.9980),
      ["LeftUpperArm"] = CFrame.new(0.2537,-0.4191,0.1075,0.7140,0.6488,-0.2631,-0.6203,0.4118,-0.6676,-0.3248,0.6399,0.6965),
      ["LeftLowerArm"] = CFrame.new(-0.0005,0.0000,0.0033,1.0000,-0.0000,0.0000,0.0000,-0.0589,-0.9983,0.0000,0.9983,-0.0589),
      ["LeftHand"] = CFrame.new(0.0000,0.0000,0.0000,1.0000,-0.0040,0.0000,0.0040,1.0000,0.0044,-0.0000,-0.0044,1.0000),
      ["Head"] = CFrame.new(0.0000,0.0000,0.0000,0.9132,0.1622,0.3739,0.0882,0.8169,-0.5699,-0.3979,0.5534,0.7317),
      ["RightUpperArm"] = CFrame.new(-0.3603,-0.0512,0.1199,0.8094,-0.5221,-0.2690,0.5724,0.8037,0.1624,0.1314,-0.2854,0.9494),
      ["RightLowerArm"] = CFrame.new(0.0000,0.0000,0.0033,1.0000,-0.0000,0.0000,0.0000,0.9583,-0.2857,0.0000,0.2857,0.9583),
      ["RightHand"] = CFrame.new(0.0000,0.0000,0.0000,1.0000,-0.0000,0.0000,0.0000,1.0000,0.0044,-0.0000,-0.0044,1.0000),
      ["LeftUpperLeg"] = CFrame.new(-0.0962,0.0099,-0.0465,0.8773,-0.2460,0.4122,0.0585,0.9071,0.4169,-0.4764,-0.3416,0.8101),
      ["LeftLowerLeg"] = CFrame.new(0.0000,0.0002,-0.0029,1.0000,-0.0000,0.0000,0.0000,0.4145,0.9100,-0.0000,-0.9100,0.4145),
      ["LeftFoot"] = CFrame.new(0.0000,-0.0002,0.0000,0.9966,-0.0771,-0.0293,0.0818,0.9700,0.2291,0.0108,-0.2307,0.9730),
      ["RightUpperLeg"] = CFrame.new(-0.0405,0.0607,-0.5236,0.8879,0.4021,-0.2237,0.1019,-0.6459,-0.7566,-0.4487,0.6490,-0.6144),
      ["RightLowerLeg"] = CFrame.new(0.0000,0.0000,-0.0030,1.0000,-0.0000,0.0000,-0.0000,-0.1517,0.9884,0.0000,-0.9884,-0.1517),
      ["RightFoot"] = CFrame.new(0.0000,0.0000,-0.0001,0.9964,0.0797,0.0304,-0.0677,0.9555,-0.2870,-0.0519,0.2839,0.9574),
    }},
    {Time = 0.167, Data = {
      ["HumanoidRootPart"] = CFrame.new(0.0000,0.0000,0.0000,1.0000,0.0000,0.0000,0.0000,1.0000,0.0000,0.0000,0.0000,1.0000),
      ["LowerTorso"] = CFrame.new(-0.0390,-0.6011,0.0724,0.9070,0.0705,-0.4152,0.2659,0.6686,0.6944,0.3266,-0.7402,0.5877),
      ["UpperTorso"] = CFrame.new(0.0000,0.0000,0.0000,0.9986,-0.0000,0.0532,0.0000,1.0000,-0.0000,-0.0532,0.0000,0.9986),
      ["LeftUpperArm"] = CFrame.new(0.2953,-0.3938,0.1720,0.7782,0.6219,-0.0873,-0.5372,0.5871,-0.6056,-0.3253,0.5181,0.7910),
      ["LeftLowerArm"] = CFrame.new(-0.0005,0.0000,0.0033,1.0000,-0.0000,0.0000,0.0000,-0.1019,-0.9948,0.0000,0.9948,-0.1019),
      ["LeftHand"] = CFrame.new(0.0000,0.0000,0.0000,1.0000,-0.0040,0.0000,0.0040,1.0000,0.0044,-0.0000,-0.0044,1.0000),
      ["Head"] = CFrame.new(0.0000,0.0000,0.0000,0.9400,0.1442,0.3091,0.0747,0.7971,-0.5992,-0.3328,0.5864,0.7385),
      ["RightUpperArm"] = CFrame.new(-0.3523,-0.0370,0.0556,0.8165,-0.5603,-0.1390,0.5612,0.8269,-0.0367,0.1355,-0.0481,0.9896),
      ["RightLowerArm"] = CFrame.new(0.0000,0.0000,0.0033,1.0000,-0.0000,0.0000,0.0000,0.9977,-0.0679,0.0000,0.0679,0.9977),
      ["RightHand"] = CFrame.new(0.0000,0.0000,0.0000,1.0000,-0.0000,0.0000,0.0000,1.0000,0.0044,-0.0000,-0.0044,1.0000),
      ["LeftUpperLeg"] = CFrame.new(-0.1007,0.0164,-0.0806,0.9124,-0.1112,0.3939,0.0382,0.9813,0.1886,-0.4075,-0.1571,0.8996),
      ["LeftLowerLeg"] = CFrame.new(0.0000,0.0002,-0.0029,1.0000,-0.0000,0.0000,0.0000,0.1414,0.9900,-0.0000,-0.9900,0.1414),
      ["LeftFoot"] = CFrame.new(0.0000,-0.0002,0.0000,0.9983,-0.0551,-0.0210,0.0575,0.9892,0.1351,0.0133,-0.1360,0.9906),
      ["RightUpperLeg"] = CFrame.new(-0.0142,0.0583,-0.4935,0.9249,0.3538,-0.1391,0.0828,-0.5445,-0.8346,-0.3710,0.7605,-0.5330),
      ["RightLowerLeg"] = CFrame.new(0.0000,0.0000,-0.0030,1.0000,-0.0000,0.0000,-0.0000,-0.3081,0.9513,0.0000,-0.9513,-0.3081),
      ["RightFoot"] = CFrame.new(0.0000,0.0000,-0.0001,0.9965,0.0781,0.0298,-0.0480,0.8260,-0.5616,-0.0684,0.5582,0.8269),
    }},
    {Time = 0.200, Data = {
      ["HumanoidRootPart"] = CFrame.new(0.0000,0.0000,0.0000,1.0000,0.0000,0.0000,0.0000,1.0000,0.0000,0.0000,0.0000,1.0000),
      ["LowerTorso"] = CFrame.new(-0.0300,-0.5480,0.0724,0.9439,0.0521,-0.3262,0.2165,0.6483,0.7300,0.2495,-0.7596,0.6006),
      ["UpperTorso"] = CFrame.new(0.0000,0.0000,0.0000,0.9992,-0.0000,0.0409,0.0000,1.0000,-0.0000,-0.0409,0.0000,0.9992),
      ["LeftUpperArm"] = CFrame.new(0.3378,-0.3478,0.2293,0.8243,0.5553,0.1102,-0.4522,0.7629,-0.4620,-0.3407,0.3310,0.8800),
      ["LeftLowerArm"] = CFrame.new(-0.0005,0.0000,0.0033,1.0000,-0.0000,0.0000,0.0000,-0.1210,-0.9926,0.0000,0.9926,-0.1210),
      ["LeftHand"] = CFrame.new(0.0000,0.0000,0.0000,1.0000,-0.0040,0.0000,0.0040,1.0000,0.0044,-0.0000,-0.0044,1.0000),
      ["Head"] = CFrame.new(0.0000,0.0000,0.0000,0.9664,0.1111,0.2319,0.0587,0.7828,-0.6195,-0.2503,0.6123,0.7500),
      ["RightUpperArm"] = CFrame.new(-0.3466,-0.0245,-0.0017,0.8212,-0.5695,-0.0365,0.5576,0.8144,-0.1606,0.1212,0.1115,0.9863),
      ["RightLowerArm"] = CFrame.new(0.0000,0.0000,0.0033,1.0000,-0.0000,0.0000,0.0000,0.9987,-0.0517,0.0000,0.0517,0.9987),
      ["RightHand"] = CFrame.new(0.0000,0.0000,0.0000,1.0000,-0.0000,0.0000,0.0000,1.0000,0.0044,-0.0000,-0.0044,1.0000),
      ["LeftUpperLeg"] = CFrame.new(-0.1062,0.0238,-0.1190,0.9444,0.0169,0.3284,0.0156,0.9952,-0.0962,-0.3284,0.0960,0.9396),
      ["LeftLowerLeg"] = CFrame.new(0.0000,0.0002,-0.0029,1.0000,-0.0000,0.0000,-0.0000,-0.1515,0.9885,0.0000,-0.9885,-0.1515),
      ["LeftFoot"] = CFrame.new(0.0000,-0.0002,0.0000,1.0000,-0.0074,-0.0028,0.0075,0.9996,0.0276,0.0026,-0.0276,0.9996),
      ["RightUpperLeg"] = CFrame.new(0.0069,0.0546,-0.4561,0.9593,0.2804,-0.0324,0.0667,-0.3367,-0.9392,-0.2743,0.8989,-0.3418),
      ["RightLowerLeg"] = CFrame.new(0.0000,0.0000,-0.0030,1.0000,-0.0000,0.0000,-0.0000,-0.3495,0.9369,0.0000,-0.9369,-0.3495),
      ["RightFoot"] = CFrame.new(0.0000,0.0000,-0.0001,0.9962,0.0819,0.0312,-0.0354,0.7021,-0.7112,-0.0801,0.7074,0.7023),
    }},
    {Time = 0.233, Data = {
      ["HumanoidRootPart"] = CFrame.new(0.0000,0.0000,0.0000,1.0000,0.0000,0.0000,0.0000,1.0000,0.0000,0.0000,0.0000,1.0000),
      ["LowerTorso"] = CFrame.new(-0.0203,-0.4791,0.0724,0.9739,0.0290,-0.2251,0.1568,0.6312,0.7596,0.1641,-0.7751,0.6102),
      ["UpperTorso"] = CFrame.new(0.0000,0.0000,0.0000,0.9996,-0.0000,0.0277,0.0000,1.0000,-0.0000,-0.0277,0.0000,0.9996),
      ["LeftUpperArm"] = CFrame.new(0.3713,-0.2877,0.2710,0.8502,0.4316,0.3014,-0.3711,0.8975,-0.2382,-0.3733,0.0906,0.9233),
      ["LeftLowerArm"] = CFrame.new(-0.0005,0.0000,0.0033,1.0000,-0.0000,0.0000,0.0000,-0.1232,-0.9924,0.0000,0.9924,-0.1232),
      ["LeftHand"] = CFrame.new(0.0000,0.0000,0.0000,1.0000,-0.0040,0.0000,0.0040,1.0000,0.0044,-0.0000,-0.0044,1.0000),
      ["Head"] = CFrame.new(0.0000,0.0000,0.0000,0.9871,0.0674,0.1449,0.0394,0.7761,-0.6293,-0.1549,0.6269,0.7635),
      ["RightUpperArm"] = CFrame.new(-0.3402,-0.0199,-0.0533,0.8117,-0.5840,0.0096,0.5760,0.7977,-0.1787,0.0967,0.1505,0.9839),
      ["RightLowerArm"] = CFrame.new(0.0000,0.0000,0.0033,1.0000,-0.0000,0.0000,0.0000,0.9575,-0.2883,0.0000,0.2883,0.9575),
      ["RightHand"] = CFrame.new(0.0000,0.0000,0.0000,1.0000,-0.0000,0.0000,0.0000,1.0000,0.0044,-0.0000,-0.0044,1.0000),
      ["LeftUpperLeg"] = CFrame.new(-0.1125,0.0317,-0.1601,0.9708,0.1034,0.2164,-0.0021,0.9060,-0.4233,-0.2398,0.4105,0.8798),
      ["LeftLowerLeg"] = CFrame.new(0.0000,0.0002,-0.0029,1.0000,-0.0000,0.0000,-0.0000,-0.4265,0.9045,0.0000,-0.9045,-0.4265),
      ["LeftFoot"] = CFrame.new(0.0000,-0.0002,0.0000,0.9983,0.0545,0.0207,-0.0528,0.9956,-0.0778,-0.0249,0.0765,0.9968),
      ["RightUpperLeg"] = CFrame.new(0.0245,0.0499,-0.4132,0.9832,0.1763,0.0464,0.0583,-0.0629,-0.9963,-0.1728,0.9823,-0.0722),
      ["RightLowerLeg"] = CFrame.new(0.0000,0.0000,-0.0030,1.0000,-0.0000,0.0000,-0.0000,-0.3059,0.9521,0.0000,-0.9521,-0.3059),
      ["RightFoot"] = CFrame.new(0.0000,0.0000,-0.0001,0.9958,0.0854,0.0325,-0.0397,0.7248,-0.6879,-0.0823,0.6837,0.7251),
    }},
    {Time = 0.267, Data = {
      ["HumanoidRootPart"] = CFrame.new(0.0000,0.0000,0.0000,1.0000,0.0000,0.0000,0.0000,1.0000,0.0000,0.0000,0.0000,1.0000),
      ["LowerTorso"] = CFrame.new(-0.0101,-0.4021,0.0724,0.9933,0.0024,-0.1152,0.0888,0.6206,0.7791,0.0733,-0.7842,0.6162),
      ["UpperTorso"] = CFrame.new(0.0000,0.0000,0.0000,0.9999,-0.0000,0.0137,0.0000,1.0000,-0.0000,-0.0137,0.0000,0.9999),
      ["LeftUpperArm"] = CFrame.new(0.3872,-0.2259,0.2936,0.8558,0.2521,0.4518,-0.3019,0.9525,0.0403,-0.4201,-0.1709,0.8912),
      ["LeftLowerArm"] = CFrame.new(-0.0005,0.0000,0.0033,1.0000,-0.0000,0.0000,0.0000,-0.1146,-0.9934,0.0000,0.9934,-0.1146),
      ["LeftHand"] = CFrame.new(0.0000,0.0000,0.0000,1.0000,-0.0040,0.0000,0.0040,1.0000,0.0044,-0.0000,-0.0044,1.0000),
      ["Head"] = CFrame.new(0.0000,0.0000,0.0000,0.9985,0.0191,0.0514,0.0174,0.7783,-0.6277,-0.0520,0.6277,0.7767),
      ["RightUpperArm"] = CFrame.new(-0.3310,-0.0261,-0.1025,0.7810,-0.6221,0.0550,0.6198,0.7611,-0.1913,0.0772,0.1835,0.9800),
      ["RightLowerArm"] = CFrame.new(0.0000,0.0000,0.0033,1.0000,-0.0000,0.0000,0.0000,0.8551,-0.5185,0.0000,0.5185,0.8551),
      ["RightHand"] = CFrame.new(0.0000,0.0000,0.0000,1.0000,-0.0000,0.0000,0.0000,1.0000,0.0044,-0.0000,-0.0044,1.0000),
      ["LeftUpperLeg"] = CFrame.new(-0.1198,0.0399,-0.2024,0.9898,0.1138,0.0852,-0.0094,0.6501,-0.7598,-0.1419,0.7513,0.6446),
      ["LeftLowerLeg"] = CFrame.new(0.0000,0.0002,-0.0029,1.0000,-0.0000,0.0000,-0.0000,-0.6498,0.7601,0.0000,-0.7601,-0.6498),
      ["LeftFoot"] = CFrame.new(0.0000,-0.0002,0.0000,0.9936,0.1059,0.0403,-0.0984,0.9827,-0.1569,-0.0562,0.1520,0.9868),
      ["RightUpperLeg"] = CFrame.new(0.0390,0.0443,-0.3662,0.9960,0.0615,0.0652,0.0501,0.2201,-0.9742,-0.0742,0.9735,0.2161),
      ["RightLowerLeg"] = CFrame.new(0.0000,0.0000,-0.0030,1.0000,-0.0000,0.0000,-0.0000,-0.2051,0.9787,0.0000,-0.9787,-0.2051),
      ["RightFoot"] = CFrame.new(0.0000,0.0000,-0.0001,0.9956,0.0876,0.0334,-0.0566,0.8453,-0.5313,-0.0747,0.5271,0.8465),
    }},
    {Time = 0.300, Data = {
      ["HumanoidRootPart"] = CFrame.new(0.0000,0.0000,0.0000,1.0000,0.0000,0.0000,0.0000,1.0000,0.0000,0.0000,0.0000,1.0000),
      ["LowerTorso"] = CFrame.new(0.0005,-0.3234,0.0724,0.9997,-0.0257,0.0013,0.0149,0.6189,0.7853,-0.0210,-0.7850,0.6191),
      ["UpperTorso"] = CFrame.new(0.0000,0.0000,0.0000,1.0000,-0.0000,-0.0007,0.0000,1.0000,-0.0000,0.0007,0.0000,1.0000),
      ["LeftUpperArm"] = CFrame.new(0.3817,-0.1775,0.3012,0.8464,0.0560,0.5296,-0.2512,0.9189,0.3043,-0.4696,-0.3906,0.7918),
      ["LeftLowerArm"] = CFrame.new(-0.0005,0.0000,0.0033,1.0000,-0.0000,0.0000,0.0000,-0.0522,-0.9986,0.0000,0.9986,-0.0522),
      ["LeftHand"] = CFrame.new(0.0000,0.0000,0.0000,1.0000,-0.0040,0.0000,0.0040,1.0000,0.0044,-0.0000,-0.0044,1.0000),
      ["Head"] = CFrame.new(0.0000,0.0000,0.0000,0.9986,-0.0277,-0.0460,-0.0064,0.7894,-0.6139,0.0533,0.6133,0.7881),
      ["RightUpperArm"] = CFrame.new(-0.3186,-0.0424,-0.1499,0.7289,-0.6769,0.1023,0.6807,0.7006,-0.2141,0.0732,0.2257,0.9714),
      ["RightLowerArm"] = CFrame.new(0.0000,0.0000,0.0033,1.0000,-0.0000,0.0000,0.0000,0.7166,-0.6975,0.0000,0.6975,0.7166),
      ["RightHand"] = CFrame.new(0.0000,0.0000,0.0000,1.0000,-0.0000,0.0000,0.0000,1.0000,0.0044,-0.0000,-0.0044,1.0000),
      ["LeftUpperLeg"] = CFrame.new(-0.1272,0.0479,-0.2454,0.9997,0.0226,0.0071,0.0039,0.1376,-0.9905,-0.0234,0.9902,0.1375),
      ["LeftLowerLeg"] = CFrame.new(0.0000,0.0002,-0.0029,1.0000,-0.0000,0.0000,-0.0000,-0.7871,0.6168,0.0000,-0.6168,-0.7871),
      ["LeftFoot"] = CFrame.new(0.0000,-0.0002,0.0000,0.9887,0.1399,0.0532,-0.1309,0.9806,-0.1461,-0.0726,0.1375,0.9878),
      ["RightUpperLeg"] = CFrame.new(0.0508,0.0381,-0.3156,0.9991,-0.0387,0.0171,0.0334,0.4733,-0.8803,0.0260,0.8800,0.4742),
      ["RightLowerLeg"] = CFrame.new(0.0000,0.0000,-0.0030,1.0000,-0.0000,0.0000,-0.0000,-0.0752,0.9972,0.0000,-0.9972,-0.0752),
      ["RightFoot"] = CFrame.new(0.0000,0.0000,-0.0001,0.9953,0.0907,0.0346,-0.0740,0.9397,-0.3340,-0.0628,0.3298,0.9420),
    }},
    {Time = 0.333, Data = {
      ["HumanoidRootPart"] = CFrame.new(0.0000,0.0000,0.0000,1.0000,0.0000,0.0000,0.0000,1.0000,0.0000,0.0000,0.0000,1.0000),
      ["LowerTorso"] = CFrame.new(0.0110,-0.2534,0.0724,0.9918,-0.0519,0.1164,-0.0586,0.6258,0.7778,-0.1132,-0.7783,0.6176),
      ["UpperTorso"] = CFrame.new(0.0000,0.0000,0.0000,0.9999,-0.0000,-0.0150,0.0000,1.0000,-0.0000,0.0150,0.0000,0.9999),
      ["LeftUpperArm"] = CFrame.new(0.3662,-0.1523,0.3074,0.8352,-0.0866,0.5430,-0.2271,0.8451,0.4840,-0.5008,-0.5276,0.6862),
      ["LeftLowerArm"] = CFrame.new(-0.0005,0.0000,0.0033,1.0000,-0.0000,0.0000,0.0000,0.0994,-0.9950,0.0000,0.9950,0.0994),
      ["LeftHand"] = CFrame.new(0.0000,0.0000,0.0000,1.0000,-0.0040,0.0000,0.0040,1.0000,0.0044,-0.0000,-0.0044,1.0000),
      ["Head"] = CFrame.new(0.0000,0.0000,0.0000,0.9881,-0.0657,-0.1394,-0.0297,0.8062,-0.5909,0.1512,0.5880,0.7946),
      ["RightUpperArm"] = CFrame.new(-0.3042,-0.0664,-0.1915,0.6631,-0.7341,0.1466,0.7435,0.6230,-0.2432,0.0872,0.2703,0.9588),
      ["RightLowerArm"] = CFrame.new(0.0000,0.0000,0.0033,1.0000,-0.0000,0.0000,0.0000,0.5663,-0.8242,0.0000,0.8242,0.5663),
      ["RightHand"] = CFrame.new(0.0000,0.0000,0.0000,1.0000,-0.0000,0.0000,0.0000,1.0000,0.0044,-0.0000,-0.0044,1.0000),
      ["LeftUpperLeg"] = CFrame.new(-0.1287,0.0533,-0.2885,0.9903,-0.1269,0.0559,-0.0063,-0.4440,-0.8960,0.1385,0.8870,-0.4405),
      ["LeftLowerLeg"] = CFrame.new(0.0000,0.0002,-0.0029,1.0000,-0.0000,0.0000,-0.0000,-0.8023,0.5970,0.0000,-0.5970,-0.8023),
      ["LeftFoot"] = CFrame.new(0.0000,-0.0002,0.0000,0.9887,0.1401,0.0533,-0.1377,0.9894,-0.0465,-0.0592,0.0386,0.9975),
      ["RightUpperLeg"] = CFrame.new(0.0598,0.0315,-0.2644,0.9920,-0.0996,-0.0776,0.0101,0.6753,-0.7374,0.1259,0.7307,0.6709),
      ["RightLowerLeg"] = CFrame.new(0.0000,0.0000,-0.0030,1.0000,-0.0000,0.0000,0.0000,0.0568,0.9984,-0.0000,-0.9984,0.0568),
      ["RightFoot"] = CFrame.new(0.0000,0.0000,-0.0001,0.9949,0.0938,0.0357,-0.0865,0.9817,-0.1696,-0.0510,0.1656,0.9849),
    }},
    {Time = 0.367, Data = {
      ["HumanoidRootPart"] = CFrame.new(0.0000,0.0000,0.0000,1.0000,0.0000,0.0000,0.0000,1.0000,0.0000,0.0000,0.0000,1.0000),
      ["LowerTorso"] = CFrame.new(0.0212,-0.1986,0.0724,0.9711,-0.0744,0.2269,-0.1283,0.6390,0.7584,-0.2014,-0.7656,0.6110),
      ["UpperTorso"] = CFrame.new(0.0000,0.0000,0.0000,0.9996,-0.0000,-0.0289,0.0000,1.0000,-0.0000,0.0289,0.0000,0.9996),
      ["LeftUpperArm"] = CFrame.new(0.3544,-0.1416,0.3209,0.8341,-0.1590,0.5282,-0.2216,0.7803,0.5849,-0.5051,-0.6049,0.6156),
      ["LeftLowerArm"] = CFrame.new(-0.0005,0.0000,0.0033,1.0000,-0.0000,0.0000,0.0000,0.3136,-0.9495,0.0000,0.9495,0.3136),
      ["LeftHand"] = CFrame.new(0.0000,0.0000,0.0000,1.0000,-0.0040,0.0000,0.0040,1.0000,0.0044,-0.0000,-0.0044,1.0000),
      ["Head"] = CFrame.new(0.0000,0.0000,0.0000,0.9697,-0.0930,-0.2258,-0.0519,0.8252,-0.5624,0.2386,0.5571,0.7954),
      ["RightUpperArm"] = CFrame.new(-0.2885,-0.0958,-0.2250,0.5906,-0.7842,0.1903,0.7986,0.5342,-0.2773,0.1158,0.3157,0.9417),
      ["RightLowerArm"] = CFrame.new(0.0000,0.0000,0.0033,1.0000,-0.0000,0.0000,0.0000,0.4206,-0.9072,0.0000,0.9072,0.4206),
      ["RightHand"] = CFrame.new(0.0000,0.0000,0.0000,1.0000,-0.0000,0.0000,0.0000,1.0000,0.0044,-0.0000,-0.0044,1.0000),
      ["LeftUpperLeg"] = CFrame.new(-0.1140,0.0566,-0.3327,0.9575,-0.2540,0.1364,-0.0947,-0.7240,-0.6833,0.2723,0.6414,-0.7173),
      ["LeftLowerLeg"] = CFrame.new(0.0000,0.0002,-0.0029,1.0000,-0.0000,0.0000,-0.0000,-0.6930,0.7209,0.0000,-0.7209,-0.6930),
      ["LeftFoot"] = CFrame.new(0.0000,-0.0002,0.0000,0.9963,0.0807,0.0307,-0.0792,0.9958,-0.0460,-0.0342,0.0434,0.9985),
      ["RightUpperLeg"] = CFrame.new(0.0669,0.0248,-0.2132,0.9743,-0.1149,-0.1935,-0.0136,0.8283,-0.5602,0.2247,0.5484,0.8055),
      ["RightLowerLeg"] = CFrame.new(0.0000,0.0000,-0.0030,1.0000,-0.0000,0.0000,0.0000,0.1795,0.9837,-0.0000,-0.9837,0.1795),
      ["RightFoot"] = CFrame.new(0.0000,0.0000,-0.0001,0.9947,0.0958,0.0365,-0.0939,0.9943,-0.0510,-0.0412,0.0473,0.9980),
    }},
    {Time = 0.400, Data = {
      ["HumanoidRootPart"] = CFrame.new(0.0000,0.0000,0.0000,1.0000,0.0000,0.0000,0.0000,1.0000,0.0000,0.0000,0.0000,1.0000),
      ["LowerTorso"] = CFrame.new(0.0309,-0.1664,0.0724,0.9400,-0.0919,0.3287,-0.1911,0.6565,0.7297,-0.2828,-0.7487,0.5995),
      ["UpperTorso"] = CFrame.new(0.0000,0.0000,0.0000,0.9991,-0.0000,-0.0421,0.0000,1.0000,-0.0000,0.0421,0.0000,0.9991),
      ["LeftUpperArm"] = CFrame.new(0.3523,-0.1342,0.3406,0.8466,-0.1624,0.5068,-0.2255,0.7532,0.6180,-0.4821,-0.6375,0.6010),
      ["LeftLowerArm"] = CFrame.new(-0.0005,0.0000,0.0033,1.0000,-0.0000,0.0000,0.0000,0.5564,-0.8309,0.0000,0.8309,0.5564),
      ["LeftHand"] = CFrame.new(0.0000,0.0000,0.0000,1.0000,-0.0040,0.0000,0.0040,1.0000,0.0044,-0.0000,-0.0044,1.0000),
      ["Head"] = CFrame.new(0.0000,0.0000,0.0000,0.9467,-0.1101,-0.3027,-0.0717,0.8441,-0.5314,0.3140,0.5248,0.7912),
      ["RightUpperArm"] = CFrame.new(-0.2720,-0.1297,-0.2466,0.5189,-0.8214,0.2368,0.8410,0.4407,-0.3140,0.1535,0.3621,0.9194),
      ["RightLowerArm"] = CFrame.new(0.0000,0.0000,0.0033,1.0000,-0.0000,0.0000,0.0000,0.2960,-0.9552,0.0000,0.9552,0.2960),
      ["RightHand"] = CFrame.new(0.0000,0.0000,0.0000,1.0000,-0.0000,0.0000,0.0000,1.0000,0.0044,-0.0000,-0.0044,1.0000),
      ["LeftUpperLeg"] = CFrame.new(-0.0816,0.0590,-0.3769,0.9264,-0.3283,0.1847,-0.1583,-0.7842,-0.6000,0.3418,0.5266,-0.7784),
      ["LeftLowerLeg"] = CFrame.new(0.0000,0.0002,-0.0029,1.0000,-0.0000,0.0000,-0.0000,-0.4740,0.8805,0.0000,-0.8805,-0.4740),
      ["LeftFoot"] = CFrame.new(0.0000,-0.0002,0.0000,0.9998,0.0190,0.0072,-0.0177,0.9891,-0.1463,-0.0099,0.1461,0.9892),
      ["RightUpperLeg"] = CFrame.new(0.0722,0.0182,-0.1634,0.9471,-0.0840,-0.3098,-0.0349,0.9325,-0.3595,0.3191,0.3513,0.8802),
      ["RightLowerLeg"] = CFrame.new(0.0000,0.0000,-0.0030,1.0000,-0.0000,0.0000,0.0000,0.2888,0.9574,-0.0000,-0.9574,0.2888),
      ["RightFoot"] = CFrame.new(0.0000,0.0000,-0.0001,0.9947,0.0962,0.0366,-0.0970,0.9950,0.0218,-0.0344,-0.0252,0.9991),
    }},
    {Time = 0.433, Data = {
      ["HumanoidRootPart"] = CFrame.new(0.0000,0.0000,0.0000,1.0000,0.0000,0.0000,0.0000,1.0000,0.0000,0.0000,0.0000,1.0000),
      ["LowerTorso"] = CFrame.new(0.0397,-0.1638,0.0724,0.9030,-0.1037,0.4170,-0.2438,0.6755,0.6959,-0.3539,-0.7300,0.5847),
      ["UpperTorso"] = CFrame.new(0.0000,0.0000,0.0000,0.9985,-0.0000,-0.0542,0.0000,1.0000,-0.0000,0.0542,0.0000,0.9985),
      ["LeftUpperArm"] = CFrame.new(0.3592,-0.1238,0.3609,0.8671,-0.1080,0.4863,-0.2402,0.7647,0.5980,-0.4364,-0.6353,0.6371),
      ["LeftLowerArm"] = CFrame.new(-0.0005,0.0000,0.0033,1.0000,-0.0000,0.0000,0.0000,0.7704,-0.6375,0.0000,0.6375,0.7704),
      ["LeftHand"] = CFrame.new(0.0000,0.0000,0.0000,1.0000,-0.0040,0.0000,0.0040,1.0000,0.0044,-0.0000,-0.0044,1.0000),
      ["Head"] = CFrame.new(0.0000,0.0000,0.0000,0.9225,-0.1191,-0.3673,-0.0885,0.8607,-0.5013,0.3758,0.4949,0.7835),
      ["RightUpperArm"] = CFrame.new(-0.2555,-0.1667,-0.2534,0.4548,-0.8420,0.2902,0.8695,0.3493,-0.3494,0.1928,0.4112,0.8909),
      ["RightLowerArm"] = CFrame.new(0.0000,0.0000,0.0033,1.0000,-0.0000,0.0000,0.0000,0.2078,-0.9782,0.0000,0.9782,0.2078),
      ["RightHand"] = CFrame.new(0.0000,0.0000,0.0000,1.0000,-0.0000,0.0000,0.0000,1.0000,0.0044,-0.0000,-0.0044,1.0000),
      ["LeftUpperLeg"] = CFrame.new(-0.0380,0.0607,-0.4192,0.9025,-0.3721,0.2166,-0.1698,-0.7700,-0.6151,0.3957,0.5184,-0.7581),
      ["LeftLowerLeg"] = CFrame.new(0.0000,0.0002,-0.0029,1.0000,-0.0000,0.0000,-0.0000,-0.1890,0.9820,0.0000,-0.9820,-0.1890),
      ["LeftFoot"] = CFrame.new(0.0000,-0.0002,0.0000,0.9997,-0.0217,-0.0083,0.0193,0.9741,-0.2254,0.0129,0.2252,0.9742),
      ["RightUpperLeg"] = CFrame.new(0.0761,0.0121,-0.1172,0.9132,-0.0128,-0.4073,-0.0517,0.9878,-0.1468,0.4042,0.1551,0.9014),
      ["RightLowerLeg"] = CFrame.new(0.0000,0.0000,-0.0030,1.0000,-0.0000,0.0000,0.0000,0.3862,0.9224,-0.0000,-0.9224,0.3862),
      ["RightFoot"] = CFrame.new(0.0000,0.0000,-0.0001,0.9948,0.0951,0.0362,-0.0970,0.9937,0.0569,-0.0306,-0.0601,0.9977),
    }},
    {Time = 0.467, Data = {
      ["HumanoidRootPart"] = CFrame.new(0.0000,0.0000,0.0000,1.0000,0.0000,0.0000,0.0000,1.0000,0.0000,0.0000,0.0000,1.0000),
      ["LowerTorso"] = CFrame.new(0.0475,-0.1912,0.0724,0.8640,-0.1104,0.4913,-0.2867,0.6943,0.6601,-0.4140,-0.7112,0.5682),
      ["UpperTorso"] = CFrame.new(0.0000,0.0000,0.0000,0.9979,-0.0000,-0.0648,0.0000,1.0000,-0.0000,0.0648,0.0000,0.9979),
      ["LeftUpperArm"] = CFrame.new(0.3719,-0.1100,0.3770,0.8872,-0.0285,0.4606,-0.2710,0.7758,0.5699,-0.3735,-0.6304,0.6805),
      ["LeftLowerArm"] = CFrame.new(-0.0005,0.0000,0.0033,1.0000,-0.0000,0.0000,0.0000,0.8784,-0.4779,0.0000,0.4779,0.8784),
      ["LeftHand"] = CFrame.new(0.0000,0.0000,0.0000,1.0000,-0.0040,0.0000,0.0040,1.0000,0.0044,-0.0000,-0.0044,1.0000),
      ["Head"] = CFrame.new(0.0000,0.0000,0.0000,0.8993,-0.1227,-0.4198,-0.1021,0.8744,-0.4744,0.4253,0.4695,0.7738),
      ["RightUpperArm"] = CFrame.new(-0.2385,-0.2065,-0.2453,0.4015,-0.8438,0.3562,0.8870,0.2614,-0.3807,0.2281,0.4688,0.8534),
      ["RightLowerArm"] = CFrame.new(0.0000,0.0000,0.0033,1.0000,-0.0000,0.0000,0.0000,0.1670,-0.9860,0.0000,0.9860,0.1670),
      ["RightHand"] = CFrame.new(0.0000,0.0000,0.0000,1.0000,-0.0000,0.0000,0.0000,1.0000,0.0044,-0.0000,-0.0044,1.0000),
      ["LeftUpperLeg"] = CFrame.new(0.0114,0.0619,-0.4589,0.8795,-0.4129,0.2367,-0.1574,-0.7217,-0.6741,0.4492,0.5556,-0.6997),
      ["LeftLowerLeg"] = CFrame.new(0.0000,0.0002,-0.0029,1.0000,-0.0000,0.0000,0.0000,0.1207,0.9927,-0.0000,-0.9927,0.1207),
      ["LeftFoot"] = CFrame.new(0.0000,-0.0002,0.0000,0.9985,-0.0511,-0.0194,0.0449,0.9694,-0.2414,0.0312,0.2401,0.9702),
      ["RightUpperLeg"] = CFrame.new(0.0788,0.0066,-0.0752,0.8759,0.0906,-0.4739,-0.0633,0.9953,0.0732,0.4783,-0.0341,0.8775),
      ["RightLowerLeg"] = CFrame.new(0.0000,0.0000,-0.0030,1.0000,-0.0000,0.0000,0.0000,0.4834,0.8754,-0.0000,-0.8754,0.4834),
      ["RightFoot"] = CFrame.new(0.0000,0.0000,-0.0001,0.9950,0.0930,0.0354,-0.0953,0.9928,0.0720,-0.0285,-0.0750,0.9968),
    }},
    {Time = 0.500, Data = {
      ["HumanoidRootPart"] = CFrame.new(0.0000,0.0000,0.0000,1.0000,0.0000,0.0000,0.0000,1.0000,0.0000,0.0000,0.0000,1.0000),
      ["LowerTorso"] = CFrame.new(0.0540,-0.2426,0.0724,0.8278,-0.1128,0.5495,-0.3191,0.7109,0.6267,-0.4613,-0.6942,0.5525),
      ["UpperTorso"] = CFrame.new(0.0000,0.0000,0.0000,0.9973,-0.0000,-0.0737,0.0000,1.0000,-0.0000,0.0737,0.0000,0.9973),
      ["LeftUpperArm"] = CFrame.new(0.3887,-0.0903,0.3868,0.9047,0.0316,0.4249,-0.3042,0.7461,0.5922,-0.2983,-0.6651,0.6846),
      ["LeftLowerArm"] = CFrame.new(-0.0005,0.0000,0.0033,1.0000,-0.0000,0.0000,0.0000,0.8573,-0.5148,0.0000,0.5148,0.8573),
      ["LeftHand"] = CFrame.new(0.0000,0.0000,0.0000,1.0000,-0.0040,0.0000,0.0040,1.0000,0.0044,-0.0000,-0.0044,1.0000),
      ["Head"] = CFrame.new(0.0000,0.0000,0.0000,0.8796,-0.1236,-0.4594,-0.1125,0.8842,-0.4534,0.4622,0.4505,0.7638),
      ["RightUpperArm"] = CFrame.new(-0.2213,-0.2477,-0.2234,0.3626,-0.8234,0.4365,0.8961,0.1794,-0.4059,0.2559,0.5384,0.8029),
      ["RightLowerArm"] = CFrame.new(0.0000,0.0000,0.0033,1.0000,-0.0000,0.0000,0.0000,0.1833,-0.9831,0.0000,0.9831,0.1833),
      ["RightHand"] = CFrame.new(0.0000,0.0000,0.0000,1.0000,-0.0000,0.0000,0.0000,1.0000,0.0044,-0.0000,-0.0044,1.0000),
      ["LeftUpperLeg"] = CFrame.new(0.0602,0.0626,-0.4941,0.8563,-0.4578,0.2391,-0.1379,-0.6488,-0.7484,0.4977,0.6079,-0.6187),
      ["LeftLowerLeg"] = CFrame.new(0.0000,0.0002,-0.0029,1.0000,-0.0000,0.0000,0.0000,0.4124,0.9110,-0.0000,-0.9110,0.4124),
      ["LeftFoot"] = CFrame.new(0.0000,-0.0002,0.0000,0.9970,-0.0727,-0.0277,0.0656,0.9772,-0.2021,0.0417,0.1996,0.9790),
      ["RightUpperLeg"] = CFrame.new(0.0808,0.0019,-0.0394,0.8400,0.2106,-0.5001,-0.0699,0.9559,0.2852,0.5381,-0.2046,0.8177),
      ["RightLowerLeg"] = CFrame.new(0.0000,0.0000,-0.0030,1.0000,-0.0000,0.0000,0.0000,0.5872,0.8094,-0.0000,-0.8094,0.5872),
      ["RightFoot"] = CFrame.new(0.0000,0.0000,-0.0001,0.9953,0.0905,0.0345,-0.0932,0.9918,0.0879,-0.0262,-0.0907,0.9955),
    }},
    {Time = 0.533, Data = {
      ["HumanoidRootPart"] = CFrame.new(0.0000,0.0000,0.0000,1.0000,0.0000,0.0000,0.0000,1.0000,0.0000,0.0000,0.0000,1.0000),
      ["LowerTorso"] = CFrame.new(0.0590,-0.3105,0.0724,0.7986,-0.1122,0.5913,-0.3420,0.7239,0.5992,-0.4953,-0.6807,0.5397),
      ["UpperTorso"] = CFrame.new(0.0000,0.0000,0.0000,0.9968,-0.0000,-0.0804,0.0000,1.0000,-0.0000,0.0804,0.0000,0.9968),
      ["LeftUpperArm"] = CFrame.new(0.4081,-0.0635,0.3894,0.9195,0.0876,0.3833,-0.3278,0.7090,0.6243,-0.2171,-0.6997,0.6806),
      ["LeftLowerArm"] = CFrame.new(-0.0005,0.0000,0.0033,1.0000,-0.0000,0.0000,0.0000,0.7736,-0.6337,0.0000,0.6337,0.7736),
      ["LeftHand"] = CFrame.new(0.0000,0.0000,0.0000,1.0000,-0.0040,0.0000,0.0040,1.0000,0.0044,-0.0000,-0.0044,1.0000),
      ["Head"] = CFrame.new(0.0000,0.0000,0.0000,0.8650,-0.1244,-0.4860,-0.1196,0.8897,-0.4405,0.4872,0.4392,0.7548),
      ["RightUpperArm"] = CFrame.new(-0.2053,-0.2886,-0.1909,0.3426,-0.7828,0.5194,0.8973,0.1089,-0.4277,0.2782,0.6127,0.7397),
      ["RightLowerArm"] = CFrame.new(0.0000,0.0000,0.0033,1.0000,-0.0000,0.0000,0.0000,0.2393,-0.9709,0.0000,0.9709,0.2393),
      ["RightHand"] = CFrame.new(0.0000,0.0000,0.0000,1.0000,-0.0000,0.0000,0.0000,1.0000,0.0044,-0.0000,-0.0044,1.0000),
      ["LeftUpperLeg"] = CFrame.new(0.1023,0.0630,-0.5236,0.8355,-0.5032,0.2208,-0.1191,-0.5580,-0.8213,0.5365,0.6599,-0.5261),
      ["LeftLowerLeg"] = CFrame.new(0.0000,0.0002,-0.0029,1.0000,-0.0000,0.0000,0.0000,0.6520,0.7582,-0.0000,-0.7582,0.6520),
      ["LeftFoot"] = CFrame.new(0.0000,-0.0002,0.0000,0.9956,-0.0878,-0.0334,0.0829,0.9883,-0.1284,0.0443,0.1250,0.9912),
      ["RightUpperLeg"] = CFrame.new(0.0822,-0.0015,-0.0111,0.8099,0.3288,-0.4858,-0.0729,0.8781,0.4729,0.5821,-0.3476,0.7351),
      ["RightLowerLeg"] = CFrame.new(0.0000,0.0000,-0.0030,1.0000,-0.0000,0.0000,0.0000,0.6944,0.7196,-0.0000,-0.7196,0.6944),
      ["RightFoot"] = CFrame.new(0.0000,0.0000,-0.0001,0.9955,0.0882,0.0336,-0.0917,0.9884,0.1207,-0.0226,-0.1233,0.9921),
    }},
    {Time = 0.567, Data = {
      ["HumanoidRootPart"] = CFrame.new(0.0000,0.0000,0.0000,1.0000,0.0000,0.0000,0.0000,1.0000,0.0000,0.0000,0.0000,1.0000),
      ["LowerTorso"] = CFrame.new(0.0621,-0.3890,0.0724,0.7791,-0.1098,0.6172,-0.3564,0.7324,0.5802,-0.5158,-0.6720,0.5314),
      ["UpperTorso"] = CFrame.new(0.0000,0.0000,0.0000,0.9964,-0.0000,-0.0847,0.0000,1.0000,-0.0000,0.0847,0.0000,0.9964),
      ["LeftUpperArm"] = CFrame.new(0.4244,-0.0398,0.3819,0.9236,0.1570,0.3497,-0.3565,0.6867,0.6335,-0.1407,-0.7098,0.6902),
      ["LeftLowerArm"] = CFrame.new(-0.0005,0.0000,0.0033,1.0000,-0.0000,0.0000,0.0000,0.6896,-0.7242,0.0000,0.7242,0.6896),
      ["LeftHand"] = CFrame.new(0.0000,0.0000,0.0000,1.0000,-0.0040,0.0000,0.0040,1.0000,0.0044,-0.0000,-0.0044,1.0000),
      ["Head"] = CFrame.new(0.0000,0.0000,0.0000,0.8565,-0.1270,-0.5003,-0.1233,0.8908,-0.4373,0.5012,0.4362,0.7473),
      ["RightUpperArm"] = CFrame.new(-0.1925,-0.3277,-0.1512,0.3477,-0.7318,0.5861,0.8887,0.0580,-0.4548,0.2988,0.6790,0.6706),
      ["RightLowerArm"] = CFrame.new(0.0000,0.0000,0.0033,1.0000,-0.0000,0.0000,0.0000,0.2982,-0.9545,0.0000,0.9545,0.2982),
      ["RightHand"] = CFrame.new(0.0000,0.0000,0.0000,1.0000,-0.0000,0.0000,0.0000,1.0000,0.0044,-0.0000,-0.0044,1.0000),
      ["LeftUpperLeg"] = CFrame.new(0.1325,0.0631,-0.5464,0.8200,-0.5410,0.1869,-0.1041,-0.4621,-0.8807,0.5628,0.7027,-0.4352),
      ["LeftLowerLeg"] = CFrame.new(0.0000,0.0002,-0.0029,1.0000,-0.0000,0.0000,0.0000,0.8153,0.5790,-0.0000,-0.5790,0.8153),
      ["LeftFoot"] = CFrame.new(0.0000,-0.0002,0.0000,0.9946,-0.0973,-0.0370,0.0955,0.9944,-0.0457,0.0412,0.0420,0.9983),
      ["RightUpperLeg"] = CFrame.new(0.0835,-0.0037,0.0087,0.7891,0.4272,-0.4414,-0.0740,0.7795,0.6221,0.6098,-0.4582,0.6467),
      ["RightLowerLeg"] = CFrame.new(0.0000,0.0000,-0.0030,1.0000,-0.0000,0.0000,0.0000,0.7915,0.6112,-0.0000,-0.6112,0.7915),
      ["RightFoot"] = CFrame.new(0.0000,0.0000,-0.0001,0.9957,0.0865,0.0329,-0.0910,0.9798,0.1782,-0.0169,-0.1804,0.9834),
    }},
    {Time = 0.600, Data = {
      ["HumanoidRootPart"] = CFrame.new(0.0000,0.0000,0.0000,1.0000,0.0000,0.0000,0.0000,1.0000,0.0000,0.0000,0.0000,1.0000),
      ["LowerTorso"] = CFrame.new(0.0630,-0.4691,0.0724,0.7737,-0.1066,0.6245,-0.3620,0.7346,0.5739,-0.5199,-0.6701,0.5298),
      ["UpperTorso"] = CFrame.new(0.0000,0.0000,0.0000,0.9963,-0.0000,-0.0858,0.0000,1.0000,-0.0000,0.0858,0.0000,0.9963),
      ["LeftUpperArm"] = CFrame.new(0.4274,-0.0342,0.3579,0.9076,0.2344,0.3484,-0.4102,0.6722,0.6164,-0.0898,-0.7023,0.7062),
      ["LeftLowerArm"] = CFrame.new(-0.0005,0.0000,0.0033,1.0000,-0.0000,0.0000,0.0000,0.6516,-0.7586,0.0000,0.7586,0.6516),
      ["LeftHand"] = CFrame.new(0.0000,0.0000,0.0000,1.0000,-0.0040,0.0000,0.0040,1.0000,0.0044,-0.0000,-0.0044,1.0000),
      ["Head"] = CFrame.new(0.0000,0.0000,0.0000,0.8555,-0.1336,-0.5003,-0.1228,0.8863,-0.4466,0.5031,0.4434,0.7418),
      ["RightUpperArm"] = CFrame.new(-0.1862,-0.3624,-0.1073,0.3874,-0.6901,0.6112,0.8655,0.0438,-0.4990,0.3176,0.7223,0.6143),
      ["RightLowerArm"] = CFrame.new(0.0000,0.0000,0.0033,1.0000,-0.0000,0.0000,0.0000,0.3084,-0.9513,0.0000,0.9513,0.3084),
      ["RightHand"] = CFrame.new(0.0000,0.0000,0.0000,1.0000,-0.0000,0.0000,0.0000,1.0000,0.0044,-0.0000,-0.0044,1.0000),
      ["LeftUpperLeg"] = CFrame.new(0.1422,0.0631,-0.5598,0.8143,-0.5568,0.1641,-0.0970,-0.4092,-0.9073,0.5723,0.7228,-0.3872),
      ["LeftLowerLeg"] = CFrame.new(0.0000,0.0002,-0.0029,1.0000,-0.0000,0.0000,0.0000,0.8682,0.4962,-0.0000,-0.4962,0.8682),
      ["LeftFoot"] = CFrame.new(0.0000,-0.0002,0.0000,0.9942,-0.1003,-0.0381,0.1004,0.9949,0.0016,0.0378,-0.0054,0.9993),
      ["RightUpperLeg"] = CFrame.new(0.0850,-0.0041,0.0170,0.7836,0.4804,-0.3940,-0.0751,0.7027,0.7075,0.6168,-0.5248,0.5867),
      ["RightLowerLeg"] = CFrame.new(0.0000,0.0000,-0.0030,1.0000,-0.0000,0.0000,0.0000,0.8490,0.5283,-0.0000,-0.5283,0.8490),
      ["RightFoot"] = CFrame.new(0.0000,0.0000,-0.0001,0.9958,0.0856,0.0326,-0.0911,0.9636,0.2514,-0.0099,-0.2533,0.9673),
    }},
    {Time = 0.633, Data = {
      ["HumanoidRootPart"] = CFrame.new(0.0000,0.0000,0.0000,1.0000,0.0000,0.0000,0.0000,1.0000,0.0000,0.0000,0.0000,1.0000),
      ["LowerTorso"] = CFrame.new(0.0616,-0.5434,0.0724,0.7827,-0.1031,0.6138,-0.3594,0.7303,0.5809,-0.5082,-0.6753,0.5346),
      ["UpperTorso"] = CFrame.new(0.0000,0.0000,0.0000,0.9965,-0.0000,-0.0839,0.0000,1.0000,-0.0000,0.0839,0.0000,0.9965),
      ["LeftUpperArm"] = CFrame.new(0.4122,-0.0482,0.3118,0.8694,0.3157,0.3801,-0.4880,0.6686,0.5610,-0.0771,-0.6732,0.7354),
      ["LeftLowerArm"] = CFrame.new(-0.0005,0.0000,0.0033,1.0000,-0.0000,0.0000,0.0000,0.6882,-0.7255,0.0000,0.7255,0.6882),
      ["LeftHand"] = CFrame.new(0.0000,0.0000,0.0000,1.0000,-0.0040,0.0000,0.0040,1.0000,0.0044,-0.0000,-0.0044,1.0000),
      ["Head"] = CFrame.new(0.0000,0.0000,0.0000,0.8617,-0.1437,-0.4866,-0.1181,0.8759,-0.4678,0.4935,0.4606,0.7378),
      ["RightUpperArm"] = CFrame.new(-0.1881,-0.3920,-0.0596,0.4599,-0.6682,0.5848,0.8238,0.0752,-0.5619,0.3315,0.7402,0.5850),
      ["RightLowerArm"] = CFrame.new(0.0000,0.0000,0.0033,1.0000,-0.0000,0.0000,0.0000,0.2455,-0.9694,0.0000,0.9694,0.2455),
      ["RightHand"] = CFrame.new(0.0000,0.0000,0.0000,1.0000,-0.0000,0.0000,0.0000,1.0000,0.0044,-0.0000,-0.0044,1.0000),
      ["LeftUpperLeg"] = CFrame.new(0.1301,0.0631,-0.5637,0.8196,-0.5400,0.1914,-0.1070,-0.4725,-0.8748,0.5628,0.6965,-0.4451),
      ["LeftLowerLeg"] = CFrame.new(0.0000,0.0002,-0.0029,1.0000,-0.0000,0.0000,0.0000,0.7420,0.6704,-0.0000,-0.6704,0.7420),
      ["LeftFoot"] = CFrame.new(0.0000,-0.0002,0.0000,0.9945,-0.0983,-0.0374,0.1007,0.9926,0.0684,0.0304,-0.0718,0.9970),
      ["RightUpperLeg"] = CFrame.new(0.0870,-0.0026,0.0140,0.7928,0.4829,-0.3718,-0.0761,0.6838,0.7257,0.6047,-0.5470,0.5789),
      ["RightLowerLeg"] = CFrame.new(0.0000,0.0000,-0.0030,1.0000,-0.0000,0.0000,0.0000,0.8463,0.5328,-0.0000,-0.5328,0.8463),
      ["RightFoot"] = CFrame.new(0.0000,0.0000,-0.0001,0.9958,0.0856,0.0327,-0.0915,0.9474,0.3065,-0.0047,-0.3082,0.9513),
    }},
    {Time = 0.667, Data = {
      ["HumanoidRootPart"] = CFrame.new(0.0000,0.0000,0.0000,1.0000,0.0000,0.0000,0.0000,1.0000,0.0000,0.0000,0.0000,1.0000),
      ["LowerTorso"] = CFrame.new(0.0582,-0.6004,0.0724,0.8038,-0.0987,0.5866,-0.3488,0.7205,0.5993,-0.4818,-0.6864,0.5447),
      ["UpperTorso"] = CFrame.new(0.0000,0.0000,0.0000,0.9969,-0.0000,-0.0793,0.0000,1.0000,-0.0000,0.0793,0.0000,0.9969),
      ["LeftUpperArm"] = CFrame.new(0.3904,-0.0603,0.2507,0.8317,0.3926,0.3927,-0.5477,0.6965,0.4636,-0.0915,-0.6007,0.7942),
      ["LeftLowerArm"] = CFrame.new(-0.0005,0.0000,0.0033,1.0000,-0.0000,0.0000,0.0000,0.7753,-0.6316,0.0000,0.6316,0.7753),
      ["LeftHand"] = CFrame.new(0.0000,0.0000,0.0000,1.0000,-0.0040,0.0000,0.0040,1.0000,0.0044,-0.0000,-0.0044,1.0000),
      ["Head"] = CFrame.new(0.0000,0.0000,0.0000,0.8746,-0.1537,-0.4599,-0.1103,0.8605,-0.4973,0.4722,0.4857,0.7356),
      ["RightUpperArm"] = CFrame.new(-0.1999,-0.4137,-0.0078,0.5493,-0.6601,0.5123,0.7653,0.1513,-0.6256,0.3355,0.7357,0.5883),
      ["RightLowerArm"] = CFrame.new(0.0000,0.0000,0.0033,1.0000,-0.0000,0.0000,0.0000,0.1382,-0.9904,0.0000,0.9904,0.1382),
      ["RightHand"] = CFrame.new(0.0000,0.0000,0.0000,1.0000,-0.0000,0.0000,0.0000,1.0000,0.0044,-0.0000,-0.0044,1.0000),
      ["LeftUpperLeg"] = CFrame.new(0.1034,0.0628,-0.5583,0.8345,-0.5002,0.2313,-0.1209,-0.5757,-0.8087,0.5376,0.6468,-0.5409),
      ["LeftLowerLeg"] = CFrame.new(0.0000,0.0002,-0.0029,1.0000,-0.0000,0.0000,0.0000,0.4467,0.8947,-0.0000,-0.8947,0.4467),
      ["LeftFoot"] = CFrame.new(0.0000,-0.0002,0.0000,0.9948,-0.0948,-0.0361,0.0985,0.9877,0.1213,0.0241,-0.1242,0.9920),
      ["RightUpperLeg"] = CFrame.new(0.0895,0.0004,0.0010,0.8146,0.4383,-0.3799,-0.0755,0.7295,0.6798,0.5751,-0.5250,0.6273),
      ["RightLowerLeg"] = CFrame.new(0.0000,0.0000,-0.0030,1.0000,-0.0000,0.0000,0.0000,0.7721,0.6355,-0.0000,-0.6355,0.7721),
      ["RightFoot"] = CFrame.new(0.0000,0.0000,-0.0001,0.9958,0.0856,0.0326,-0.0915,0.9436,0.3182,-0.0035,-0.3198,0.9475),
    }},
    {Time = 0.700, Data = {
      ["HumanoidRootPart"] = CFrame.new(0.0000,0.0000,0.0000,1.0000,0.0000,0.0000,0.0000,1.0000,0.0000,0.0000,0.0000,1.0000),
      ["LowerTorso"] = CFrame.new(0.0530,-0.6310,0.0724,0.8346,-0.0924,0.5430,-0.3297,0.7058,0.6270,-0.4412,-0.7023,0.5586),
      ["UpperTorso"] = CFrame.new(0.0000,0.0000,0.0000,0.9974,-0.0000,-0.0722,0.0000,1.0000,-0.0000,0.0722,0.0000,0.9974),
      ["LeftUpperArm"] = CFrame.new(0.3761,-0.0549,0.1865,0.8196,0.4513,0.3531,-0.5629,0.7492,0.3490,-0.1070,-0.4848,0.8681),
      ["LeftLowerArm"] = CFrame.new(-0.0005,0.0000,0.0033,1.0000,-0.0000,0.0000,0.0000,0.8501,-0.5267,0.0000,0.5267,0.8501),
      ["LeftHand"] = CFrame.new(0.0000,0.0000,0.0000,1.0000,-0.0040,0.0000,0.0040,1.0000,0.0044,-0.0000,-0.0044,1.0000),
      ["Head"] = CFrame.new(0.0000,0.0000,0.0000,0.8934,-0.1594,-0.4200,-0.0999,0.8410,-0.5317,0.4380,0.5169,0.7355),
      ["RightUpperArm"] = CFrame.new(-0.2231,-0.4241,0.0501,0.6409,-0.6567,0.3974,0.6927,0.2719,-0.6680,0.3306,0.7034,0.6292),
      ["RightLowerArm"] = CFrame.new(0.0000,0.0000,0.0033,1.0000,-0.0000,0.0000,0.0000,0.0201,-0.9998,0.0000,0.9998,0.0201),
      ["RightHand"] = CFrame.new(0.0000,0.0000,0.0000,1.0000,-0.0000,0.0000,0.0000,1.0000,0.0044,-0.0000,-0.0044,1.0000),
      ["LeftUpperLeg"] = CFrame.new(0.0698,0.0620,-0.5441,0.8586,-0.4472,0.2506,-0.1170,-0.6470,-0.7535,0.4991,0.6176,-0.6078),
      ["LeftLowerLeg"] = CFrame.new(0.0000,0.0002,-0.0029,1.0000,-0.0000,0.0000,0.0000,0.0992,0.9951,-0.0000,-0.9951,0.0992),
      ["LeftFoot"] = CFrame.new(0.0000,-0.0002,0.0000,0.9957,-0.0870,-0.0331,0.0862,0.9959,-0.0267,0.0353,0.0237,0.9991),
      ["RightUpperLeg"] = CFrame.new(0.0927,0.0048,-0.0206,0.8454,0.3525,-0.4013,-0.0702,0.8182,0.5707,0.5294,-0.4543,0.7164),
      ["RightLowerLeg"] = CFrame.new(0.0000,0.0000,-0.0030,1.0000,-0.0000,0.0000,0.0000,0.6181,0.7861,-0.0000,-0.7861,0.6181),
      ["RightFoot"] = CFrame.new(0.0000,0.0000,-0.0001,0.9960,0.0834,0.0318,-0.0890,0.9530,0.2895,-0.0061,-0.2912,0.9566),
    }},
    {Time = 0.733, Data = {
      ["HumanoidRootPart"] = CFrame.new(0.0000,0.0000,0.0000,1.0000,0.0000,0.0000,0.0000,1.0000,0.0000,0.0000,0.0000,1.0000),
      ["LowerTorso"] = CFrame.new(0.0462,-0.6257,0.0724,0.8716,-0.0829,0.4831,-0.3011,0.6873,0.6610,-0.3869,-0.7216,0.5741),
      ["UpperTorso"] = CFrame.new(0.0000,0.0000,0.0000,0.9980,-0.0000,-0.0630,0.0000,1.0000,-0.0000,0.0630,0.0000,0.9980),
      ["LeftUpperArm"] = CFrame.new(0.3672,-0.0407,0.1231,0.8246,0.4913,0.2804,-0.5541,0.8013,0.2255,-0.1139,-0.3413,0.9330),
      ["LeftLowerArm"] = CFrame.new(-0.0005,0.0000,0.0033,1.0000,-0.0000,0.0000,0.0000,0.8964,-0.4432,0.0000,0.4432,0.8964),
      ["LeftHand"] = CFrame.new(0.0000,0.0000,0.0000,1.0000,-0.0040,0.0000,0.0040,1.0000,0.0044,-0.0000,-0.0044,1.0000),
      ["Head"] = CFrame.new(0.0000,0.0000,0.0000,0.9169,-0.1566,-0.3671,-0.0871,0.8192,-0.5669,0.3895,0.5518,0.7375),
      ["RightUpperArm"] = CFrame.new(-0.2573,-0.4177,0.1137,0.7209,-0.6492,0.2427,0.6126,0.4332,-0.6611,0.3240,0.6252,0.7100),
      ["RightLowerArm"] = CFrame.new(0.0000,0.0000,0.0033,1.0000,-0.0000,0.0000,0.0000,-0.0797,-0.9968,0.0000,0.9968,-0.0797),
      ["RightHand"] = CFrame.new(0.0000,0.0000,0.0000,1.0000,-0.0000,0.0000,0.0000,1.0000,0.0044,-0.0000,-0.0044,1.0000),
      ["LeftUpperLeg"] = CFrame.new(0.0377,0.0605,-0.5213,0.8911,-0.3988,0.2166,-0.1002,-0.6384,-0.7632,0.4426,0.6583,-0.6088),
      ["LeftLowerLeg"] = CFrame.new(0.0000,0.0002,-0.0029,1.0000,-0.0000,0.0000,-0.0000,-0.1677,0.9858,0.0000,-0.9858,-0.1677),
      ["LeftFoot"] = CFrame.new(0.0000,-0.0002,0.0000,0.9964,-0.0791,-0.0301,0.0656,0.9469,-0.3148,0.0534,0.3117,0.9487),
      ["RightUpperLeg"] = CFrame.new(0.0966,0.0105,-0.0494,0.8806,0.2326,-0.4128,-0.0568,0.9168,0.3953,0.4704,-0.3247,0.8206),
      ["RightLowerLeg"] = CFrame.new(0.0000,0.0000,-0.0030,1.0000,-0.0000,0.0000,0.0000,0.3894,0.9211,-0.0000,-0.9211,0.3894),
      ["RightFoot"] = CFrame.new(0.0000,0.0000,-0.0001,0.9967,0.0759,0.0289,-0.0805,0.9712,0.2243,-0.0111,-0.2259,0.9741),
    }},
    {Time = 0.767, Data = {
      ["HumanoidRootPart"] = CFrame.new(0.0000,0.0000,0.0000,1.0000,0.0000,0.0000,0.0000,1.0000,0.0000,0.0000,0.0000,1.0000),
      ["LowerTorso"] = CFrame.new(0.0382,-0.5846,0.0724,0.9103,-0.0691,0.4082,-0.2621,0.6668,0.6976,-0.3204,-0.7420,0.5889),
      ["UpperTorso"] = CFrame.new(0.0000,0.0000,0.0000,0.9986,-0.0000,-0.0522,0.0000,1.0000,-0.0000,0.0522,0.0000,0.9986),
      ["LeftUpperArm"] = CFrame.new(0.3585,-0.0281,0.0605,0.8299,0.5232,0.1938,-0.5461,0.8329,0.0897,-0.1145,-0.1802,0.9769),
      ["LeftLowerArm"] = CFrame.new(-0.0005,0.0000,0.0033,1.0000,-0.0000,0.0000,0.0000,0.9263,-0.3768,0.0000,0.3768,0.9263),
      ["LeftHand"] = CFrame.new(0.0000,0.0000,0.0000,1.0000,-0.0040,0.0000,0.0040,1.0000,0.0044,-0.0000,-0.0044,1.0000),
      ["Head"] = CFrame.new(0.0000,0.0000,0.0000,0.9428,-0.1415,-0.3019,-0.0719,0.7979,-0.5985,0.3255,0.5860,0.7420),
      ["RightUpperArm"] = CFrame.new(-0.2991,-0.3909,0.1778,0.7829,-0.6195,0.0563,0.5302,0.6172,-0.5814,0.3254,0.4850,0.8117),
      ["RightLowerArm"] = CFrame.new(0.0000,0.0000,0.0033,1.0000,-0.0000,0.0000,0.0000,-0.1462,-0.9893,0.0000,0.9893,-0.1462),
      ["RightHand"] = CFrame.new(0.0000,0.0000,0.0000,1.0000,-0.0000,0.0000,0.0000,1.0000,0.0044,-0.0000,-0.0044,1.0000),
      ["LeftUpperLeg"] = CFrame.new(0.0122,0.0580,-0.4907,0.9279,-0.3509,0.1259,-0.0813,-0.5200,-0.8503,0.3639,0.7787,-0.5110),
      ["LeftLowerLeg"] = CFrame.new(0.0000,0.0002,-0.0029,1.0000,-0.0000,0.0000,-0.0000,-0.3000,0.9539,0.0000,-0.9539,-0.3000),
      ["LeftFoot"] = CFrame.new(0.0000,-0.0002,0.0000,0.9965,-0.0777,-0.0296,0.0463,0.8137,-0.5794,0.0691,0.5760,0.8145),
      ["RightUpperLeg"] = CFrame.new(0.1012,0.0171,-0.0836,0.9148,0.0932,-0.3929,-0.0344,0.9874,0.1542,0.4023,-0.1275,0.9066),
      ["RightLowerLeg"] = CFrame.new(0.0000,0.0000,-0.0030,1.0000,-0.0000,0.0000,0.0000,0.1122,0.9937,-0.0000,-0.9937,0.1122),
      ["RightFoot"] = CFrame.new(0.0000,0.0000,-0.0001,0.9984,0.0524,0.0200,-0.0545,0.9912,0.1209,-0.0135,-0.1218,0.9925),
    }},
    {Time = 0.800, Data = {
      ["HumanoidRootPart"] = CFrame.new(0.0000,0.0000,0.0000,1.0000,0.0000,0.0000,0.0000,1.0000,0.0000,0.0000,0.0000,1.0000),
      ["LowerTorso"] = CFrame.new(0.0292,-0.5151,0.0724,0.9468,-0.0503,0.3179,-0.2117,0.6466,0.7329,-0.2424,-0.7612,0.6015),
      ["UpperTorso"] = CFrame.new(0.0000,0.0000,0.0000,0.9992,-0.0000,-0.0398,0.0000,1.0000,-0.0000,0.0398,0.0000,0.9992),
      ["LeftUpperArm"] = CFrame.new(0.3493,-0.0201,-0.0003,0.8280,0.5525,0.0960,-0.5506,0.8334,-0.0479,-0.1065,-0.0132,0.9942),
      ["LeftLowerArm"] = CFrame.new(-0.0005,0.0000,0.0033,1.0000,-0.0000,0.0000,0.0000,0.9413,-0.3375,0.0000,0.3375,0.9413),
      ["LeftHand"] = CFrame.new(0.0000,0.0000,0.0000,1.0000,-0.0040,0.0000,0.0040,1.0000,0.0044,-0.0000,-0.0044,1.0000),
      ["Head"] = CFrame.new(0.0000,0.0000,0.0000,0.9682,-0.1113,-0.2239,-0.0542,0.7807,-0.6225,0.2441,0.6149,0.7499),
      ["RightUpperArm"] = CFrame.new(-0.3415,-0.3434,0.2345,0.8272,-0.5426,-0.1460,0.4454,0.7916,-0.4184,0.3426,0.2811,0.8965),
      ["RightLowerArm"] = CFrame.new(0.0000,0.0000,0.0033,1.0000,-0.0000,0.0000,0.0000,-0.1768,-0.9843,0.0000,0.9843,-0.1768),
      ["RightHand"] = CFrame.new(0.0000,0.0000,0.0000,1.0000,-0.0000,0.0000,0.0000,1.0000,0.0044,-0.0000,-0.0044,1.0000),
      ["LeftUpperLeg"] = CFrame.new(-0.0086,0.0543,-0.4528,0.9615,-0.2742,0.0182,-0.0660,-0.2945,-0.9534,0.2668,0.9155,-0.3013),
      ["LeftLowerLeg"] = CFrame.new(0.0000,0.0002,-0.0029,1.0000,-0.0000,0.0000,-0.0000,-0.3135,0.9496,0.0000,-0.9496,-0.3135),
      ["LeftFoot"] = CFrame.new(0.0000,-0.0002,0.0000,0.9962,-0.0809,-0.0308,0.0354,0.7057,-0.7077,0.0790,0.7039,0.7059),
      ["RightUpperLeg"] = CFrame.new(0.1067,0.0245,-0.1224,0.9453,-0.0402,-0.3236,-0.0092,0.9887,-0.1497,0.3259,0.1445,0.9343),
      ["RightLowerLeg"] = CFrame.new(0.0000,0.0000,-0.0030,1.0000,-0.0000,0.0000,-0.0000,-0.1808,0.9835,0.0000,-0.9835,-0.1808),
      ["RightFoot"] = CFrame.new(0.0000,0.0000,-0.0001,1.0000,0.0031,0.0012,-0.0030,0.9998,-0.0183,-0.0012,0.0183,0.9998),
    }},
    {Time = 0.833, Data = {
      ["HumanoidRootPart"] = CFrame.new(0.0000,0.0000,0.0000,1.0000,0.0000,0.0000,0.0000,1.0000,0.0000,0.0000,0.0000,1.0000),
      ["LowerTorso"] = CFrame.new(0.0194,-0.4277,0.0724,0.9760,-0.0268,0.2160,-0.1513,0.6299,0.7618,-0.1565,-0.7762,0.6108),
      ["UpperTorso"] = CFrame.new(0.0000,0.0000,0.0000,0.9996,-0.0000,-0.0265,0.0000,1.0000,-0.0000,0.0265,0.0000,0.9996),
      ["LeftUpperArm"] = CFrame.new(0.3398,-0.0195,-0.0573,0.8112,0.5848,-0.0073,-0.5774,0.7988,-0.1692,-0.0931,0.1414,0.9856),
      ["LeftLowerArm"] = CFrame.new(-0.0005,0.0000,0.0033,1.0000,-0.0000,0.0000,0.0000,0.9427,-0.3338,0.0000,0.3338,0.9427),
      ["LeftHand"] = CFrame.new(0.0000,0.0000,0.0000,1.0000,-0.0040,0.0000,0.0040,1.0000,0.0044,-0.0000,-0.0044,1.0000),
      ["Head"] = CFrame.new(0.0000,0.0000,0.0000,0.9883,-0.0687,-0.1363,-0.0340,0.7712,-0.6356,0.1488,0.6328,0.7599),
      ["RightUpperArm"] = CFrame.new(-0.3740,-0.2823,0.2744,0.8506,-0.4097,-0.3296,0.3653,0.9113,-0.1900,0.3782,0.0412,0.9248),
      ["RightLowerArm"] = CFrame.new(0.0000,0.0000,0.0033,1.0000,-0.0000,0.0000,0.0000,-0.1672,-0.9859,0.0000,0.9859,-0.1672),
      ["RightHand"] = CFrame.new(0.0000,0.0000,0.0000,1.0000,-0.0000,0.0000,0.0000,1.0000,0.0044,-0.0000,-0.0044,1.0000),
      ["LeftUpperLeg"] = CFrame.new(-0.0260,0.0495,-0.4095,0.9844,-0.1673,-0.0545,-0.0577,-0.0143,-0.9982,0.1662,0.9858,-0.0237),
      ["LeftLowerLeg"] = CFrame.new(0.0000,0.0002,-0.0029,1.0000,-0.0000,0.0000,-0.0000,-0.2406,0.9706,0.0000,-0.9706,-0.2406),
      ["LeftFoot"] = CFrame.new(0.0000,-0.0002,0.0000,0.9960,-0.0832,-0.0316,0.0423,0.7556,-0.6536,0.0783,0.6497,0.7562),
      ["RightUpperLeg"] = CFrame.new(0.1131,0.0324,-0.1636,0.9710,-0.1238,-0.2044,0.0072,0.8702,-0.4927,0.2388,0.4769,0.8459),
      ["RightLowerLeg"] = CFrame.new(0.0000,0.0000,-0.0030,1.0000,-0.0000,0.0000,-0.0000,-0.4453,0.8954,0.0000,-0.8954,-0.4453),
      ["RightFoot"] = CFrame.new(0.0000,0.0000,-0.0001,0.9981,-0.0582,-0.0222,0.0536,0.9841,-0.1695,0.0317,0.1680,0.9853),
    }},
    {Time = 0.867, Data = {
      ["HumanoidRootPart"] = CFrame.new(0.0000,0.0000,0.0000,1.0000,0.0000,0.0000,0.0000,1.0000,0.0000,0.0000,0.0000,1.0000),
      ["LowerTorso"] = CFrame.new(0.0092,-0.3319,0.0724,0.9944,0.0000,0.1053,-0.0826,0.6200,0.7803,-0.0653,-0.7846,0.6165),
      ["UpperTorso"] = CFrame.new(0.0000,0.0000,0.0000,0.9999,-0.0000,-0.0125,0.0000,1.0000,-0.0000,0.0125,0.0000,0.9999),
      ["LeftUpperArm"] = CFrame.new(0.3290,-0.0277,-0.1109,0.7754,0.6256,-0.0862,-0.6258,0.7431,-0.2370,-0.0843,0.2377,0.9677),
      ["LeftLowerArm"] = CFrame.new(-0.0005,0.0000,0.0033,1.0000,-0.0000,0.0000,0.0000,0.8999,-0.4361,0.0000,0.4361,0.8999),
      ["LeftHand"] = CFrame.new(0.0000,0.0000,0.0000,1.0000,-0.0040,0.0000,0.0040,1.0000,0.0044,-0.0000,-0.0044,1.0000),
      ["Head"] = CFrame.new(0.0000,0.0000,0.0000,0.9989,-0.0195,-0.0420,-0.0117,0.7713,-0.6363,0.0448,0.6361,0.7703),
      ["RightUpperArm"] = CFrame.new(-0.3878,-0.2208,0.2950,0.8547,-0.2360,-0.4623,0.2974,0.9527,0.0635,0.4254,-0.1917,0.8844),
      ["RightLowerArm"] = CFrame.new(0.0000,0.0000,0.0033,1.0000,-0.0000,0.0000,0.0000,-0.1113,-0.9938,0.0000,0.9938,-0.1113),
      ["RightHand"] = CFrame.new(0.0000,0.0000,0.0000,1.0000,-0.0000,0.0000,0.0000,1.0000,0.0044,-0.0000,-0.0044,1.0000),
      ["LeftUpperLeg"] = CFrame.new(-0.0402,0.0438,-0.3621,0.9966,-0.0527,-0.0630,-0.0470,0.2629,-0.9637,0.0673,0.9634,0.2595),
      ["LeftLowerLeg"] = CFrame.new(0.0000,0.0002,-0.0029,1.0000,-0.0000,0.0000,-0.0000,-0.1133,0.9936,0.0000,-0.9936,-0.1133),
      ["LeftFoot"] = CFrame.new(0.0000,-0.0002,0.0000,0.9959,-0.0846,-0.0322,0.0604,0.8858,-0.4600,0.0675,0.4562,0.8873),
      ["RightUpperLeg"] = CFrame.new(0.1204,0.0406,-0.2060,0.9911,-0.1133,-0.0693,0.0070,0.5662,-0.8243,0.1326,0.8165,0.5619),
      ["RightLowerLeg"] = CFrame.new(0.0000,0.0000,-0.0030,1.0000,-0.0000,0.0000,-0.0000,-0.6460,0.7633,0.0000,-0.7633,-0.6460),
      ["RightFoot"] = CFrame.new(0.0000,0.0000,-0.0001,0.9936,-0.1055,-0.0402,0.0899,0.9547,-0.2836,0.0683,0.2782,0.9581),
    }},
    {Time = 0.900, Data = {
      ["HumanoidRootPart"] = CFrame.new(0.0000,0.0000,0.0000,1.0000,0.0000,0.0000,0.0000,1.0000,0.0000,0.0000,0.0000,1.0000),
      ["LowerTorso"] = CFrame.new(-0.0014,-0.2369,0.0724,0.9995,0.0281,-0.0115,-0.0084,0.6193,0.7851,0.0291,-0.7847,0.6192),
      ["UpperTorso"] = CFrame.new(0.0000,0.0000,0.0000,1.0000,-0.0000,0.0020,0.0000,1.0000,-0.0000,-0.0020,0.0000,1.0000),
      ["LeftUpperArm"] = CFrame.new(0.3163,-0.0448,-0.1604,0.7213,0.6795,-0.1345,-0.6871,0.6773,-0.2631,-0.0877,0.2821,0.9554),
      ["LeftLowerArm"] = CFrame.new(-0.0005,0.0000,0.0033,1.0000,-0.0000,0.0000,0.0000,0.7881,-0.6156,0.0000,0.6156,0.7881),
      ["LeftHand"] = CFrame.new(0.0000,0.0000,0.0000,1.0000,-0.0040,0.0000,0.0040,1.0000,0.0044,-0.0000,-0.0044,1.0000),
      ["Head"] = CFrame.new(0.0000,0.0000,0.0000,0.9980,0.0300,0.0560,0.0115,0.7817,-0.6236,-0.0625,0.6229,0.7798),
      ["RightUpperArm"] = CFrame.new(-0.3813,-0.1746,0.3030,0.8479,-0.0583,-0.5269,0.2472,0.9227,0.2958,0.4689,-0.3810,0.7968),
      ["RightLowerArm"] = CFrame.new(0.0000,0.0000,0.0033,1.0000,-0.0000,0.0000,0.0000,0.0009,-1.0000,0.0000,1.0000,0.0009),
      ["RightHand"] = CFrame.new(0.0000,0.0000,0.0000,1.0000,-0.0000,0.0000,0.0000,1.0000,0.0044,-0.0000,-0.0044,1.0000),
      ["LeftUpperLeg"] = CFrame.new(-0.0516,0.0375,-0.3113,0.9991,0.0427,-0.0057,-0.0264,0.5032,-0.8637,-0.0340,0.8631,0.5039),
      ["LeftLowerLeg"] = CFrame.new(0.0000,0.0002,-0.0029,1.0000,-0.0000,0.0000,0.0000,0.0343,0.9994,-0.0000,-0.9994,0.0343),
      ["LeftFoot"] = CFrame.new(0.0000,-0.0002,0.0000,0.9956,-0.0877,-0.0333,0.0773,0.9683,-0.2377,0.0531,0.2341,0.9708),
      ["RightUpperLeg"] = CFrame.new(0.1275,0.0484,-0.2491,1.0000,0.0067,-0.0053,-0.0055,0.0445,-0.9990,-0.0064,0.9990,0.0446),
      ["RightLowerLeg"] = CFrame.new(0.0000,0.0000,-0.0030,1.0000,-0.0000,0.0000,-0.0000,-0.7453,0.6667,0.0000,-0.6667,-0.7453),
      ["RightFoot"] = CFrame.new(0.0000,0.0000,-0.0001,0.9903,-0.1297,-0.0494,0.1100,0.9505,-0.2905,0.0846,0.2823,0.9556),
    }},
    {Time = 0.933, Data = {
      ["HumanoidRootPart"] = CFrame.new(0.0000,0.0000,0.0000,1.0000,0.0000,0.0000,0.0000,1.0000,0.0000,0.0000,0.0000,1.0000),
      ["LowerTorso"] = CFrame.new(-0.0119,-0.1549,0.0724,0.9905,0.0540,-0.1263,0.0648,0.6268,0.7765,0.1210,-0.7773,0.6173),
      ["UpperTorso"] = CFrame.new(0.0000,0.0000,0.0000,0.9999,-0.0000,0.0162,0.0000,1.0000,-0.0000,-0.0162,0.0000,0.9999),
      ["LeftUpperArm"] = CFrame.new(0.3024,-0.0683,-0.2022,0.6558,0.7346,-0.1739,-0.7476,0.6002,-0.2843,-0.1045,0.3164,0.9428),
      ["LeftLowerArm"] = CFrame.new(-0.0005,0.0000,0.0033,1.0000,-0.0000,0.0000,0.0000,0.6401,-0.7683,0.0000,0.7683,0.6401),
      ["LeftHand"] = CFrame.new(0.0000,0.0000,0.0000,1.0000,-0.0040,0.0000,0.0040,1.0000,0.0044,-0.0000,-0.0044,1.0000),
      ["Head"] = CFrame.new(0.0000,0.0000,0.0000,0.9860,0.0719,0.1503,0.0333,0.7989,-0.6005,-0.1632,0.5971,0.7854),
      ["RightUpperArm"] = CFrame.new(-0.3665,-0.1498,0.3104,0.8384,0.0781,-0.5394,0.2232,0.8537,0.4705,0.4973,-0.5148,0.6983),
      ["RightLowerArm"] = CFrame.new(0.0000,0.0000,0.0033,1.0000,-0.0000,0.0000,0.0000,0.1576,-0.9875,0.0000,0.9875,0.1576),
      ["RightHand"] = CFrame.new(0.0000,0.0000,0.0000,1.0000,-0.0000,0.0000,0.0000,1.0000,0.0044,-0.0000,-0.0044,1.0000),
      ["LeftUpperLeg"] = CFrame.new(-0.0605,0.0309,-0.2600,0.9908,0.0999,0.0908,-0.0038,0.6930,-0.7210,-0.1349,0.7140,0.6870),
      ["LeftLowerLeg"] = CFrame.new(0.0000,0.0002,-0.0029,1.0000,-0.0000,0.0000,0.0000,0.1713,0.9852,-0.0000,-0.9852,0.1713),
      ["LeftFoot"] = CFrame.new(0.0000,-0.0002,0.0000,0.9953,-0.0908,-0.0346,0.0887,0.9943,-0.0587,0.0397,0.0553,0.9977),
      ["RightUpperLeg"] = CFrame.new(0.1278,0.0536,-0.2923,0.9860,0.1605,-0.0456,0.0289,-0.4337,-0.9006,-0.1643,0.8866,-0.4323),
      ["RightLowerLeg"] = CFrame.new(0.0000,0.0000,-0.0030,1.0000,-0.0000,0.0000,-0.0000,-0.7233,0.6905,0.0000,-0.6905,-0.7233),
      ["RightFoot"] = CFrame.new(0.0000,0.0000,-0.0001,0.9916,-0.1209,-0.0461,0.1067,0.9656,-0.2372,0.0732,0.2303,0.9704),
    }},
    {Time = 0.967, Data = {
      ["HumanoidRootPart"] = CFrame.new(0.0000,0.0000,0.0000,1.0000,0.0000,0.0000,0.0000,1.0000,0.0000,0.0000,0.0000,1.0000),
      ["LowerTorso"] = CFrame.new(-0.0220,-0.0941,0.0724,0.9687,0.0761,-0.2363,0.1341,0.6405,0.7562,0.2088,-0.7642,0.6102),
      ["UpperTorso"] = CFrame.new(0.0000,0.0000,0.0000,0.9995,-0.0000,0.0301,0.0000,1.0000,-0.0000,-0.0301,0.0000,0.9995),
      ["LeftUpperArm"] = CFrame.new(0.2872,-0.0975,-0.2340,0.5845,0.7832,-0.2119,-0.8005,0.5141,-0.3081,-0.1324,0.3497,0.9275),
      ["LeftLowerArm"] = CFrame.new(-0.0005,0.0000,0.0033,1.0000,-0.0000,0.0000,0.0000,0.4816,-0.8764,0.0000,0.8764,0.4816),
      ["LeftHand"] = CFrame.new(0.0000,0.0000,0.0000,1.0000,-0.0040,0.0000,0.0040,1.0000,0.0044,-0.0000,-0.0044,1.0000),
      ["Head"] = CFrame.new(0.0000,0.0000,0.0000,0.9660,0.1024,0.2375,0.0534,0.8195,-0.5705,-0.2531,0.5638,0.7862),
      ["RightUpperArm"] = CFrame.new(-0.3548,-0.1399,0.3234,0.8367,0.1543,-0.5255,0.2196,0.7845,0.5800,0.5018,-0.6007,0.6224),
      ["RightLowerArm"] = CFrame.new(0.0000,0.0000,0.0033,1.0000,-0.0000,0.0000,0.0000,0.3514,-0.9362,0.0000,0.9362,0.3514),
      ["RightHand"] = CFrame.new(0.0000,0.0000,0.0000,1.0000,-0.0000,0.0000,0.0000,1.0000,0.0044,-0.0000,-0.0044,1.0000),
      ["LeftUpperLeg"] = CFrame.new(-0.0674,0.0242,-0.2089,0.9720,0.1136,0.2057,0.0186,0.8354,-0.5494,-0.2343,0.5378,0.8099),
      ["LeftLowerLeg"] = CFrame.new(0.0000,0.0002,-0.0029,1.0000,-0.0000,0.0000,0.0000,0.2864,0.9581,-0.0000,-0.9581,0.2864),
      ["LeftFoot"] = CFrame.new(0.0000,-0.0002,0.0000,0.9950,-0.0931,-0.0354,0.0952,0.9935,0.0630,0.0293,-0.0660,0.9974),
      ["RightUpperLeg"] = CFrame.new(0.1115,0.0568,-0.3365,0.9547,0.2771,-0.1087,0.1043,-0.6534,-0.7498,-0.2788,0.7045,-0.6527),
      ["RightLowerLeg"] = CFrame.new(0.0000,0.0000,-0.0030,1.0000,-0.0000,0.0000,-0.0000,-0.5796,0.8149,0.0000,-0.8149,-0.5796),
      ["RightFoot"] = CFrame.new(0.0000,0.0000,-0.0001,0.9969,-0.0741,-0.0282,0.0653,0.9693,-0.2372,0.0449,0.2346,0.9711),
    }},
    {Time = 1.000, Data = {
      ["HumanoidRootPart"] = CFrame.new(0.0000,0.0000,0.0000,1.0000,0.0000,0.0000,0.0000,1.0000,0.0000,0.0000,0.0000,1.0000),
      ["LowerTorso"] = CFrame.new(-0.0317,-0.0642,0.0724,0.9369,0.0931,-0.3370,0.1961,0.6581,0.7269,0.2894,-0.7471,0.5983),
      ["UpperTorso"] = CFrame.new(0.0000,0.0000,0.0000,0.9991,-0.0000,0.0432,0.0000,1.0000,-0.0000,-0.0432,0.0000,0.9991),
      ["LeftUpperArm"] = CFrame.new(0.2711,-0.1316,-0.2524,0.5140,0.8196,-0.2531,-0.8414,0.4245,-0.3343,-0.1666,0.3848,0.9079),
      ["LeftLowerArm"] = CFrame.new(-0.0005,0.0000,0.0033,1.0000,-0.0000,0.0000,0.0000,0.3371,-0.9415,0.0000,0.9415,0.3371),
      ["LeftHand"] = CFrame.new(0.0000,0.0000,0.0000,1.0000,-0.0040,0.0000,0.0040,1.0000,0.0044,-0.0000,-0.0044,1.0000),
      ["Head"] = CFrame.new(0.0000,0.0000,0.0000,0.9418,0.1205,0.3138,0.0716,0.8403,-0.5374,-0.3284,0.5286,0.7828),
      ["RightUpperArm"] = CFrame.new(-0.3519,-0.1349,0.3419,0.8467,0.1634,-0.5063,0.2293,0.7466,0.6245,0.4800,-0.6449,0.5947),
      ["RightLowerArm"] = CFrame.new(0.0000,0.0000,0.0033,1.0000,-0.0000,0.0000,0.0000,0.5647,-0.8253,0.0000,0.8253,0.5647),
      ["RightHand"] = CFrame.new(0.0000,0.0000,0.0000,1.0000,-0.0000,0.0000,0.0000,1.0000,0.0044,-0.0000,-0.0044,1.0000),
      ["LeftUpperLeg"] = CFrame.new(-0.0726,0.0177,-0.1594,0.9438,0.0842,0.3197,0.0385,0.9324,-0.3594,-0.3284,0.3515,0.8767),
      ["LeftLowerLeg"] = CFrame.new(0.0000,0.0002,-0.0029,1.0000,-0.0000,0.0000,0.0000,0.3753,0.9269,-0.0000,-0.9269,0.3753),
      ["LeftFoot"] = CFrame.new(0.0000,-0.0002,0.0000,0.9949,-0.0939,-0.0357,0.0977,0.9871,0.1269,0.0233,-0.1297,0.9913),
      ["RightUpperLeg"] = CFrame.new(0.0781,0.0592,-0.3806,0.9249,0.3485,-0.1519,0.1522,-0.7056,-0.6921,-0.3483,0.6170,-0.7057),
      ["RightLowerLeg"] = CFrame.new(0.0000,0.0000,-0.0030,1.0000,-0.0000,0.0000,-0.0000,-0.3391,0.9407,0.0000,-0.9407,-0.3391),
      ["RightFoot"] = CFrame.new(0.0000,0.0000,-0.0001,0.9997,-0.0234,-0.0089,0.0200,0.9609,-0.2763,0.0150,0.2761,0.9610),
    }},
    {Time = 1.033, Data = {
      ["HumanoidRootPart"] = CFrame.new(0.0000,0.0000,0.0000,1.0000,0.0000,0.0000,0.0000,1.0000,0.0000,0.0000,0.0000,1.0000),
      ["LowerTorso"] = CFrame.new(-0.0405,-0.0736,0.0724,0.8992,0.1045,-0.4248,0.2484,0.6773,0.6925,0.3601,-0.7282,0.5831),
      ["UpperTorso"] = CFrame.new(0.0000,0.0000,0.0000,0.9985,-0.0000,0.0552,0.0000,1.0000,-0.0000,-0.0552,0.0000,0.9985),
      ["LeftUpperArm"] = CFrame.new(0.2544,-0.1696,-0.2558,0.4502,0.8403,-0.3022,-0.8699,0.3364,-0.3606,-0.2014,0.4252,0.8824),
      ["LeftLowerArm"] = CFrame.new(-0.0005,0.0000,0.0033,1.0000,-0.0000,0.0000,0.0000,0.2274,-0.9738,0.0000,0.9738,0.2274),
      ["LeftHand"] = CFrame.new(0.0000,0.0000,0.0000,1.0000,-0.0040,0.0000,0.0040,1.0000,0.0044,-0.0000,-0.0044,1.0000),
      ["Head"] = CFrame.new(0.0000,0.0000,0.0000,0.9171,0.1284,0.3774,0.0875,0.8589,-0.5047,-0.3889,0.4958,0.7765),
      ["RightUpperArm"] = CFrame.new(-0.3587,-0.1261,0.3616,0.8659,0.1100,-0.4879,0.2495,0.7504,0.6120,0.4335,-0.6517,0.6224),
      ["RightLowerArm"] = CFrame.new(0.0000,0.0000,0.0033,1.0000,-0.0000,0.0000,0.0000,0.7595,-0.6505,0.0000,0.6505,0.7595),
      ["RightHand"] = CFrame.new(0.0000,0.0000,0.0000,1.0000,-0.0000,0.0000,0.0000,1.0000,0.0044,-0.0000,-0.0044,1.0000),
      ["LeftUpperLeg"] = CFrame.new(-0.0764,0.0115,-0.1131,0.9090,0.0159,0.4165,0.0541,0.9863,-0.1556,-0.4133,0.1639,0.8957),
      ["LeftLowerLeg"] = CFrame.new(0.0000,0.0002,-0.0029,1.0000,-0.0000,0.0000,0.0000,0.4449,0.8956,-0.0000,-0.8956,0.4449),
      ["LeftFoot"] = CFrame.new(0.0000,-0.0002,0.0000,0.9950,-0.0932,-0.0355,0.0974,0.9850,0.1425,0.0217,-0.1452,0.9892),
      ["RightUpperLeg"] = CFrame.new(0.0335,0.0609,-0.4230,0.8999,0.3960,-0.1829,0.1624,-0.6933,-0.7021,-0.4048,0.6020,-0.6882),
      ["RightLowerLeg"] = CFrame.new(0.0000,0.0000,-0.0030,1.0000,-0.0000,0.0000,-0.0000,-0.0507,0.9987,0.0000,-0.9987,-0.0507),
      ["RightFoot"] = CFrame.new(0.0000,0.0000,-0.0001,0.9998,0.0168,0.0064,-0.0142,0.9561,-0.2927,-0.0110,0.2926,0.9562),
    }},
    {Time = 1.067, Data = {
      ["HumanoidRootPart"] = CFrame.new(0.0000,0.0000,0.0000,1.0000,0.0000,0.0000,0.0000,1.0000,0.0000,0.0000,0.0000,1.0000),
      ["LowerTorso"] = CFrame.new(-0.0482,-0.1208,0.0724,0.8604,0.1108,-0.4975,0.2902,0.6960,0.6568,0.4190,-0.7095,0.5666),
      ["UpperTorso"] = CFrame.new(0.0000,0.0000,0.0000,0.9978,-0.0000,0.0658,0.0000,1.0000,-0.0000,-0.0658,0.0000,0.9978),
      ["LeftUpperArm"] = CFrame.new(0.2370,-0.2100,-0.2445,0.3973,0.8425,-0.3639,-0.8879,0.2526,-0.3846,-0.2321,0.4759,0.8483),
      ["LeftLowerArm"] = CFrame.new(-0.0005,0.0000,0.0033,1.0000,-0.0000,0.0000,0.0000,0.1700,-0.9854,0.0000,0.9854,0.1700),
      ["LeftHand"] = CFrame.new(0.0000,0.0000,0.0000,1.0000,-0.0040,0.0000,0.0040,1.0000,0.0044,-0.0000,-0.0044,1.0000),
      ["Head"] = CFrame.new(0.0000,0.0000,0.0000,0.8946,0.1295,0.4278,0.1009,0.8739,-0.4756,-0.4354,0.4686,0.7687),
      ["RightUpperArm"] = CFrame.new(-0.3728,-0.1097,0.3779,0.8881,0.0241,-0.4590,0.2759,0.7709,0.5742,0.3677,-0.6365,0.6780),
      ["RightLowerArm"] = CFrame.new(0.0000,0.0000,0.0033,1.0000,-0.0000,0.0000,0.0000,0.8771,-0.4804,0.0000,0.4804,0.8771),
      ["RightHand"] = CFrame.new(0.0000,0.0000,0.0000,1.0000,-0.0000,0.0000,0.0000,1.0000,0.0044,-0.0000,-0.0044,1.0000),
      ["LeftUpperLeg"] = CFrame.new(-0.0790,0.0061,-0.0717,0.8717,-0.0848,0.4827,0.0645,0.9962,0.0585,-0.4858,-0.0198,0.8738),
      ["LeftLowerLeg"] = CFrame.new(0.0000,0.0002,-0.0029,1.0000,-0.0000,0.0000,0.0000,0.5138,0.8579,-0.0000,-0.8579,0.5138),
      ["LeftFoot"] = CFrame.new(0.0000,-0.0002,0.0000,0.9952,-0.0916,-0.0348,0.0954,0.9867,0.1319,0.0223,-0.1346,0.9906),
      ["RightUpperLeg"] = CFrame.new(-0.0160,0.0620,-0.4622,0.8762,0.4369,-0.2036,0.1523,-0.6518,-0.7430,-0.4573,0.6200,-0.6376),
      ["RightLowerLeg"] = CFrame.new(0.0000,0.0000,-0.0030,1.0000,-0.0000,0.0000,0.0000,0.2398,0.9708,-0.0000,-0.9708,0.2398),
      ["RightFoot"] = CFrame.new(0.0000,0.0000,-0.0001,0.9987,0.0478,0.0182,-0.0413,0.9631,-0.2659,-0.0303,0.2648,0.9638),
    }},
    {Time = 1.100, Data = {
      ["HumanoidRootPart"] = CFrame.new(0.0000,0.0000,0.0000,1.0000,0.0000,0.0000,0.0000,1.0000,0.0000,0.0000,0.0000,1.0000),
      ["LowerTorso"] = CFrame.new(-0.0631,-0.4624,0.0724,0.7731,0.1069,-0.6251,0.3621,0.7349,0.5735,0.5207,-0.6697,0.5294),
      ["UpperTorso"] = CFrame.new(0.0000,0.0000,0.0000,0.9963,-0.0000,0.0860,0.0000,1.0000,-0.0000,-0.0860,0.0000,0.9963),
      ["LeftUpperArm"] = CFrame.new(0.1861,-0.3597,-0.1115,0.3813,0.6921,-0.6128,-0.8687,0.0416,-0.4935,-0.3161,0.7206,0.6172),
      ["LeftLowerArm"] = CFrame.new(-0.0005,0.0000,0.0033,1.0000,-0.0000,0.0000,0.0000,0.3130,-0.9498,0.0000,0.9498,0.3130),
      ["LeftHand"] = CFrame.new(0.0000,0.0000,0.0000,1.0000,-0.0040,0.0000,0.0040,1.0000,0.0044,-0.0000,-0.0044,1.0000),
      ["Head"] = CFrame.new(0.0000,0.0000,0.0000,0.8550,0.1327,0.5013,0.1231,0.8871,-0.4449,-0.5038,0.4421,0.7422),
      ["RightUpperArm"] = CFrame.new(-0.4285,-0.0330,0.3616,0.9105,-0.2271,-0.3456,0.4033,0.6727,0.6204,0.0916,-0.7042,0.7040),
      ["RightLowerArm"] = CFrame.new(0.0000,0.0000,0.0033,1.0000,-0.0000,0.0000,0.0000,0.6495,-0.7604,0.0000,0.7604,0.6495),
      ["RightHand"] = CFrame.new(0.0000,0.0000,0.0000,1.0000,-0.0000,0.0000,0.0000,1.0000,0.0044,-0.0000,-0.0044,1.0000),
      ["LeftUpperLeg"] = CFrame.new(-0.0849,-0.0042,0.0170,0.7829,-0.4794,0.3965,0.0750,0.7055,0.7047,-0.6176,-0.5220,0.5883),
      ["LeftLowerLeg"] = CFrame.new(0.0000,0.0002,-0.0029,1.0000,-0.0000,0.0000,0.0000,0.8480,0.5300,-0.0000,-0.5300,0.8480),
      ["LeftFoot"] = CFrame.new(0.0000,-0.0002,0.0000,0.9958,-0.0856,-0.0326,0.0910,0.9652,0.2452,0.0104,-0.2471,0.9689),
      ["RightUpperLeg"] = CFrame.new(-0.1430,0.0631,-0.5592,0.8140,0.5578,-0.1621,0.0963,-0.4048,-0.9093,-0.5729,0.7245,-0.3832),
      ["RightLowerLeg"] = CFrame.new(0.0000,0.0000,-0.0030,1.0000,-0.0000,0.0000,0.0000,0.8756,0.4829,-0.0000,-0.4829,0.8756),
      ["RightFoot"] = CFrame.new(0.0000,0.0000,-0.0001,0.9942,0.1004,0.0383,-0.1004,0.9949,-0.0032,-0.0384,-0.0006,0.9993),
    }},
  }
}
