return {
  ["132027264673241"] = {
    {Time = 0.000, Data = {
      ["HumanoidRootPart"] = CFrame.new(0.0000,0.0000,0.0000,1.0000,0.0000,0.0000,0.0000,1.0000,0.0000,0.0000,0.0000,1.0000),
      ["LowerTorso"] = CFrame.new(0.0000,-0.4000,0.0000,1.0000,-0.0000,0.0000,0.0000,1.0000,-0.0000,0.0000,0.0000,1.0000),
      ["UpperTorso"] = CFrame.new(0.0000,0.0000,0.0000,1.0000,0.0000,0.0000,0.0000,1.0000,0.0000,0.0000,0.0000,1.0000),
      ["LeftUpperArm"] = CFrame.new(0.0000,0.0000,0.0000,0.8660,0.5000,0.0000,0.5000,-0.8660,0.0000,0.0000,-0.0000,-1.0000),
      ["Head"] = CFrame.new(-0.5000,-3.0000,0.0000,-0.0000,1.0000,0.0000,-1.0000,-0.0000,-0.0000,-0.0000,-0.0000,1.0000),
      ["RightUpperArm"] = CFrame.new(0.0000,0.0000,0.0000,0.8660,-0.5000,0.0000,-0.5000,-0.8660,0.0000,-0.0000,-0.0000,-1.0000),
      ["LeftUpperLeg"] = CFrame.new(0.0000,0.0000,0.0000,0.9659,0.2588,0.0000,-0.0000,0.0000,-1.0000,-0.2588,0.9659,0.0000),
      ["RightUpperLeg"] = CFrame.new(0.0000,0.0000,0.0000,0.9659,-0.2588,0.0000,0.0000,0.0000,-1.0000,0.2588,0.9659,0.0000),
    }},
    {Time = 0.033, Data = {
      ["HumanoidRootPart"] = CFrame.new(0.0000,0.0000,0.0000,1.0000,0.0000,0.0000,0.0000,1.0000,0.0000,0.0000,0.0000,1.0000),
      ["LowerTorso"] = CFrame.new(0.0000,-0.3800,0.0000,1.0000,-0.0000,0.0000,0.0000,1.0000,-0.0000,0.0000,0.0000,1.0000),
      ["UpperTorso"] = CFrame.new(0.0000,0.0000,0.0000,1.0000,0.0000,0.0000,0.0000,1.0000,0.0000,0.0000,0.0000,1.0000),
      ["LeftUpperArm"] = CFrame.new(0.0000,0.0000,0.0000,0.8660,0.5000,0.0000,0.5000,-0.8660,0.0000,0.0000,-0.0000,-1.0000),
      ["Head"] = CFrame.new(-0.5000,-3.0200,0.0000,-0.0000,1.0000,0.0000,-0.9511,-0.0000,0.3090,0.3090,0.0000,0.9511),
      ["RightUpperArm"] = CFrame.new(0.0000,0.0000,0.0000,0.8660,-0.5000,0.0000,-0.5000,-0.8660,0.0000,-0.0000,-0.0000,-1.0000),
      ["LeftUpperLeg"] = CFrame.new(0.0000,0.0000,0.0000,0.9659,0.2588,0.0000,-0.0000,0.0000,-1.0000,-0.2588,0.9659,0.0000),
      ["RightUpperLeg"] = CFrame.new(0.0000,0.0000,0.0000,0.9659,-0.2588,0.0000,0.0000,0.0000,-1.0000,0.2588,0.9659,0.0000),
    }},
    {Time = 0.067, Data = {
      ["HumanoidRootPart"] = CFrame.new(0.0000,0.0000,0.0000,1.0000,0.0000,0.0000,0.0000,1.0000,0.0000,0.0000,0.0000,1.0000),
      ["LowerTorso"] = CFrame.new(0.0000,-0.3600,0.0000,1.0000,-0.0000,0.0000,0.0000,1.0000,-0.0000,0.0000,0.0000,1.0000),
      ["UpperTorso"] = CFrame.new(0.0000,0.0000,0.0000,1.0000,0.0000,0.0000,0.0000,1.0000,0.0000,0.0000,0.0000,1.0000),
      ["LeftUpperArm"] = CFrame.new(0.0000,0.0000,0.0000,0.8660,0.5000,0.0000,0.5000,-0.8660,0.0000,0.0000,-0.0000,-1.0000),
      ["Head"] = CFrame.new(-0.5000,-3.0400,0.0000,-0.0000,1.0000,0.0000,-0.8090,-0.0000,0.5878,0.5878,0.0000,0.8090),
      ["RightUpperArm"] = CFrame.new(0.0000,0.0000,0.0000,0.8660,-0.5000,0.0000,-0.5000,-0.8660,0.0000,-0.0000,-0.0000,-1.0000),
      ["LeftUpperLeg"] = CFrame.new(0.0000,0.0000,0.0000,0.9659,0.2588,0.0000,-0.0000,0.0000,-1.0000,-0.2588,0.9659,0.0000),
      ["RightUpperLeg"] = CFrame.new(0.0000,0.0000,0.0000,0.9659,-0.2588,0.0000,0.0000,0.0000,-1.0000,0.2588,0.9659,0.0000),
    }},
    {Time = 0.100, Data = {
      ["HumanoidRootPart"] = CFrame.new(0.0000,0.0000,0.0000,1.0000,0.0000,0.0000,0.0000,1.0000,0.0000,0.0000,0.0000,1.0000),
      ["LowerTorso"] = CFrame.new(0.0000,-0.3400,0.0000,1.0000,-0.0000,0.0000,0.0000,1.0000,-0.0000,0.0000,0.0000,1.0000),
      ["UpperTorso"] = CFrame.new(0.0000,0.0000,0.0000,1.0000,0.0000,0.0000,0.0000,1.0000,0.0000,0.0000,0.0000,1.0000),
      ["LeftUpperArm"] = CFrame.new(0.0000,0.0000,0.0000,0.8660,0.5000,0.0000,0.5000,-0.8660,0.0000,0.0000,-0.0000,-1.0000),
      ["Head"] = CFrame.new(-0.5000,-3.0600,0.0000,-0.0000,1.0000,0.0000,-0.5878,-0.0000,0.8090,0.8090,0.0000,0.5878),
      ["RightUpperArm"] = CFrame.new(0.0000,0.0000,0.0000,0.8660,-0.5000,0.0000,-0.5000,-0.8660,0.0000,-0.0000,-0.0000,-1.0000),
      ["LeftUpperLeg"] = CFrame.new(0.0000,0.0000,0.0000,0.9659,0.2588,0.0000,-0.0000,0.0000,-1.0000,-0.2588,0.9659,0.0000),
      ["RightUpperLeg"] = CFrame.new(0.0000,0.0000,0.0000,0.9659,-0.2588,0.0000,0.0000,0.0000,-1.0000,0.2588,0.9659,0.0000),
    }},
    {Time = 0.133, Data = {
      ["HumanoidRootPart"] = CFrame.new(0.0000,0.0000,0.0000,1.0000,0.0000,0.0000,0.0000,1.0000,0.0000,0.0000,0.0000,1.0000),
      ["LowerTorso"] = CFrame.new(0.0000,-0.3200,0.0000,1.0000,-0.0000,0.0000,0.0000,1.0000,-0.0000,0.0000,0.0000,1.0000),
      ["UpperTorso"] = CFrame.new(0.0000,0.0000,0.0000,1.0000,0.0000,0.0000,0.0000,1.0000,0.0000,0.0000,0.0000,1.0000),
      ["LeftUpperArm"] = CFrame.new(0.0000,0.0000,0.0000,0.8660,0.5000,0.0000,0.5000,-0.8660,0.0000,0.0000,-0.0000,-1.0000),
      ["Head"] = CFrame.new(-0.5000,-3.0800,0.0000,-0.0000,1.0000,0.0000,-0.3090,-0.0000,0.9511,0.9511,0.0000,0.3090),
      ["RightUpperArm"] = CFrame.new(0.0000,0.0000,0.0000,0.8660,-0.5000,0.0000,-0.5000,-0.8660,0.0000,-0.0000,-0.0000,-1.0000),
      ["LeftUpperLeg"] = CFrame.new(0.0000,0.0000,0.0000,0.9659,0.2588,0.0000,-0.0000,0.0000,-1.0000,-0.2588,0.9659,0.0000),
      ["RightUpperLeg"] = CFrame.new(0.0000,0.0000,0.0000,0.9659,-0.2588,0.0000,0.0000,0.0000,-1.0000,0.2588,0.9659,0.0000),
    }},
    {Time = 0.167, Data = {
      ["HumanoidRootPart"] = CFrame.new(0.0000,0.0000,0.0000,1.0000,0.0000,0.0000,0.0000,1.0000,0.0000,0.0000,0.0000,1.0000),
      ["LowerTorso"] = CFrame.new(0.0000,-0.3000,0.0000,1.0000,-0.0000,0.0000,0.0000,1.0000,-0.0000,0.0000,0.0000,1.0000),
      ["UpperTorso"] = CFrame.new(0.0000,0.0000,0.0000,1.0000,0.0000,0.0000,0.0000,1.0000,0.0000,0.0000,0.0000,1.0000),
      ["LeftUpperArm"] = CFrame.new(0.0000,0.0000,0.0000,0.8660,0.5000,0.0000,0.5000,-0.8660,0.0000,0.0000,-0.0000,-1.0000),
      ["Head"] = CFrame.new(-0.5000,-3.1000,0.0000,-0.0000,1.0000,0.0000,-0.0000,-0.0000,1.0000,1.0000,0.0000,0.0000),
      ["RightUpperArm"] = CFrame.new(0.0000,0.0000,0.0000,0.8660,-0.5000,0.0000,-0.5000,-0.8660,0.0000,-0.0000,-0.0000,-1.0000),
      ["LeftUpperLeg"] = CFrame.new(0.0000,0.0000,0.0000,0.9659,0.2588,0.0000,-0.0000,0.0000,-1.0000,-0.2588,0.9659,0.0000),
      ["RightUpperLeg"] = CFrame.new(0.0000,0.0000,0.0000,0.9659,-0.2588,0.0000,0.0000,0.0000,-1.0000,0.2588,0.9659,0.0000),
    }},
    {Time = 0.200, Data = {
      ["HumanoidRootPart"] = CFrame.new(0.0000,0.0000,0.0000,1.0000,0.0000,0.0000,0.0000,1.0000,0.0000,0.0000,0.0000,1.0000),
      ["LowerTorso"] = CFrame.new(0.0000,-0.3200,0.0000,1.0000,-0.0000,0.0000,0.0000,1.0000,-0.0000,0.0000,0.0000,1.0000),
      ["UpperTorso"] = CFrame.new(0.0000,0.0000,0.0000,1.0000,0.0000,0.0000,0.0000,1.0000,0.0000,0.0000,0.0000,1.0000),
      ["LeftUpperArm"] = CFrame.new(0.0000,0.0000,0.0000,0.8660,0.5000,0.0000,0.5000,-0.8660,0.0000,0.0000,-0.0000,-1.0000),
      ["Head"] = CFrame.new(-0.5000,-3.0800,0.0000,-0.0000,1.0000,0.0000,0.3090,0.0000,0.9511,0.9511,0.0000,-0.3090),
      ["RightUpperArm"] = CFrame.new(0.0000,0.0000,0.0000,0.8660,-0.5000,0.0000,-0.5000,-0.8660,0.0000,-0.0000,-0.0000,-1.0000),
      ["LeftUpperLeg"] = CFrame.new(0.0000,0.0000,0.0000,0.9659,0.2588,0.0000,-0.0000,0.0000,-1.0000,-0.2588,0.9659,0.0000),
      ["RightUpperLeg"] = CFrame.new(0.0000,0.0000,0.0000,0.9659,-0.2588,0.0000,0.0000,0.0000,-1.0000,0.2588,0.9659,0.0000),
    }},
    {Time = 0.233, Data = {
      ["HumanoidRootPart"] = CFrame.new(0.0000,0.0000,0.0000,1.0000,0.0000,0.0000,0.0000,1.0000,0.0000,0.0000,0.0000,1.0000),
      ["LowerTorso"] = CFrame.new(0.0000,-0.3400,0.0000,1.0000,-0.0000,0.0000,0.0000,1.0000,-0.0000,0.0000,0.0000,1.0000),
      ["UpperTorso"] = CFrame.new(0.0000,0.0000,0.0000,1.0000,0.0000,0.0000,0.0000,1.0000,0.0000,0.0000,0.0000,1.0000),
      ["LeftUpperArm"] = CFrame.new(0.0000,0.0000,0.0000,0.8660,0.5000,0.0000,0.5000,-0.8660,0.0000,0.0000,-0.0000,-1.0000),
      ["Head"] = CFrame.new(-0.5000,-3.0600,0.0000,-0.0000,1.0000,0.0000,0.5878,0.0000,0.8090,0.8090,0.0000,-0.5878),
      ["RightUpperArm"] = CFrame.new(0.0000,0.0000,0.0000,0.8660,-0.5000,0.0000,-0.5000,-0.8660,0.0000,-0.0000,-0.0000,-1.0000),
      ["LeftUpperLeg"] = CFrame.new(0.0000,0.0000,0.0000,0.9659,0.2588,0.0000,-0.0000,0.0000,-1.0000,-0.2588,0.9659,0.0000),
      ["RightUpperLeg"] = CFrame.new(0.0000,0.0000,0.0000,0.9659,-0.2588,0.0000,0.0000,0.0000,-1.0000,0.2588,0.9659,0.0000),
    }},
    {Time = 0.267, Data = {
      ["HumanoidRootPart"] = CFrame.new(0.0000,0.0000,0.0000,1.0000,0.0000,0.0000,0.0000,1.0000,0.0000,0.0000,0.0000,1.0000),
      ["LowerTorso"] = CFrame.new(0.0000,-0.3600,0.0000,1.0000,-0.0000,0.0000,0.0000,1.0000,-0.0000,0.0000,0.0000,1.0000),
      ["UpperTorso"] = CFrame.new(0.0000,0.0000,0.0000,1.0000,0.0000,0.0000,0.0000,1.0000,0.0000,0.0000,0.0000,1.0000),
      ["LeftUpperArm"] = CFrame.new(0.0000,0.0000,0.0000,0.8660,0.5000,0.0000,0.5000,-0.8660,0.0000,0.0000,-0.0000,-1.0000),
      ["Head"] = CFrame.new(-0.5000,-3.0400,0.0000,-0.0000,1.0000,0.0000,0.8090,0.0000,0.5878,0.5878,0.0000,-0.8090),
      ["RightUpperArm"] = CFrame.new(0.0000,0.0000,0.0000,0.8660,-0.5000,0.0000,-0.5000,-0.8660,0.0000,-0.0000,-0.0000,-1.0000),
      ["LeftUpperLeg"] = CFrame.new(0.0000,0.0000,0.0000,0.9659,0.2588,0.0000,-0.0000,0.0000,-1.0000,-0.2588,0.9659,0.0000),
      ["RightUpperLeg"] = CFrame.new(0.0000,0.0000,0.0000,0.9659,-0.2588,0.0000,0.0000,0.0000,-1.0000,0.2588,0.9659,0.0000),
    }},
    {Time = 0.300, Data = {
      ["HumanoidRootPart"] = CFrame.new(0.0000,0.0000,0.0000,1.0000,0.0000,0.0000,0.0000,1.0000,0.0000,0.0000,0.0000,1.0000),
      ["LowerTorso"] = CFrame.new(0.0000,-0.3800,0.0000,1.0000,-0.0000,0.0000,0.0000,1.0000,-0.0000,0.0000,0.0000,1.0000),
      ["UpperTorso"] = CFrame.new(0.0000,0.0000,0.0000,1.0000,0.0000,0.0000,0.0000,1.0000,0.0000,0.0000,0.0000,1.0000),
      ["LeftUpperArm"] = CFrame.new(0.0000,0.0000,0.0000,0.8660,0.5000,0.0000,0.5000,-0.8660,0.0000,0.0000,-0.0000,-1.0000),
      ["Head"] = CFrame.new(-0.5000,-3.0200,0.0000,-0.0000,1.0000,0.0000,0.9511,0.0000,0.3090,0.3090,0.0000,-0.9511),
      ["RightUpperArm"] = CFrame.new(0.0000,0.0000,0.0000,0.8660,-0.5000,0.0000,-0.5000,-0.8660,0.0000,-0.0000,-0.0000,-1.0000),
      ["LeftUpperLeg"] = CFrame.new(0.0000,0.0000,0.0000,0.9659,0.2588,0.0000,-0.0000,0.0000,-1.0000,-0.2588,0.9659,0.0000),
      ["RightUpperLeg"] = CFrame.new(0.0000,0.0000,0.0000,0.9659,-0.2588,0.0000,0.0000,0.0000,-1.0000,0.2588,0.9659,0.0000),
    }},
    {Time = 0.333, Data = {
      ["HumanoidRootPart"] = CFrame.new(0.0000,0.0000,0.0000,1.0000,0.0000,0.0000,0.0000,1.0000,0.0000,0.0000,0.0000,1.0000),
      ["LowerTorso"] = CFrame.new(0.0000,-0.4000,0.0000,1.0000,-0.0000,0.0000,0.0000,1.0000,-0.0000,0.0000,0.0000,1.0000),
      ["UpperTorso"] = CFrame.new(0.0000,0.0000,0.0000,1.0000,0.0000,0.0000,0.0000,1.0000,0.0000,0.0000,0.0000,1.0000),
      ["LeftUpperArm"] = CFrame.new(0.0000,0.0000,0.0000,0.8660,0.5000,0.0000,0.5000,-0.8660,0.0000,0.0000,-0.0000,-1.0000),
      ["Head"] = CFrame.new(-0.5000,-3.0000,0.0000,-0.0000,1.0000,0.0000,1.0000,0.0000,0.0000,0.0000,0.0000,-1.0000),
      ["RightUpperArm"] = CFrame.new(0.0000,0.0000,0.0000,0.8660,-0.5000,0.0000,-0.5000,-0.8660,0.0000,-0.0000,-0.0000,-1.0000),
      ["LeftUpperLeg"] = CFrame.new(0.0000,0.0000,0.0000,0.9659,0.2588,0.0000,-0.0000,0.0000,-1.0000,-0.2588,0.9659,0.0000),
      ["RightUpperLeg"] = CFrame.new(0.0000,0.0000,0.0000,0.9659,-0.2588,0.0000,0.0000,0.0000,-1.0000,0.2588,0.9659,0.0000),
    }},
    {Time = 0.367, Data = {
      ["HumanoidRootPart"] = CFrame.new(0.0000,0.0000,0.0000,1.0000,0.0000,0.0000,0.0000,1.0000,0.0000,0.0000,0.0000,1.0000),
      ["LowerTorso"] = CFrame.new(0.0000,-0.3800,0.0000,1.0000,-0.0000,0.0000,0.0000,1.0000,-0.0000,0.0000,0.0000,1.0000),
      ["UpperTorso"] = CFrame.new(0.0000,0.0000,0.0000,1.0000,0.0000,0.0000,0.0000,1.0000,0.0000,0.0000,0.0000,1.0000),
      ["LeftUpperArm"] = CFrame.new(0.0000,0.0000,0.0000,0.8660,0.5000,0.0000,0.5000,-0.8660,0.0000,0.0000,-0.0000,-1.0000),
      ["Head"] = CFrame.new(-0.5000,-3.0200,0.0000,-0.0000,1.0000,0.0000,0.9511,0.0000,-0.3090,-0.3090,-0.0000,-0.9511),
      ["RightUpperArm"] = CFrame.new(0.0000,0.0000,0.0000,0.8660,-0.5000,0.0000,-0.5000,-0.8660,0.0000,-0.0000,-0.0000,-1.0000),
      ["LeftUpperLeg"] = CFrame.new(0.0000,0.0000,0.0000,0.9659,0.2588,0.0000,-0.0000,0.0000,-1.0000,-0.2588,0.9659,0.0000),
      ["RightUpperLeg"] = CFrame.new(0.0000,0.0000,0.0000,0.9659,-0.2588,0.0000,0.0000,0.0000,-1.0000,0.2588,0.9659,0.0000),
    }},
    {Time = 0.400, Data = {
      ["HumanoidRootPart"] = CFrame.new(0.0000,0.0000,0.0000,1.0000,0.0000,0.0000,0.0000,1.0000,0.0000,0.0000,0.0000,1.0000),
      ["LowerTorso"] = CFrame.new(0.0000,-0.3600,0.0000,1.0000,-0.0000,0.0000,0.0000,1.0000,-0.0000,0.0000,0.0000,1.0000),
      ["UpperTorso"] = CFrame.new(0.0000,0.0000,0.0000,1.0000,0.0000,0.0000,0.0000,1.0000,0.0000,0.0000,0.0000,1.0000),
      ["LeftUpperArm"] = CFrame.new(0.0000,0.0000,0.0000,0.8660,0.5000,0.0000,0.5000,-0.8660,0.0000,0.0000,-0.0000,-1.0000),
      ["Head"] = CFrame.new(-0.5000,-3.0400,0.0000,-0.0000,1.0000,0.0000,0.8090,0.0000,-0.5878,-0.5878,-0.0000,-0.8090),
      ["RightUpperArm"] = CFrame.new(0.0000,0.0000,0.0000,0.8660,-0.5000,0.0000,-0.5000,-0.8660,0.0000,-0.0000,-0.0000,-1.0000),
      ["LeftUpperLeg"] = CFrame.new(0.0000,0.0000,0.0000,0.9659,0.2588,0.0000,-0.0000,0.0000,-1.0000,-0.2588,0.9659,0.0000),
      ["RightUpperLeg"] = CFrame.new(0.0000,0.0000,0.0000,0.9659,-0.2588,0.0000,0.0000,0.0000,-1.0000,0.2588,0.9659,0.0000),
    }},
    {Time = 0.433, Data = {
      ["HumanoidRootPart"] = CFrame.new(0.0000,0.0000,0.0000,1.0000,0.0000,0.0000,0.0000,1.0000,0.0000,0.0000,0.0000,1.0000),
      ["LowerTorso"] = CFrame.new(0.0000,-0.3400,0.0000,1.0000,-0.0000,0.0000,0.0000,1.0000,-0.0000,0.0000,0.0000,1.0000),
      ["UpperTorso"] = CFrame.new(0.0000,0.0000,0.0000,1.0000,0.0000,0.0000,0.0000,1.0000,0.0000,0.0000,0.0000,1.0000),
      ["LeftUpperArm"] = CFrame.new(0.0000,0.0000,0.0000,0.8660,0.5000,0.0000,0.5000,-0.8660,0.0000,0.0000,-0.0000,-1.0000),
      ["Head"] = CFrame.new(-0.5000,-3.0600,0.0000,-0.0000,1.0000,0.0000,0.5878,0.0000,-0.8090,-0.8090,-0.0000,-0.5878),
      ["RightUpperArm"] = CFrame.new(0.0000,0.0000,0.0000,0.8660,-0.5000,0.0000,-0.5000,-0.8660,0.0000,-0.0000,-0.0000,-1.0000),
      ["LeftUpperLeg"] = CFrame.new(0.0000,0.0000,0.0000,0.9659,0.2588,0.0000,-0.0000,0.0000,-1.0000,-0.2588,0.9659,0.0000),
      ["RightUpperLeg"] = CFrame.new(0.0000,0.0000,0.0000,0.9659,-0.2588,0.0000,0.0000,0.0000,-1.0000,0.2588,0.9659,0.0000),
    }},
    {Time = 0.467, Data = {
      ["HumanoidRootPart"] = CFrame.new(0.0000,0.0000,0.0000,1.0000,0.0000,0.0000,0.0000,1.0000,0.0000,0.0000,0.0000,1.0000),
      ["LowerTorso"] = CFrame.new(0.0000,-0.3200,0.0000,1.0000,-0.0000,0.0000,0.0000,1.0000,-0.0000,0.0000,0.0000,1.0000),
      ["UpperTorso"] = CFrame.new(0.0000,0.0000,0.0000,1.0000,0.0000,0.0000,0.0000,1.0000,0.0000,0.0000,0.0000,1.0000),
      ["LeftUpperArm"] = CFrame.new(0.0000,0.0000,0.0000,0.8660,0.5000,0.0000,0.5000,-0.8660,0.0000,0.0000,-0.0000,-1.0000),
      ["Head"] = CFrame.new(-0.5000,-3.0800,0.0000,-0.0000,1.0000,0.0000,0.3090,0.0000,-0.9511,-0.9511,-0.0000,-0.3090),
      ["RightUpperArm"] = CFrame.new(0.0000,0.0000,0.0000,0.8660,-0.5000,0.0000,-0.5000,-0.8660,0.0000,-0.0000,-0.0000,-1.0000),
      ["LeftUpperLeg"] = CFrame.new(0.0000,0.0000,0.0000,0.9659,0.2588,0.0000,-0.0000,0.0000,-1.0000,-0.2588,0.9659,0.0000),
      ["RightUpperLeg"] = CFrame.new(0.0000,0.0000,0.0000,0.9659,-0.2588,0.0000,0.0000,0.0000,-1.0000,0.2588,0.9659,0.0000),
    }},
    {Time = 0.500, Data = {
      ["HumanoidRootPart"] = CFrame.new(0.0000,0.0000,0.0000,1.0000,0.0000,0.0000,0.0000,1.0000,0.0000,0.0000,0.0000,1.0000),
      ["LowerTorso"] = CFrame.new(0.0000,-0.3000,0.0000,1.0000,-0.0000,0.0000,0.0000,1.0000,-0.0000,0.0000,0.0000,1.0000),
      ["UpperTorso"] = CFrame.new(0.0000,0.0000,0.0000,1.0000,0.0000,0.0000,0.0000,1.0000,0.0000,0.0000,0.0000,1.0000),
      ["LeftUpperArm"] = CFrame.new(0.0000,0.0000,0.0000,0.8660,0.5000,0.0000,0.5000,-0.8660,0.0000,0.0000,-0.0000,-1.0000),
      ["Head"] = CFrame.new(-0.5000,-3.1000,0.0000,-0.0000,1.0000,0.0000,0.0000,0.0000,-1.0000,-1.0000,-0.0000,-0.0000),
      ["RightUpperArm"] = CFrame.new(0.0000,0.0000,0.0000,0.8660,-0.5000,0.0000,-0.5000,-0.8660,0.0000,-0.0000,-0.0000,-1.0000),
      ["LeftUpperLeg"] = CFrame.new(0.0000,0.0000,0.0000,0.9659,0.2588,0.0000,-0.0000,0.0000,-1.0000,-0.2588,0.9659,0.0000),
      ["RightUpperLeg"] = CFrame.new(0.0000,0.0000,0.0000,0.9659,-0.2588,0.0000,0.0000,0.0000,-1.0000,0.2588,0.9659,0.0000),
    }},
    {Time = 0.533, Data = {
      ["HumanoidRootPart"] = CFrame.new(0.0000,0.0000,0.0000,1.0000,0.0000,0.0000,0.0000,1.0000,0.0000,0.0000,0.0000,1.0000),
      ["LowerTorso"] = CFrame.new(0.0000,-0.3200,0.0000,1.0000,-0.0000,0.0000,0.0000,1.0000,-0.0000,0.0000,0.0000,1.0000),
      ["UpperTorso"] = CFrame.new(0.0000,0.0000,0.0000,1.0000,0.0000,0.0000,0.0000,1.0000,0.0000,0.0000,0.0000,1.0000),
      ["LeftUpperArm"] = CFrame.new(0.0000,0.0000,0.0000,0.8660,0.5000,0.0000,0.5000,-0.8660,0.0000,0.0000,-0.0000,-1.0000),
      ["Head"] = CFrame.new(-0.5000,-3.0800,0.0000,-0.0000,1.0000,0.0000,-0.3090,-0.0000,-0.9511,-0.9511,-0.0000,0.3090),
      ["RightUpperArm"] = CFrame.new(0.0000,0.0000,0.0000,0.8660,-0.5000,0.0000,-0.5000,-0.8660,0.0000,-0.0000,-0.0000,-1.0000),
      ["LeftUpperLeg"] = CFrame.new(0.0000,0.0000,0.0000,0.9659,0.2588,0.0000,-0.0000,0.0000,-1.0000,-0.2588,0.9659,0.0000),
      ["RightUpperLeg"] = CFrame.new(0.0000,0.0000,0.0000,0.9659,-0.2588,0.0000,0.0000,0.0000,-1.0000,0.2588,0.9659,0.0000),
    }},
    {Time = 0.567, Data = {
      ["HumanoidRootPart"] = CFrame.new(0.0000,0.0000,0.0000,1.0000,0.0000,0.0000,0.0000,1.0000,0.0000,0.0000,0.0000,1.0000),
      ["LowerTorso"] = CFrame.new(0.0000,-0.3400,0.0000,1.0000,-0.0000,0.0000,0.0000,1.0000,-0.0000,0.0000,0.0000,1.0000),
      ["UpperTorso"] = CFrame.new(0.0000,0.0000,0.0000,1.0000,0.0000,0.0000,0.0000,1.0000,0.0000,0.0000,0.0000,1.0000),
      ["LeftUpperArm"] = CFrame.new(0.0000,0.0000,0.0000,0.8660,0.5000,0.0000,0.5000,-0.8660,0.0000,0.0000,-0.0000,-1.0000),
      ["Head"] = CFrame.new(-0.5000,-3.0600,0.0000,-0.0000,1.0000,0.0000,-0.5878,-0.0000,-0.8090,-0.8090,-0.0000,0.5878),
      ["RightUpperArm"] = CFrame.new(0.0000,0.0000,0.0000,0.8660,-0.5000,0.0000,-0.5000,-0.8660,0.0000,-0.0000,-0.0000,-1.0000),
      ["LeftUpperLeg"] = CFrame.new(0.0000,0.0000,0.0000,0.9659,0.2588,0.0000,-0.0000,0.0000,-1.0000,-0.2588,0.9659,0.0000),
      ["RightUpperLeg"] = CFrame.new(0.0000,0.0000,0.0000,0.9659,-0.2588,0.0000,0.0000,0.0000,-1.0000,0.2588,0.9659,0.0000),
    }},
    {Time = 0.600, Data = {
      ["HumanoidRootPart"] = CFrame.new(0.0000,0.0000,0.0000,1.0000,0.0000,0.0000,0.0000,1.0000,0.0000,0.0000,0.0000,1.0000),
      ["LowerTorso"] = CFrame.new(0.0000,-0.3600,0.0000,1.0000,-0.0000,0.0000,0.0000,1.0000,-0.0000,0.0000,0.0000,1.0000),
      ["UpperTorso"] = CFrame.new(0.0000,0.0000,0.0000,1.0000,0.0000,0.0000,0.0000,1.0000,0.0000,0.0000,0.0000,1.0000),
      ["LeftUpperArm"] = CFrame.new(0.0000,0.0000,0.0000,0.8660,0.5000,0.0000,0.5000,-0.8660,0.0000,0.0000,-0.0000,-1.0000),
      ["Head"] = CFrame.new(-0.5000,-3.0400,0.0000,-0.0000,1.0000,0.0000,-0.8090,-0.0000,-0.5878,-0.5878,-0.0000,0.8090),
      ["RightUpperArm"] = CFrame.new(0.0000,0.0000,0.0000,0.8660,-0.5000,0.0000,-0.5000,-0.8660,0.0000,-0.0000,-0.0000,-1.0000),
      ["LeftUpperLeg"] = CFrame.new(0.0000,0.0000,0.0000,0.9659,0.2588,0.0000,-0.0000,0.0000,-1.0000,-0.2588,0.9659,0.0000),
      ["RightUpperLeg"] = CFrame.new(0.0000,0.0000,0.0000,0.9659,-0.2588,0.0000,0.0000,0.0000,-1.0000,0.2588,0.9659,0.0000),
    }},
    {Time = 0.633, Data = {
      ["HumanoidRootPart"] = CFrame.new(0.0000,0.0000,0.0000,1.0000,0.0000,0.0000,0.0000,1.0000,0.0000,0.0000,0.0000,1.0000),
      ["LowerTorso"] = CFrame.new(0.0000,-0.3800,0.0000,1.0000,-0.0000,0.0000,0.0000,1.0000,-0.0000,0.0000,0.0000,1.0000),
      ["UpperTorso"] = CFrame.new(0.0000,0.0000,0.0000,1.0000,0.0000,0.0000,0.0000,1.0000,0.0000,0.0000,0.0000,1.0000),
      ["LeftUpperArm"] = CFrame.new(0.0000,0.0000,0.0000,0.8660,0.5000,0.0000,0.5000,-0.8660,0.0000,0.0000,-0.0000,-1.0000),
      ["Head"] = CFrame.new(-0.5000,-3.0200,0.0000,-0.0000,1.0000,0.0000,-0.9511,-0.0000,-0.3090,-0.3090,-0.0000,0.9511),
      ["RightUpperArm"] = CFrame.new(0.0000,0.0000,0.0000,0.8660,-0.5000,0.0000,-0.5000,-0.8660,0.0000,-0.0000,-0.0000,-1.0000),
      ["LeftUpperLeg"] = CFrame.new(0.0000,0.0000,0.0000,0.9659,0.2588,0.0000,-0.0000,0.0000,-1.0000,-0.2588,0.9659,0.0000),
      ["RightUpperLeg"] = CFrame.new(0.0000,0.0000,0.0000,0.9659,-0.2588,0.0000,0.0000,0.0000,-1.0000,0.2588,0.9659,0.0000),
    }},
    {Time = 0.667, Data = {
      ["HumanoidRootPart"] = CFrame.new(0.0000,0.0000,0.0000,1.0000,0.0000,0.0000,0.0000,1.0000,0.0000,0.0000,0.0000,1.0000),
      ["LowerTorso"] = CFrame.new(0.0000,-0.4000,0.0000,1.0000,-0.0000,0.0000,0.0000,1.0000,-0.0000,0.0000,0.0000,1.0000),
      ["UpperTorso"] = CFrame.new(0.0000,0.0000,0.0000,1.0000,0.0000,0.0000,0.0000,1.0000,0.0000,0.0000,0.0000,1.0000),
      ["LeftUpperArm"] = CFrame.new(0.0000,0.0000,0.0000,0.8660,0.5000,0.0000,0.5000,-0.8660,0.0000,0.0000,-0.0000,-1.0000),
      ["Head"] = CFrame.new(-0.5000,-3.0000,0.0000,-0.0000,1.0000,0.0000,-1.0000,-0.0000,-0.0000,-0.0000,-0.0000,1.0000),
      ["RightUpperArm"] = CFrame.new(0.0000,0.0000,0.0000,0.8660,-0.5000,0.0000,-0.5000,-0.8660,0.0000,-0.0000,-0.0000,-1.0000),
      ["LeftUpperLeg"] = CFrame.new(0.0000,0.0000,0.0000,0.9659,0.2588,0.0000,-0.0000,0.0000,-1.0000,-0.2588,0.9659,0.0000),
      ["RightUpperLeg"] = CFrame.new(0.0000,0.0000,0.0000,0.9659,-0.2588,0.0000,0.0000,0.0000,-1.0000,0.2588,0.9659,0.0000),
    }},
    {Time = 0.700, Data = {
      ["HumanoidRootPart"] = CFrame.new(0.0000,0.0000,0.0000,1.0000,0.0000,0.0000,0.0000,1.0000,0.0000,0.0000,0.0000,1.0000),
      ["LowerTorso"] = CFrame.new(0.0000,-0.3800,0.0000,1.0000,-0.0000,0.0000,0.0000,1.0000,-0.0000,0.0000,0.0000,1.0000),
      ["UpperTorso"] = CFrame.new(0.0000,0.0000,0.0000,1.0000,0.0000,0.0000,0.0000,1.0000,0.0000,0.0000,0.0000,1.0000),
      ["LeftUpperArm"] = CFrame.new(0.0000,0.0000,0.0000,0.8660,0.5000,0.0000,0.5000,-0.8660,0.0000,0.0000,-0.0000,-1.0000),
      ["Head"] = CFrame.new(-0.5000,-3.0200,0.0000,-0.0000,1.0000,0.0000,-0.9511,-0.0000,0.3090,0.3090,0.0000,0.9511),
      ["RightUpperArm"] = CFrame.new(0.0000,0.0000,0.0000,0.8660,-0.5000,0.0000,-0.5000,-0.8660,0.0000,-0.0000,-0.0000,-1.0000),
      ["LeftUpperLeg"] = CFrame.new(0.0000,0.0000,0.0000,0.9659,0.2588,0.0000,-0.0000,0.0000,-1.0000,-0.2588,0.9659,0.0000),
      ["RightUpperLeg"] = CFrame.new(0.0000,0.0000,0.0000,0.9659,-0.2588,0.0000,0.0000,0.0000,-1.0000,0.2588,0.9659,0.0000),
    }},
    {Time = 0.733, Data = {
      ["HumanoidRootPart"] = CFrame.new(0.0000,0.0000,0.0000,1.0000,0.0000,0.0000,0.0000,1.0000,0.0000,0.0000,0.0000,1.0000),
      ["LowerTorso"] = CFrame.new(0.0000,-0.3600,0.0000,1.0000,-0.0000,0.0000,0.0000,1.0000,-0.0000,0.0000,0.0000,1.0000),
      ["UpperTorso"] = CFrame.new(0.0000,0.0000,0.0000,1.0000,0.0000,0.0000,0.0000,1.0000,0.0000,0.0000,0.0000,1.0000),
      ["LeftUpperArm"] = CFrame.new(0.0000,0.0000,0.0000,0.8660,0.5000,0.0000,0.5000,-0.8660,0.0000,0.0000,-0.0000,-1.0000),
      ["Head"] = CFrame.new(-0.5000,-3.0400,0.0000,-0.0000,1.0000,0.0000,-0.8090,-0.0000,0.5878,0.5878,0.0000,0.8090),
      ["RightUpperArm"] = CFrame.new(0.0000,0.0000,0.0000,0.8660,-0.5000,0.0000,-0.5000,-0.8660,0.0000,-0.0000,-0.0000,-1.0000),
      ["LeftUpperLeg"] = CFrame.new(0.0000,0.0000,0.0000,0.9659,0.2588,0.0000,-0.0000,0.0000,-1.0000,-0.2588,0.9659,0.0000),
      ["RightUpperLeg"] = CFrame.new(0.0000,0.0000,0.0000,0.9659,-0.2588,0.0000,0.0000,0.0000,-1.0000,0.2588,0.9659,0.0000),
    }},
    {Time = 0.767, Data = {
      ["HumanoidRootPart"] = CFrame.new(0.0000,0.0000,0.0000,1.0000,0.0000,0.0000,0.0000,1.0000,0.0000,0.0000,0.0000,1.0000),
      ["LowerTorso"] = CFrame.new(0.0000,-0.3400,0.0000,1.0000,-0.0000,0.0000,0.0000,1.0000,-0.0000,0.0000,0.0000,1.0000),
      ["UpperTorso"] = CFrame.new(0.0000,0.0000,0.0000,1.0000,0.0000,0.0000,0.0000,1.0000,0.0000,0.0000,0.0000,1.0000),
      ["LeftUpperArm"] = CFrame.new(0.0000,0.0000,0.0000,0.8660,0.5000,0.0000,0.5000,-0.8660,0.0000,0.0000,-0.0000,-1.0000),
      ["Head"] = CFrame.new(-0.5000,-3.0600,0.0000,-0.0000,1.0000,0.0000,-0.5878,-0.0000,0.8090,0.8090,0.0000,0.5878),
      ["RightUpperArm"] = CFrame.new(0.0000,0.0000,0.0000,0.8660,-0.5000,0.0000,-0.5000,-0.8660,0.0000,-0.0000,-0.0000,-1.0000),
      ["LeftUpperLeg"] = CFrame.new(0.0000,0.0000,0.0000,0.9659,0.2588,0.0000,-0.0000,0.0000,-1.0000,-0.2588,0.9659,0.0000),
      ["RightUpperLeg"] = CFrame.new(0.0000,0.0000,0.0000,0.9659,-0.2588,0.0000,0.0000,0.0000,-1.0000,0.2588,0.9659,0.0000),
    }},
    {Time = 0.800, Data = {
      ["HumanoidRootPart"] = CFrame.new(0.0000,0.0000,0.0000,1.0000,0.0000,0.0000,0.0000,1.0000,0.0000,0.0000,0.0000,1.0000),
      ["LowerTorso"] = CFrame.new(0.0000,-0.3200,0.0000,1.0000,-0.0000,0.0000,0.0000,1.0000,-0.0000,0.0000,0.0000,1.0000),
      ["UpperTorso"] = CFrame.new(0.0000,0.0000,0.0000,1.0000,0.0000,0.0000,0.0000,1.0000,0.0000,0.0000,0.0000,1.0000),
      ["LeftUpperArm"] = CFrame.new(0.0000,0.0000,0.0000,0.8660,0.5000,0.0000,0.5000,-0.8660,0.0000,0.0000,-0.0000,-1.0000),
      ["Head"] = CFrame.new(-0.5000,-3.0800,0.0000,-0.0000,1.0000,0.0000,-0.3090,-0.0000,0.9511,0.9511,0.0000,0.3090),
      ["RightUpperArm"] = CFrame.new(0.0000,0.0000,0.0000,0.8660,-0.5000,0.0000,-0.5000,-0.8660,0.0000,-0.0000,-0.0000,-1.0000),
      ["LeftUpperLeg"] = CFrame.new(0.0000,0.0000,0.0000,0.9659,0.2588,0.0000,-0.0000,0.0000,-1.0000,-0.2588,0.9659,0.0000),
      ["RightUpperLeg"] = CFrame.new(0.0000,0.0000,0.0000,0.9659,-0.2588,0.0000,0.0000,0.0000,-1.0000,0.2588,0.9659,0.0000),
    }},
    {Time = 0.833, Data = {
      ["HumanoidRootPart"] = CFrame.new(0.0000,0.0000,0.0000,1.0000,0.0000,0.0000,0.0000,1.0000,0.0000,0.0000,0.0000,1.0000),
      ["LowerTorso"] = CFrame.new(0.0000,-0.3000,0.0000,1.0000,-0.0000,0.0000,0.0000,1.0000,-0.0000,0.0000,0.0000,1.0000),
      ["UpperTorso"] = CFrame.new(0.0000,0.0000,0.0000,1.0000,0.0000,0.0000,0.0000,1.0000,0.0000,0.0000,0.0000,1.0000),
      ["LeftUpperArm"] = CFrame.new(0.0000,0.0000,0.0000,0.8660,0.5000,0.0000,0.5000,-0.8660,0.0000,0.0000,-0.0000,-1.0000),
      ["Head"] = CFrame.new(-0.5000,-3.1000,0.0000,-0.0000,1.0000,0.0000,-0.0000,-0.0000,1.0000,1.0000,0.0000,0.0000),
      ["RightUpperArm"] = CFrame.new(0.0000,0.0000,0.0000,0.8660,-0.5000,0.0000,-0.5000,-0.8660,0.0000,-0.0000,-0.0000,-1.0000),
      ["LeftUpperLeg"] = CFrame.new(0.0000,0.0000,0.0000,0.9659,0.2588,0.0000,-0.0000,0.0000,-1.0000,-0.2588,0.9659,0.0000),
      ["RightUpperLeg"] = CFrame.new(0.0000,0.0000,0.0000,0.9659,-0.2588,0.0000,0.0000,0.0000,-1.0000,0.2588,0.9659,0.0000),
    }},
    {Time = 0.867, Data = {
      ["HumanoidRootPart"] = CFrame.new(0.0000,0.0000,0.0000,1.0000,0.0000,0.0000,0.0000,1.0000,0.0000,0.0000,0.0000,1.0000),
      ["LowerTorso"] = CFrame.new(0.0000,-0.3200,0.0000,1.0000,-0.0000,0.0000,0.0000,1.0000,-0.0000,0.0000,0.0000,1.0000),
      ["UpperTorso"] = CFrame.new(0.0000,0.0000,0.0000,1.0000,0.0000,0.0000,0.0000,1.0000,0.0000,0.0000,0.0000,1.0000),
      ["LeftUpperArm"] = CFrame.new(0.0000,0.0000,0.0000,0.8660,0.5000,0.0000,0.5000,-0.8660,0.0000,0.0000,-0.0000,-1.0000),
      ["Head"] = CFrame.new(-0.5000,-3.0800,0.0000,-0.0000,1.0000,0.0000,0.3090,0.0000,0.9511,0.9511,0.0000,-0.3090),
      ["RightUpperArm"] = CFrame.new(0.0000,0.0000,0.0000,0.8660,-0.5000,0.0000,-0.5000,-0.8660,0.0000,-0.0000,-0.0000,-1.0000),
      ["LeftUpperLeg"] = CFrame.new(0.0000,0.0000,0.0000,0.9659,0.2588,0.0000,-0.0000,0.0000,-1.0000,-0.2588,0.9659,0.0000),
      ["RightUpperLeg"] = CFrame.new(0.0000,0.0000,0.0000,0.9659,-0.2588,0.0000,0.0000,0.0000,-1.0000,0.2588,0.9659,0.0000),
    }},
    {Time = 0.900, Data = {
      ["HumanoidRootPart"] = CFrame.new(0.0000,0.0000,0.0000,1.0000,0.0000,0.0000,0.0000,1.0000,0.0000,0.0000,0.0000,1.0000),
      ["LowerTorso"] = CFrame.new(0.0000,-0.3400,0.0000,1.0000,-0.0000,0.0000,0.0000,1.0000,-0.0000,0.0000,0.0000,1.0000),
      ["UpperTorso"] = CFrame.new(0.0000,0.0000,0.0000,1.0000,0.0000,0.0000,0.0000,1.0000,0.0000,0.0000,0.0000,1.0000),
      ["LeftUpperArm"] = CFrame.new(0.0000,0.0000,0.0000,0.8660,0.5000,0.0000,0.5000,-0.8660,0.0000,0.0000,-0.0000,-1.0000),
      ["Head"] = CFrame.new(-0.5000,-3.0600,0.0000,-0.0000,1.0000,0.0000,0.5878,0.0000,0.8090,0.8090,0.0000,-0.5878),
      ["RightUpperArm"] = CFrame.new(0.0000,0.0000,0.0000,0.8660,-0.5000,0.0000,-0.5000,-0.8660,0.0000,-0.0000,-0.0000,-1.0000),
      ["LeftUpperLeg"] = CFrame.new(0.0000,0.0000,0.0000,0.9659,0.2588,0.0000,-0.0000,0.0000,-1.0000,-0.2588,0.9659,0.0000),
      ["RightUpperLeg"] = CFrame.new(0.0000,0.0000,0.0000,0.9659,-0.2588,0.0000,0.0000,0.0000,-1.0000,0.2588,0.9659,0.0000),
    }},
    {Time = 0.933, Data = {
      ["HumanoidRootPart"] = CFrame.new(0.0000,0.0000,0.0000,1.0000,0.0000,0.0000,0.0000,1.0000,0.0000,0.0000,0.0000,1.0000),
      ["LowerTorso"] = CFrame.new(0.0000,-0.3600,0.0000,1.0000,-0.0000,0.0000,0.0000,1.0000,-0.0000,0.0000,0.0000,1.0000),
      ["UpperTorso"] = CFrame.new(0.0000,0.0000,0.0000,1.0000,0.0000,0.0000,0.0000,1.0000,0.0000,0.0000,0.0000,1.0000),
      ["LeftUpperArm"] = CFrame.new(0.0000,0.0000,0.0000,0.8660,0.5000,0.0000,0.5000,-0.8660,0.0000,0.0000,-0.0000,-1.0000),
      ["Head"] = CFrame.new(-0.5000,-3.0400,0.0000,-0.0000,1.0000,0.0000,0.8090,0.0000,0.5878,0.5878,0.0000,-0.8090),
      ["RightUpperArm"] = CFrame.new(0.0000,0.0000,0.0000,0.8660,-0.5000,0.0000,-0.5000,-0.8660,0.0000,-0.0000,-0.0000,-1.0000),
      ["LeftUpperLeg"] = CFrame.new(0.0000,0.0000,0.0000,0.9659,0.2588,0.0000,-0.0000,0.0000,-1.0000,-0.2588,0.9659,0.0000),
      ["RightUpperLeg"] = CFrame.new(0.0000,0.0000,0.0000,0.9659,-0.2588,0.0000,0.0000,0.0000,-1.0000,0.2588,0.9659,0.0000),
    }},
    {Time = 0.967, Data = {
      ["HumanoidRootPart"] = CFrame.new(0.0000,0.0000,0.0000,1.0000,0.0000,0.0000,0.0000,1.0000,0.0000,0.0000,0.0000,1.0000),
      ["LowerTorso"] = CFrame.new(0.0000,-0.3800,0.0000,1.0000,-0.0000,0.0000,0.0000,1.0000,-0.0000,0.0000,0.0000,1.0000),
      ["UpperTorso"] = CFrame.new(0.0000,0.0000,0.0000,1.0000,0.0000,0.0000,0.0000,1.0000,0.0000,0.0000,0.0000,1.0000),
      ["LeftUpperArm"] = CFrame.new(0.0000,0.0000,0.0000,0.8660,0.5000,0.0000,0.5000,-0.8660,0.0000,0.0000,-0.0000,-1.0000),
      ["Head"] = CFrame.new(-0.5000,-3.0200,0.0000,-0.0000,1.0000,0.0000,0.9511,0.0000,0.3090,0.3090,0.0000,-0.9511),
      ["RightUpperArm"] = CFrame.new(0.0000,0.0000,0.0000,0.8660,-0.5000,0.0000,-0.5000,-0.8660,0.0000,-0.0000,-0.0000,-1.0000),
      ["LeftUpperLeg"] = CFrame.new(0.0000,0.0000,0.0000,0.9659,0.2588,0.0000,-0.0000,0.0000,-1.0000,-0.2588,0.9659,0.0000),
      ["RightUpperLeg"] = CFrame.new(0.0000,0.0000,0.0000,0.9659,-0.2588,0.0000,0.0000,0.0000,-1.0000,0.2588,0.9659,0.0000),
    }},
    {Time = 1.000, Data = {
      ["HumanoidRootPart"] = CFrame.new(0.0000,0.0000,0.0000,1.0000,0.0000,0.0000,0.0000,1.0000,0.0000,0.0000,0.0000,1.0000),
      ["LowerTorso"] = CFrame.new(0.0000,-0.4000,0.0000,1.0000,-0.0000,0.0000,0.0000,1.0000,-0.0000,0.0000,0.0000,1.0000),
      ["UpperTorso"] = CFrame.new(0.0000,0.0000,0.0000,1.0000,0.0000,0.0000,0.0000,1.0000,0.0000,0.0000,0.0000,1.0000),
      ["LeftUpperArm"] = CFrame.new(0.0000,0.0000,0.0000,0.8660,0.5000,0.0000,0.5000,-0.8660,0.0000,0.0000,-0.0000,-1.0000),
      ["Head"] = CFrame.new(-0.5000,-3.0000,0.0000,-0.0000,1.0000,0.0000,1.0000,0.0000,0.0000,0.0000,0.0000,-1.0000),
      ["RightUpperArm"] = CFrame.new(0.0000,0.0000,0.0000,0.8660,-0.5000,0.0000,-0.5000,-0.8660,0.0000,-0.0000,-0.0000,-1.0000),
      ["LeftUpperLeg"] = CFrame.new(0.0000,0.0000,0.0000,0.9659,0.2588,0.0000,-0.0000,0.0000,-1.0000,-0.2588,0.9659,0.0000),
      ["RightUpperLeg"] = CFrame.new(0.0000,0.0000,0.0000,0.9659,-0.2588,0.0000,0.0000,0.0000,-1.0000,0.2588,0.9659,0.0000),
    }},
    {Time = 1.033, Data = {
      ["HumanoidRootPart"] = CFrame.new(0.0000,0.0000,0.0000,1.0000,0.0000,0.0000,0.0000,1.0000,0.0000,0.0000,0.0000,1.0000),
      ["LowerTorso"] = CFrame.new(0.0000,-0.3800,0.0000,1.0000,-0.0000,0.0000,0.0000,1.0000,-0.0000,0.0000,0.0000,1.0000),
      ["UpperTorso"] = CFrame.new(0.0000,0.0000,0.0000,1.0000,0.0000,0.0000,0.0000,1.0000,0.0000,0.0000,0.0000,1.0000),
      ["LeftUpperArm"] = CFrame.new(0.0000,0.0000,0.0000,0.8660,0.5000,0.0000,0.5000,-0.8660,0.0000,0.0000,-0.0000,-1.0000),
      ["Head"] = CFrame.new(-0.5000,-3.0200,0.0000,-0.0000,1.0000,0.0000,0.9511,0.0000,-0.3090,-0.3090,-0.0000,-0.9511),
      ["RightUpperArm"] = CFrame.new(0.0000,0.0000,0.0000,0.8660,-0.5000,0.0000,-0.5000,-0.8660,0.0000,-0.0000,-0.0000,-1.0000),
      ["LeftUpperLeg"] = CFrame.new(0.0000,0.0000,0.0000,0.9659,0.2588,0.0000,-0.0000,0.0000,-1.0000,-0.2588,0.9659,0.0000),
      ["RightUpperLeg"] = CFrame.new(0.0000,0.0000,0.0000,0.9659,-0.2588,0.0000,0.0000,0.0000,-1.0000,0.2588,0.9659,0.0000),
    }},
    {Time = 1.067, Data = {
      ["HumanoidRootPart"] = CFrame.new(0.0000,0.0000,0.0000,1.0000,0.0000,0.0000,0.0000,1.0000,0.0000,0.0000,0.0000,1.0000),
      ["LowerTorso"] = CFrame.new(0.0000,-0.3600,0.0000,1.0000,-0.0000,0.0000,0.0000,1.0000,-0.0000,0.0000,0.0000,1.0000),
      ["UpperTorso"] = CFrame.new(0.0000,0.0000,0.0000,1.0000,0.0000,0.0000,0.0000,1.0000,0.0000,0.0000,0.0000,1.0000),
      ["LeftUpperArm"] = CFrame.new(0.0000,0.0000,0.0000,0.8660,0.5000,0.0000,0.5000,-0.8660,0.0000,0.0000,-0.0000,-1.0000),
      ["Head"] = CFrame.new(-0.5000,-3.0400,0.0000,-0.0000,1.0000,0.0000,0.8090,0.0000,-0.5878,-0.5878,-0.0000,-0.8090),
      ["RightUpperArm"] = CFrame.new(0.0000,0.0000,0.0000,0.8660,-0.5000,0.0000,-0.5000,-0.8660,0.0000,-0.0000,-0.0000,-1.0000),
      ["LeftUpperLeg"] = CFrame.new(0.0000,0.0000,0.0000,0.9659,0.2588,0.0000,-0.0000,0.0000,-1.0000,-0.2588,0.9659,0.0000),
      ["RightUpperLeg"] = CFrame.new(0.0000,0.0000,0.0000,0.9659,-0.2588,0.0000,0.0000,0.0000,-1.0000,0.2588,0.9659,0.0000),
    }},
    {Time = 1.100, Data = {
      ["HumanoidRootPart"] = CFrame.new(0.0000,0.0000,0.0000,1.0000,0.0000,0.0000,0.0000,1.0000,0.0000,0.0000,0.0000,1.0000),
      ["LowerTorso"] = CFrame.new(0.0000,-0.3400,0.0000,1.0000,-0.0000,0.0000,0.0000,1.0000,-0.0000,0.0000,0.0000,1.0000),
      ["UpperTorso"] = CFrame.new(0.0000,0.0000,0.0000,1.0000,0.0000,0.0000,0.0000,1.0000,0.0000,0.0000,0.0000,1.0000),
      ["LeftUpperArm"] = CFrame.new(0.0000,0.0000,0.0000,0.8660,0.5000,0.0000,0.5000,-0.8660,0.0000,0.0000,-0.0000,-1.0000),
      ["Head"] = CFrame.new(-0.5000,-3.0600,0.0000,-0.0000,1.0000,0.0000,0.5878,0.0000,-0.8090,-0.8090,-0.0000,-0.5878),
      ["RightUpperArm"] = CFrame.new(0.0000,0.0000,0.0000,0.8660,-0.5000,0.0000,-0.5000,-0.8660,0.0000,-0.0000,-0.0000,-1.0000),
      ["LeftUpperLeg"] = CFrame.new(0.0000,0.0000,0.0000,0.9659,0.2588,0.0000,-0.0000,0.0000,-1.0000,-0.2588,0.9659,0.0000),
      ["RightUpperLeg"] = CFrame.new(0.0000,0.0000,0.0000,0.9659,-0.2588,0.0000,0.0000,0.0000,-1.0000,0.2588,0.9659,0.0000),
    }},
    {Time = 1.133, Data = {
      ["HumanoidRootPart"] = CFrame.new(0.0000,0.0000,0.0000,1.0000,0.0000,0.0000,0.0000,1.0000,0.0000,0.0000,0.0000,1.0000),
      ["LowerTorso"] = CFrame.new(0.0000,-0.3200,0.0000,1.0000,-0.0000,0.0000,0.0000,1.0000,-0.0000,0.0000,0.0000,1.0000),
      ["UpperTorso"] = CFrame.new(0.0000,0.0000,0.0000,1.0000,0.0000,0.0000,0.0000,1.0000,0.0000,0.0000,0.0000,1.0000),
      ["LeftUpperArm"] = CFrame.new(0.0000,0.0000,0.0000,0.8660,0.5000,0.0000,0.5000,-0.8660,0.0000,0.0000,-0.0000,-1.0000),
      ["Head"] = CFrame.new(-0.5000,-3.0800,0.0000,-0.0000,1.0000,0.0000,0.3090,0.0000,-0.9511,-0.9511,-0.0000,-0.3090),
      ["RightUpperArm"] = CFrame.new(0.0000,0.0000,0.0000,0.8660,-0.5000,0.0000,-0.5000,-0.8660,0.0000,-0.0000,-0.0000,-1.0000),
      ["LeftUpperLeg"] = CFrame.new(0.0000,0.0000,0.0000,0.9659,0.2588,0.0000,-0.0000,0.0000,-1.0000,-0.2588,0.9659,0.0000),
      ["RightUpperLeg"] = CFrame.new(0.0000,0.0000,0.0000,0.9659,-0.2588,0.0000,0.0000,0.0000,-1.0000,0.2588,0.9659,0.0000),
    }},
    {Time = 1.167, Data = {
      ["HumanoidRootPart"] = CFrame.new(0.0000,0.0000,0.0000,1.0000,0.0000,0.0000,0.0000,1.0000,0.0000,0.0000,0.0000,1.0000),
      ["LowerTorso"] = CFrame.new(0.0000,-0.3000,0.0000,1.0000,-0.0000,0.0000,0.0000,1.0000,-0.0000,0.0000,0.0000,1.0000),
      ["UpperTorso"] = CFrame.new(0.0000,0.0000,0.0000,1.0000,0.0000,0.0000,0.0000,1.0000,0.0000,0.0000,0.0000,1.0000),
      ["LeftUpperArm"] = CFrame.new(0.0000,0.0000,0.0000,0.8660,0.5000,0.0000,0.5000,-0.8660,0.0000,0.0000,-0.0000,-1.0000),
      ["Head"] = CFrame.new(-0.5000,-3.1000,0.0000,-0.0000,1.0000,0.0000,0.0000,0.0000,-1.0000,-1.0000,-0.0000,-0.0000),
      ["RightUpperArm"] = CFrame.new(0.0000,0.0000,0.0000,0.8660,-0.5000,0.0000,-0.5000,-0.8660,0.0000,-0.0000,-0.0000,-1.0000),
      ["LeftUpperLeg"] = CFrame.new(0.0000,0.0000,0.0000,0.9659,0.2588,0.0000,-0.0000,0.0000,-1.0000,-0.2588,0.9659,0.0000),
      ["RightUpperLeg"] = CFrame.new(0.0000,0.0000,0.0000,0.9659,-0.2588,0.0000,0.0000,0.0000,-1.0000,0.2588,0.9659,0.0000),
    }},
    {Time = 1.200, Data = {
      ["HumanoidRootPart"] = CFrame.new(0.0000,0.0000,0.0000,1.0000,0.0000,0.0000,0.0000,1.0000,0.0000,0.0000,0.0000,1.0000),
      ["LowerTorso"] = CFrame.new(0.0000,-0.3200,0.0000,1.0000,-0.0000,0.0000,0.0000,1.0000,-0.0000,0.0000,0.0000,1.0000),
      ["UpperTorso"] = CFrame.new(0.0000,0.0000,0.0000,1.0000,0.0000,0.0000,0.0000,1.0000,0.0000,0.0000,0.0000,1.0000),
      ["LeftUpperArm"] = CFrame.new(0.0000,0.0000,0.0000,0.8660,0.5000,0.0000,0.5000,-0.8660,0.0000,0.0000,-0.0000,-1.0000),
      ["Head"] = CFrame.new(-0.5000,-3.0800,0.0000,-0.0000,1.0000,0.0000,-0.3090,-0.0000,-0.9511,-0.9511,-0.0000,0.3090),
      ["RightUpperArm"] = CFrame.new(0.0000,0.0000,0.0000,0.8660,-0.5000,0.0000,-0.5000,-0.8660,0.0000,-0.0000,-0.0000,-1.0000),
      ["LeftUpperLeg"] = CFrame.new(0.0000,0.0000,0.0000,0.9659,0.2588,0.0000,-0.0000,0.0000,-1.0000,-0.2588,0.9659,0.0000),
      ["RightUpperLeg"] = CFrame.new(0.0000,0.0000,0.0000,0.9659,-0.2588,0.0000,0.0000,0.0000,-1.0000,0.2588,0.9659,0.0000),
    }},
    {Time = 1.233, Data = {
      ["HumanoidRootPart"] = CFrame.new(0.0000,0.0000,0.0000,1.0000,0.0000,0.0000,0.0000,1.0000,0.0000,0.0000,0.0000,1.0000),
      ["LowerTorso"] = CFrame.new(0.0000,-0.3400,0.0000,1.0000,-0.0000,0.0000,0.0000,1.0000,-0.0000,0.0000,0.0000,1.0000),
      ["UpperTorso"] = CFrame.new(0.0000,0.0000,0.0000,1.0000,0.0000,0.0000,0.0000,1.0000,0.0000,0.0000,0.0000,1.0000),
      ["LeftUpperArm"] = CFrame.new(0.0000,0.0000,0.0000,0.8660,0.5000,0.0000,0.5000,-0.8660,0.0000,0.0000,-0.0000,-1.0000),
      ["Head"] = CFrame.new(-0.5000,-3.0600,0.0000,-0.0000,1.0000,0.0000,-0.5878,-0.0000,-0.8090,-0.8090,-0.0000,0.5878),
      ["RightUpperArm"] = CFrame.new(0.0000,0.0000,0.0000,0.8660,-0.5000,0.0000,-0.5000,-0.8660,0.0000,-0.0000,-0.0000,-1.0000),
      ["LeftUpperLeg"] = CFrame.new(0.0000,0.0000,0.0000,0.9659,0.2588,0.0000,-0.0000,0.0000,-1.0000,-0.2588,0.9659,0.0000),
      ["RightUpperLeg"] = CFrame.new(0.0000,0.0000,0.0000,0.9659,-0.2588,0.0000,0.0000,0.0000,-1.0000,0.2588,0.9659,0.0000),
    }},
    {Time = 1.267, Data = {
      ["HumanoidRootPart"] = CFrame.new(0.0000,0.0000,0.0000,1.0000,0.0000,0.0000,0.0000,1.0000,0.0000,0.0000,0.0000,1.0000),
      ["LowerTorso"] = CFrame.new(0.0000,-0.3600,0.0000,1.0000,-0.0000,0.0000,0.0000,1.0000,-0.0000,0.0000,0.0000,1.0000),
      ["UpperTorso"] = CFrame.new(0.0000,0.0000,0.0000,1.0000,0.0000,0.0000,0.0000,1.0000,0.0000,0.0000,0.0000,1.0000),
      ["LeftUpperArm"] = CFrame.new(0.0000,0.0000,0.0000,0.8660,0.5000,0.0000,0.5000,-0.8660,0.0000,0.0000,-0.0000,-1.0000),
      ["Head"] = CFrame.new(-0.5000,-3.0400,0.0000,-0.0000,1.0000,0.0000,-0.8090,-0.0000,-0.5878,-0.5878,-0.0000,0.8090),
      ["RightUpperArm"] = CFrame.new(0.0000,0.0000,0.0000,0.8660,-0.5000,0.0000,-0.5000,-0.8660,0.0000,-0.0000,-0.0000,-1.0000),
      ["LeftUpperLeg"] = CFrame.new(0.0000,0.0000,0.0000,0.9659,0.2588,0.0000,-0.0000,0.0000,-1.0000,-0.2588,0.9659,0.0000),
      ["RightUpperLeg"] = CFrame.new(0.0000,0.0000,0.0000,0.9659,-0.2588,0.0000,0.0000,0.0000,-1.0000,0.2588,0.9659,0.0000),
    }},
    {Time = 1.300, Data = {
      ["HumanoidRootPart"] = CFrame.new(0.0000,0.0000,0.0000,1.0000,0.0000,0.0000,0.0000,1.0000,0.0000,0.0000,0.0000,1.0000),
      ["LowerTorso"] = CFrame.new(0.0000,-0.3800,0.0000,1.0000,-0.0000,0.0000,0.0000,1.0000,-0.0000,0.0000,0.0000,1.0000),
      ["UpperTorso"] = CFrame.new(0.0000,0.0000,0.0000,1.0000,0.0000,0.0000,0.0000,1.0000,0.0000,0.0000,0.0000,1.0000),
      ["LeftUpperArm"] = CFrame.new(0.0000,0.0000,0.0000,0.8660,0.5000,0.0000,0.5000,-0.8660,0.0000,0.0000,-0.0000,-1.0000),
      ["Head"] = CFrame.new(-0.5000,-3.0200,0.0000,-0.0000,1.0000,0.0000,-0.9511,-0.0000,-0.3090,-0.3090,-0.0000,0.9511),
      ["RightUpperArm"] = CFrame.new(0.0000,0.0000,0.0000,0.8660,-0.5000,0.0000,-0.5000,-0.8660,0.0000,-0.0000,-0.0000,-1.0000),
      ["LeftUpperLeg"] = CFrame.new(0.0000,0.0000,0.0000,0.9659,0.2588,0.0000,-0.0000,0.0000,-1.0000,-0.2588,0.9659,0.0000),
      ["RightUpperLeg"] = CFrame.new(0.0000,0.0000,0.0000,0.9659,-0.2588,0.0000,0.0000,0.0000,-1.0000,0.2588,0.9659,0.0000),
    }},
    {Time = 1.333, Data = {
      ["HumanoidRootPart"] = CFrame.new(0.0000,0.0000,0.0000,1.0000,0.0000,0.0000,0.0000,1.0000,0.0000,0.0000,0.0000,1.0000),
      ["LowerTorso"] = CFrame.new(0.0000,-0.4000,0.0000,1.0000,-0.0000,0.0000,0.0000,1.0000,-0.0000,0.0000,0.0000,1.0000),
      ["UpperTorso"] = CFrame.new(0.0000,0.0000,0.0000,1.0000,0.0000,0.0000,0.0000,1.0000,0.0000,0.0000,0.0000,1.0000),
      ["LeftUpperArm"] = CFrame.new(0.0000,0.0000,0.0000,0.8660,0.5000,0.0000,0.5000,-0.8660,0.0000,0.0000,-0.0000,-1.0000),
      ["Head"] = CFrame.new(-0.5000,-3.0000,0.0000,-0.0000,1.0000,0.0000,-1.0000,-0.0000,-0.0000,-0.0000,-0.0000,1.0000),
      ["RightUpperArm"] = CFrame.new(0.0000,0.0000,0.0000,0.8660,-0.5000,0.0000,-0.5000,-0.8660,0.0000,-0.0000,-0.0000,-1.0000),
      ["LeftUpperLeg"] = CFrame.new(0.0000,0.0000,0.0000,0.9659,0.2588,0.0000,-0.0000,0.0000,-1.0000,-0.2588,0.9659,0.0000),
      ["RightUpperLeg"] = CFrame.new(0.0000,0.0000,0.0000,0.9659,-0.2588,0.0000,0.0000,0.0000,-1.0000,0.2588,0.9659,0.0000),
    }},
    {Time = 1.367, Data = {
      ["HumanoidRootPart"] = CFrame.new(0.0000,0.0000,0.0000,1.0000,0.0000,0.0000,0.0000,1.0000,0.0000,0.0000,0.0000,1.0000),
      ["LowerTorso"] = CFrame.new(0.0000,-0.3800,0.0000,1.0000,-0.0000,0.0000,0.0000,1.0000,-0.0000,0.0000,0.0000,1.0000),
      ["UpperTorso"] = CFrame.new(0.0000,0.0000,0.0000,1.0000,0.0000,0.0000,0.0000,1.0000,0.0000,0.0000,0.0000,1.0000),
      ["LeftUpperArm"] = CFrame.new(0.0000,0.0000,0.0000,0.8660,0.5000,0.0000,0.5000,-0.8660,0.0000,0.0000,-0.0000,-1.0000),
      ["Head"] = CFrame.new(-0.5000,-3.0200,0.0000,-0.0000,1.0000,0.0000,-0.9511,-0.0000,0.3090,0.3090,0.0000,0.9511),
      ["RightUpperArm"] = CFrame.new(0.0000,0.0000,0.0000,0.8660,-0.5000,0.0000,-0.5000,-0.8660,0.0000,-0.0000,-0.0000,-1.0000),
      ["LeftUpperLeg"] = CFrame.new(0.0000,0.0000,0.0000,0.9659,0.2588,0.0000,-0.0000,0.0000,-1.0000,-0.2588,0.9659,0.0000),
      ["RightUpperLeg"] = CFrame.new(0.0000,0.0000,0.0000,0.9659,-0.2588,0.0000,0.0000,0.0000,-1.0000,0.2588,0.9659,0.0000),
    }},
    {Time = 1.400, Data = {
      ["HumanoidRootPart"] = CFrame.new(0.0000,0.0000,0.0000,1.0000,0.0000,0.0000,0.0000,1.0000,0.0000,0.0000,0.0000,1.0000),
      ["LowerTorso"] = CFrame.new(0.0000,-0.3600,0.0000,1.0000,-0.0000,0.0000,0.0000,1.0000,-0.0000,0.0000,0.0000,1.0000),
      ["UpperTorso"] = CFrame.new(0.0000,0.0000,0.0000,1.0000,0.0000,0.0000,0.0000,1.0000,0.0000,0.0000,0.0000,1.0000),
      ["LeftUpperArm"] = CFrame.new(0.0000,0.0000,0.0000,0.8660,0.5000,0.0000,0.5000,-0.8660,0.0000,0.0000,-0.0000,-1.0000),
      ["Head"] = CFrame.new(-0.5000,-3.0400,0.0000,-0.0000,1.0000,0.0000,-0.8090,-0.0000,0.5878,0.5878,0.0000,0.8090),
      ["RightUpperArm"] = CFrame.new(0.0000,0.0000,0.0000,0.8660,-0.5000,0.0000,-0.5000,-0.8660,0.0000,-0.0000,-0.0000,-1.0000),
      ["LeftUpperLeg"] = CFrame.new(0.0000,0.0000,0.0000,0.9659,0.2588,0.0000,-0.0000,0.0000,-1.0000,-0.2588,0.9659,0.0000),
      ["RightUpperLeg"] = CFrame.new(0.0000,0.0000,0.0000,0.9659,-0.2588,0.0000,0.0000,0.0000,-1.0000,0.2588,0.9659,0.0000),
    }},
    {Time = 1.433, Data = {
      ["HumanoidRootPart"] = CFrame.new(0.0000,0.0000,0.0000,1.0000,0.0000,0.0000,0.0000,1.0000,0.0000,0.0000,0.0000,1.0000),
      ["LowerTorso"] = CFrame.new(0.0000,-0.3400,0.0000,1.0000,-0.0000,0.0000,0.0000,1.0000,-0.0000,0.0000,0.0000,1.0000),
      ["UpperTorso"] = CFrame.new(0.0000,0.0000,0.0000,1.0000,0.0000,0.0000,0.0000,1.0000,0.0000,0.0000,0.0000,1.0000),
      ["LeftUpperArm"] = CFrame.new(0.0000,0.0000,0.0000,0.8660,0.5000,0.0000,0.5000,-0.8660,0.0000,0.0000,-0.0000,-1.0000),
      ["Head"] = CFrame.new(-0.5000,-3.0600,0.0000,-0.0000,1.0000,0.0000,-0.5878,-0.0000,0.8090,0.8090,0.0000,0.5878),
      ["RightUpperArm"] = CFrame.new(0.0000,0.0000,0.0000,0.8660,-0.5000,0.0000,-0.5000,-0.8660,0.0000,-0.0000,-0.0000,-1.0000),
      ["LeftUpperLeg"] = CFrame.new(0.0000,0.0000,0.0000,0.9659,0.2588,0.0000,-0.0000,0.0000,-1.0000,-0.2588,0.9659,0.0000),
      ["RightUpperLeg"] = CFrame.new(0.0000,0.0000,0.0000,0.9659,-0.2588,0.0000,0.0000,0.0000,-1.0000,0.2588,0.9659,0.0000),
    }},
    {Time = 1.467, Data = {
      ["HumanoidRootPart"] = CFrame.new(0.0000,0.0000,0.0000,1.0000,0.0000,0.0000,0.0000,1.0000,0.0000,0.0000,0.0000,1.0000),
      ["LowerTorso"] = CFrame.new(0.0000,-0.3200,0.0000,1.0000,-0.0000,0.0000,0.0000,1.0000,-0.0000,0.0000,0.0000,1.0000),
      ["UpperTorso"] = CFrame.new(0.0000,0.0000,0.0000,1.0000,0.0000,0.0000,0.0000,1.0000,0.0000,0.0000,0.0000,1.0000),
      ["LeftUpperArm"] = CFrame.new(0.0000,0.0000,0.0000,0.8660,0.5000,0.0000,0.5000,-0.8660,0.0000,0.0000,-0.0000,-1.0000),
      ["Head"] = CFrame.new(-0.5000,-3.0800,0.0000,-0.0000,1.0000,0.0000,-0.3090,-0.0000,0.9511,0.9511,0.0000,0.3090),
      ["RightUpperArm"] = CFrame.new(0.0000,0.0000,0.0000,0.8660,-0.5000,0.0000,-0.5000,-0.8660,0.0000,-0.0000,-0.0000,-1.0000),
      ["LeftUpperLeg"] = CFrame.new(0.0000,0.0000,0.0000,0.9659,0.2588,0.0000,-0.0000,0.0000,-1.0000,-0.2588,0.9659,0.0000),
      ["RightUpperLeg"] = CFrame.new(0.0000,0.0000,0.0000,0.9659,-0.2588,0.0000,0.0000,0.0000,-1.0000,0.2588,0.9659,0.0000),
    }},
    {Time = 1.500, Data = {
      ["HumanoidRootPart"] = CFrame.new(0.0000,0.0000,0.0000,1.0000,0.0000,0.0000,0.0000,1.0000,0.0000,0.0000,0.0000,1.0000),
      ["LowerTorso"] = CFrame.new(0.0000,-0.3000,0.0000,1.0000,-0.0000,0.0000,0.0000,1.0000,-0.0000,0.0000,0.0000,1.0000),
      ["UpperTorso"] = CFrame.new(0.0000,0.0000,0.0000,1.0000,0.0000,0.0000,0.0000,1.0000,0.0000,0.0000,0.0000,1.0000),
      ["LeftUpperArm"] = CFrame.new(0.0000,0.0000,0.0000,0.8660,0.5000,0.0000,0.5000,-0.8660,0.0000,0.0000,-0.0000,-1.0000),
      ["Head"] = CFrame.new(-0.5000,-3.1000,0.0000,-0.0000,1.0000,0.0000,-0.0000,-0.0000,1.0000,1.0000,0.0000,0.0000),
      ["RightUpperArm"] = CFrame.new(0.0000,0.0000,0.0000,0.8660,-0.5000,0.0000,-0.5000,-0.8660,0.0000,-0.0000,-0.0000,-1.0000),
      ["LeftUpperLeg"] = CFrame.new(0.0000,0.0000,0.0000,0.9659,0.2588,0.0000,-0.0000,0.0000,-1.0000,-0.2588,0.9659,0.0000),
      ["RightUpperLeg"] = CFrame.new(0.0000,0.0000,0.0000,0.9659,-0.2588,0.0000,0.0000,0.0000,-1.0000,0.2588,0.9659,0.0000),
    }},
    {Time = 1.533, Data = {
      ["HumanoidRootPart"] = CFrame.new(0.0000,0.0000,0.0000,1.0000,0.0000,0.0000,0.0000,1.0000,0.0000,0.0000,0.0000,1.0000),
      ["LowerTorso"] = CFrame.new(0.0000,-0.3200,0.0000,1.0000,-0.0000,0.0000,0.0000,1.0000,-0.0000,0.0000,0.0000,1.0000),
      ["UpperTorso"] = CFrame.new(0.0000,0.0000,0.0000,1.0000,0.0000,0.0000,0.0000,1.0000,0.0000,0.0000,0.0000,1.0000),
      ["LeftUpperArm"] = CFrame.new(0.0000,0.0000,0.0000,0.8660,0.5000,0.0000,0.5000,-0.8660,0.0000,0.0000,-0.0000,-1.0000),
      ["Head"] = CFrame.new(-0.5000,-3.0800,0.0000,-0.0000,1.0000,0.0000,0.3090,0.0000,0.9511,0.9511,0.0000,-0.3090),
      ["RightUpperArm"] = CFrame.new(0.0000,0.0000,0.0000,0.8660,-0.5000,0.0000,-0.5000,-0.8660,0.0000,-0.0000,-0.0000,-1.0000),
      ["LeftUpperLeg"] = CFrame.new(0.0000,0.0000,0.0000,0.9659,0.2588,0.0000,-0.0000,0.0000,-1.0000,-0.2588,0.9659,0.0000),
      ["RightUpperLeg"] = CFrame.new(0.0000,0.0000,0.0000,0.9659,-0.2588,0.0000,0.0000,0.0000,-1.0000,0.2588,0.9659,0.0000),
    }},
    {Time = 1.567, Data = {
      ["HumanoidRootPart"] = CFrame.new(0.0000,0.0000,0.0000,1.0000,0.0000,0.0000,0.0000,1.0000,0.0000,0.0000,0.0000,1.0000),
      ["LowerTorso"] = CFrame.new(0.0000,-0.3400,0.0000,1.0000,-0.0000,0.0000,0.0000,1.0000,-0.0000,0.0000,0.0000,1.0000),
      ["UpperTorso"] = CFrame.new(0.0000,0.0000,0.0000,1.0000,0.0000,0.0000,0.0000,1.0000,0.0000,0.0000,0.0000,1.0000),
      ["LeftUpperArm"] = CFrame.new(0.0000,0.0000,0.0000,0.8660,0.5000,0.0000,0.5000,-0.8660,0.0000,0.0000,-0.0000,-1.0000),
      ["Head"] = CFrame.new(-0.5000,-3.0600,0.0000,-0.0000,1.0000,0.0000,0.5878,0.0000,0.8090,0.8090,0.0000,-0.5878),
      ["RightUpperArm"] = CFrame.new(0.0000,0.0000,0.0000,0.8660,-0.5000,0.0000,-0.5000,-0.8660,0.0000,-0.0000,-0.0000,-1.0000),
      ["LeftUpperLeg"] = CFrame.new(0.0000,0.0000,0.0000,0.9659,0.2588,0.0000,-0.0000,0.0000,-1.0000,-0.2588,0.9659,0.0000),
      ["RightUpperLeg"] = CFrame.new(0.0000,0.0000,0.0000,0.9659,-0.2588,0.0000,0.0000,0.0000,-1.0000,0.2588,0.9659,0.0000),
    }},
    {Time = 1.600, Data = {
      ["HumanoidRootPart"] = CFrame.new(0.0000,0.0000,0.0000,1.0000,0.0000,0.0000,0.0000,1.0000,0.0000,0.0000,0.0000,1.0000),
      ["LowerTorso"] = CFrame.new(0.0000,-0.3600,0.0000,1.0000,-0.0000,0.0000,0.0000,1.0000,-0.0000,0.0000,0.0000,1.0000),
      ["UpperTorso"] = CFrame.new(0.0000,0.0000,0.0000,1.0000,0.0000,0.0000,0.0000,1.0000,0.0000,0.0000,0.0000,1.0000),
      ["LeftUpperArm"] = CFrame.new(0.0000,0.0000,0.0000,0.8660,0.5000,0.0000,0.5000,-0.8660,0.0000,0.0000,-0.0000,-1.0000),
      ["Head"] = CFrame.new(-0.5000,-3.0400,0.0000,-0.0000,1.0000,0.0000,0.8090,0.0000,0.5878,0.5878,0.0000,-0.8090),
      ["RightUpperArm"] = CFrame.new(0.0000,0.0000,0.0000,0.8660,-0.5000,0.0000,-0.5000,-0.8660,0.0000,-0.0000,-0.0000,-1.0000),
      ["LeftUpperLeg"] = CFrame.new(0.0000,0.0000,0.0000,0.9659,0.2588,0.0000,-0.0000,0.0000,-1.0000,-0.2588,0.9659,0.0000),
      ["RightUpperLeg"] = CFrame.new(0.0000,0.0000,0.0000,0.9659,-0.2588,0.0000,0.0000,0.0000,-1.0000,0.2588,0.9659,0.0000),
    }},
    {Time = 1.633, Data = {
      ["HumanoidRootPart"] = CFrame.new(0.0000,0.0000,0.0000,1.0000,0.0000,0.0000,0.0000,1.0000,0.0000,0.0000,0.0000,1.0000),
      ["LowerTorso"] = CFrame.new(0.0000,-0.3800,0.0000,1.0000,-0.0000,0.0000,0.0000,1.0000,-0.0000,0.0000,0.0000,1.0000),
      ["UpperTorso"] = CFrame.new(0.0000,0.0000,0.0000,1.0000,0.0000,0.0000,0.0000,1.0000,0.0000,0.0000,0.0000,1.0000),
      ["LeftUpperArm"] = CFrame.new(0.0000,0.0000,0.0000,0.8660,0.5000,0.0000,0.5000,-0.8660,0.0000,0.0000,-0.0000,-1.0000),
      ["Head"] = CFrame.new(-0.5000,-3.0200,0.0000,-0.0000,1.0000,0.0000,0.9511,0.0000,0.3090,0.3090,0.0000,-0.9511),
      ["RightUpperArm"] = CFrame.new(0.0000,0.0000,0.0000,0.8660,-0.5000,0.0000,-0.5000,-0.8660,0.0000,-0.0000,-0.0000,-1.0000),
      ["LeftUpperLeg"] = CFrame.new(0.0000,0.0000,0.0000,0.9659,0.2588,0.0000,-0.0000,0.0000,-1.0000,-0.2588,0.9659,0.0000),
      ["RightUpperLeg"] = CFrame.new(0.0000,0.0000,0.0000,0.9659,-0.2588,0.0000,0.0000,0.0000,-1.0000,0.2588,0.9659,0.0000),
    }},
    {Time = 1.667, Data = {
      ["HumanoidRootPart"] = CFrame.new(0.0000,0.0000,0.0000,1.0000,0.0000,0.0000,0.0000,1.0000,0.0000,0.0000,0.0000,1.0000),
      ["LowerTorso"] = CFrame.new(0.0000,-0.4000,0.0000,1.0000,-0.0000,0.0000,0.0000,1.0000,-0.0000,0.0000,0.0000,1.0000),
      ["UpperTorso"] = CFrame.new(0.0000,0.0000,0.0000,1.0000,0.0000,0.0000,0.0000,1.0000,0.0000,0.0000,0.0000,1.0000),
      ["LeftUpperArm"] = CFrame.new(0.0000,0.0000,0.0000,0.8660,0.5000,0.0000,0.5000,-0.8660,0.0000,0.0000,-0.0000,-1.0000),
      ["Head"] = CFrame.new(-0.5000,-3.0000,0.0000,-0.0000,1.0000,0.0000,1.0000,0.0000,0.0000,0.0000,0.0000,-1.0000),
      ["RightUpperArm"] = CFrame.new(0.0000,0.0000,0.0000,0.8660,-0.5000,0.0000,-0.5000,-0.8660,0.0000,-0.0000,-0.0000,-1.0000),
      ["LeftUpperLeg"] = CFrame.new(0.0000,0.0000,0.0000,0.9659,0.2588,0.0000,-0.0000,0.0000,-1.0000,-0.2588,0.9659,0.0000),
      ["RightUpperLeg"] = CFrame.new(0.0000,0.0000,0.0000,0.9659,-0.2588,0.0000,0.0000,0.0000,-1.0000,0.2588,0.9659,0.0000),
    }},
    {Time = 1.700, Data = {
      ["HumanoidRootPart"] = CFrame.new(0.0000,0.0000,0.0000,1.0000,0.0000,0.0000,0.0000,1.0000,0.0000,0.0000,0.0000,1.0000),
      ["LowerTorso"] = CFrame.new(0.0000,-0.3800,0.0000,1.0000,-0.0000,0.0000,0.0000,1.0000,-0.0000,0.0000,0.0000,1.0000),
      ["UpperTorso"] = CFrame.new(0.0000,0.0000,0.0000,1.0000,0.0000,0.0000,0.0000,1.0000,0.0000,0.0000,0.0000,1.0000),
      ["LeftUpperArm"] = CFrame.new(0.0000,0.0000,0.0000,0.8660,0.5000,0.0000,0.5000,-0.8660,0.0000,0.0000,-0.0000,-1.0000),
      ["Head"] = CFrame.new(-0.5000,-3.0200,0.0000,-0.0000,1.0000,0.0000,0.9511,0.0000,-0.3090,-0.3090,-0.0000,-0.9511),
      ["RightUpperArm"] = CFrame.new(0.0000,0.0000,0.0000,0.8660,-0.5000,0.0000,-0.5000,-0.8660,0.0000,-0.0000,-0.0000,-1.0000),
      ["LeftUpperLeg"] = CFrame.new(0.0000,0.0000,0.0000,0.9659,0.2588,0.0000,-0.0000,0.0000,-1.0000,-0.2588,0.9659,0.0000),
      ["RightUpperLeg"] = CFrame.new(0.0000,0.0000,0.0000,0.9659,-0.2588,0.0000,0.0000,0.0000,-1.0000,0.2588,0.9659,0.0000),
    }},
    {Time = 1.733, Data = {
      ["HumanoidRootPart"] = CFrame.new(0.0000,0.0000,0.0000,1.0000,0.0000,0.0000,0.0000,1.0000,0.0000,0.0000,0.0000,1.0000),
      ["LowerTorso"] = CFrame.new(0.0000,-0.3600,0.0000,1.0000,-0.0000,0.0000,0.0000,1.0000,-0.0000,0.0000,0.0000,1.0000),
      ["UpperTorso"] = CFrame.new(0.0000,0.0000,0.0000,1.0000,0.0000,0.0000,0.0000,1.0000,0.0000,0.0000,0.0000,1.0000),
      ["LeftUpperArm"] = CFrame.new(0.0000,0.0000,0.0000,0.8660,0.5000,0.0000,0.5000,-0.8660,0.0000,0.0000,-0.0000,-1.0000),
      ["Head"] = CFrame.new(-0.5000,-3.0400,0.0000,-0.0000,1.0000,0.0000,0.8090,0.0000,-0.5878,-0.5878,-0.0000,-0.8090),
      ["RightUpperArm"] = CFrame.new(0.0000,0.0000,0.0000,0.8660,-0.5000,0.0000,-0.5000,-0.8660,0.0000,-0.0000,-0.0000,-1.0000),
      ["LeftUpperLeg"] = CFrame.new(0.0000,0.0000,0.0000,0.9659,0.2588,0.0000,-0.0000,0.0000,-1.0000,-0.2588,0.9659,0.0000),
      ["RightUpperLeg"] = CFrame.new(0.0000,0.0000,0.0000,0.9659,-0.2588,0.0000,0.0000,0.0000,-1.0000,0.2588,0.9659,0.0000),
    }},
    {Time = 1.767, Data = {
      ["HumanoidRootPart"] = CFrame.new(0.0000,0.0000,0.0000,1.0000,0.0000,0.0000,0.0000,1.0000,0.0000,0.0000,0.0000,1.0000),
      ["LowerTorso"] = CFrame.new(0.0000,-0.3400,0.0000,1.0000,-0.0000,0.0000,0.0000,1.0000,-0.0000,0.0000,0.0000,1.0000),
      ["UpperTorso"] = CFrame.new(0.0000,0.0000,0.0000,1.0000,0.0000,0.0000,0.0000,1.0000,0.0000,0.0000,0.0000,1.0000),
      ["LeftUpperArm"] = CFrame.new(0.0000,0.0000,0.0000,0.8660,0.5000,0.0000,0.5000,-0.8660,0.0000,0.0000,-0.0000,-1.0000),
      ["Head"] = CFrame.new(-0.5000,-3.0600,0.0000,-0.0000,1.0000,0.0000,0.5878,0.0000,-0.8090,-0.8090,-0.0000,-0.5878),
      ["RightUpperArm"] = CFrame.new(0.0000,0.0000,0.0000,0.8660,-0.5000,0.0000,-0.5000,-0.8660,0.0000,-0.0000,-0.0000,-1.0000),
      ["LeftUpperLeg"] = CFrame.new(0.0000,0.0000,0.0000,0.9659,0.2588,0.0000,-0.0000,0.0000,-1.0000,-0.2588,0.9659,0.0000),
      ["RightUpperLeg"] = CFrame.new(0.0000,0.0000,0.0000,0.9659,-0.2588,0.0000,0.0000,0.0000,-1.0000,0.2588,0.9659,0.0000),
    }},
    {Time = 1.800, Data = {
      ["HumanoidRootPart"] = CFrame.new(0.0000,0.0000,0.0000,1.0000,0.0000,0.0000,0.0000,1.0000,0.0000,0.0000,0.0000,1.0000),
      ["LowerTorso"] = CFrame.new(0.0000,-0.3200,0.0000,1.0000,-0.0000,0.0000,0.0000,1.0000,-0.0000,0.0000,0.0000,1.0000),
      ["UpperTorso"] = CFrame.new(0.0000,0.0000,0.0000,1.0000,0.0000,0.0000,0.0000,1.0000,0.0000,0.0000,0.0000,1.0000),
      ["LeftUpperArm"] = CFrame.new(0.0000,0.0000,0.0000,0.8660,0.5000,0.0000,0.5000,-0.8660,0.0000,0.0000,-0.0000,-1.0000),
      ["Head"] = CFrame.new(-0.5000,-3.0800,0.0000,-0.0000,1.0000,0.0000,0.3090,0.0000,-0.9511,-0.9511,-0.0000,-0.3090),
      ["RightUpperArm"] = CFrame.new(0.0000,0.0000,0.0000,0.8660,-0.5000,0.0000,-0.5000,-0.8660,0.0000,-0.0000,-0.0000,-1.0000),
      ["LeftUpperLeg"] = CFrame.new(0.0000,0.0000,0.0000,0.9659,0.2588,0.0000,-0.0000,0.0000,-1.0000,-0.2588,0.9659,0.0000),
      ["RightUpperLeg"] = CFrame.new(0.0000,0.0000,0.0000,0.9659,-0.2588,0.0000,0.0000,0.0000,-1.0000,0.2588,0.9659,0.0000),
    }},
    {Time = 1.833, Data = {
      ["HumanoidRootPart"] = CFrame.new(0.0000,0.0000,0.0000,1.0000,0.0000,0.0000,0.0000,1.0000,0.0000,0.0000,0.0000,1.0000),
      ["LowerTorso"] = CFrame.new(0.0000,-0.3000,0.0000,1.0000,-0.0000,0.0000,0.0000,1.0000,-0.0000,0.0000,0.0000,1.0000),
      ["UpperTorso"] = CFrame.new(0.0000,0.0000,0.0000,1.0000,0.0000,0.0000,0.0000,1.0000,0.0000,0.0000,0.0000,1.0000),
      ["LeftUpperArm"] = CFrame.new(0.0000,0.0000,0.0000,0.8660,0.5000,0.0000,0.5000,-0.8660,0.0000,0.0000,-0.0000,-1.0000),
      ["Head"] = CFrame.new(-0.5000,-3.1000,0.0000,-0.0000,1.0000,0.0000,0.0000,0.0000,-1.0000,-1.0000,-0.0000,-0.0000),
      ["RightUpperArm"] = CFrame.new(0.0000,0.0000,0.0000,0.8660,-0.5000,0.0000,-0.5000,-0.8660,0.0000,-0.0000,-0.0000,-1.0000),
      ["LeftUpperLeg"] = CFrame.new(0.0000,0.0000,0.0000,0.9659,0.2588,0.0000,-0.0000,0.0000,-1.0000,-0.2588,0.9659,0.0000),
      ["RightUpperLeg"] = CFrame.new(0.0000,0.0000,0.0000,0.9659,-0.2588,0.0000,0.0000,0.0000,-1.0000,0.2588,0.9659,0.0000),
    }},
    {Time = 1.867, Data = {
      ["HumanoidRootPart"] = CFrame.new(0.0000,0.0000,0.0000,1.0000,0.0000,0.0000,0.0000,1.0000,0.0000,0.0000,0.0000,1.0000),
      ["LowerTorso"] = CFrame.new(0.0000,-0.3200,0.0000,1.0000,-0.0000,0.0000,0.0000,1.0000,-0.0000,0.0000,0.0000,1.0000),
      ["UpperTorso"] = CFrame.new(0.0000,0.0000,0.0000,1.0000,0.0000,0.0000,0.0000,1.0000,0.0000,0.0000,0.0000,1.0000),
      ["LeftUpperArm"] = CFrame.new(0.0000,0.0000,0.0000,0.8660,0.5000,0.0000,0.5000,-0.8660,0.0000,0.0000,-0.0000,-1.0000),
      ["Head"] = CFrame.new(-0.5000,-3.0800,0.0000,-0.0000,1.0000,0.0000,-0.3090,-0.0000,-0.9511,-0.9511,-0.0000,0.3090),
      ["RightUpperArm"] = CFrame.new(0.0000,0.0000,0.0000,0.8660,-0.5000,0.0000,-0.5000,-0.8660,0.0000,-0.0000,-0.0000,-1.0000),
      ["LeftUpperLeg"] = CFrame.new(0.0000,0.0000,0.0000,0.9659,0.2588,0.0000,-0.0000,0.0000,-1.0000,-0.2588,0.9659,0.0000),
      ["RightUpperLeg"] = CFrame.new(0.0000,0.0000,0.0000,0.9659,-0.2588,0.0000,0.0000,0.0000,-1.0000,0.2588,0.9659,0.0000),
    }},
    {Time = 1.900, Data = {
      ["HumanoidRootPart"] = CFrame.new(0.0000,0.0000,0.0000,1.0000,0.0000,0.0000,0.0000,1.0000,0.0000,0.0000,0.0000,1.0000),
      ["LowerTorso"] = CFrame.new(0.0000,-0.3400,0.0000,1.0000,-0.0000,0.0000,0.0000,1.0000,-0.0000,0.0000,0.0000,1.0000),
      ["UpperTorso"] = CFrame.new(0.0000,0.0000,0.0000,1.0000,0.0000,0.0000,0.0000,1.0000,0.0000,0.0000,0.0000,1.0000),
      ["LeftUpperArm"] = CFrame.new(0.0000,0.0000,0.0000,0.8660,0.5000,0.0000,0.5000,-0.8660,0.0000,0.0000,-0.0000,-1.0000),
      ["Head"] = CFrame.new(-0.5000,-3.0600,0.0000,-0.0000,1.0000,0.0000,-0.5878,-0.0000,-0.8090,-0.8090,-0.0000,0.5878),
      ["RightUpperArm"] = CFrame.new(0.0000,0.0000,0.0000,0.8660,-0.5000,0.0000,-0.5000,-0.8660,0.0000,-0.0000,-0.0000,-1.0000),
      ["LeftUpperLeg"] = CFrame.new(0.0000,0.0000,0.0000,0.9659,0.2588,0.0000,-0.0000,0.0000,-1.0000,-0.2588,0.9659,0.0000),
      ["RightUpperLeg"] = CFrame.new(0.0000,0.0000,0.0000,0.9659,-0.2588,0.0000,0.0000,0.0000,-1.0000,0.2588,0.9659,0.0000),
    }},
    {Time = 1.933, Data = {
      ["HumanoidRootPart"] = CFrame.new(0.0000,0.0000,0.0000,1.0000,0.0000,0.0000,0.0000,1.0000,0.0000,0.0000,0.0000,1.0000),
      ["LowerTorso"] = CFrame.new(0.0000,-0.3600,0.0000,1.0000,-0.0000,0.0000,0.0000,1.0000,-0.0000,0.0000,0.0000,1.0000),
      ["UpperTorso"] = CFrame.new(0.0000,0.0000,0.0000,1.0000,0.0000,0.0000,0.0000,1.0000,0.0000,0.0000,0.0000,1.0000),
      ["LeftUpperArm"] = CFrame.new(0.0000,0.0000,0.0000,0.8660,0.5000,0.0000,0.5000,-0.8660,0.0000,0.0000,-0.0000,-1.0000),
      ["Head"] = CFrame.new(-0.5000,-3.0400,0.0000,-0.0000,1.0000,0.0000,-0.8090,-0.0000,-0.5878,-0.5878,-0.0000,0.8090),
      ["RightUpperArm"] = CFrame.new(0.0000,0.0000,0.0000,0.8660,-0.5000,0.0000,-0.5000,-0.8660,0.0000,-0.0000,-0.0000,-1.0000),
      ["LeftUpperLeg"] = CFrame.new(0.0000,0.0000,0.0000,0.9659,0.2588,0.0000,-0.0000,0.0000,-1.0000,-0.2588,0.9659,0.0000),
      ["RightUpperLeg"] = CFrame.new(0.0000,0.0000,0.0000,0.9659,-0.2588,0.0000,0.0000,0.0000,-1.0000,0.2588,0.9659,0.0000),
    }},
    {Time = 1.967, Data = {
      ["HumanoidRootPart"] = CFrame.new(0.0000,0.0000,0.0000,1.0000,0.0000,0.0000,0.0000,1.0000,0.0000,0.0000,0.0000,1.0000),
      ["LowerTorso"] = CFrame.new(0.0000,-0.3800,0.0000,1.0000,-0.0000,0.0000,0.0000,1.0000,-0.0000,0.0000,0.0000,1.0000),
      ["UpperTorso"] = CFrame.new(0.0000,0.0000,0.0000,1.0000,0.0000,0.0000,0.0000,1.0000,0.0000,0.0000,0.0000,1.0000),
      ["LeftUpperArm"] = CFrame.new(0.0000,0.0000,0.0000,0.8660,0.5000,0.0000,0.5000,-0.8660,0.0000,0.0000,-0.0000,-1.0000),
      ["Head"] = CFrame.new(-0.5000,-3.0200,0.0000,-0.0000,1.0000,0.0000,-0.9511,-0.0000,-0.3090,-0.3090,-0.0000,0.9511),
      ["RightUpperArm"] = CFrame.new(0.0000,0.0000,0.0000,0.8660,-0.5000,0.0000,-0.5000,-0.8660,0.0000,-0.0000,-0.0000,-1.0000),
      ["LeftUpperLeg"] = CFrame.new(0.0000,0.0000,0.0000,0.9659,0.2588,0.0000,-0.0000,0.0000,-1.0000,-0.2588,0.9659,0.0000),
      ["RightUpperLeg"] = CFrame.new(0.0000,0.0000,0.0000,0.9659,-0.2588,0.0000,0.0000,0.0000,-1.0000,0.2588,0.9659,0.0000),
    }},
    {Time = 2.000, Data = {
      ["HumanoidRootPart"] = CFrame.new(0.0000,0.0000,0.0000,1.0000,0.0000,0.0000,0.0000,1.0000,0.0000,0.0000,0.0000,1.0000),
      ["LowerTorso"] = CFrame.new(0.0000,-0.4000,0.0000,1.0000,-0.0000,0.0000,0.0000,1.0000,-0.0000,0.0000,0.0000,1.0000),
      ["UpperTorso"] = CFrame.new(0.0000,0.0000,0.0000,1.0000,0.0000,0.0000,0.0000,1.0000,0.0000,0.0000,0.0000,1.0000),
      ["LeftUpperArm"] = CFrame.new(0.0000,0.0000,0.0000,0.8660,0.5000,0.0000,0.5000,-0.8660,0.0000,0.0000,-0.0000,-1.0000),
      ["Head"] = CFrame.new(-0.5000,-3.0000,0.0000,-0.0000,1.0000,0.0000,-1.0000,-0.0000,-0.0000,-0.0000,-0.0000,1.0000),
      ["RightUpperArm"] = CFrame.new(0.0000,0.0000,0.0000,0.8660,-0.5000,0.0000,-0.5000,-0.8660,0.0000,-0.0000,-0.0000,-1.0000),
      ["LeftUpperLeg"] = CFrame.new(0.0000,0.0000,0.0000,0.9659,0.2588,0.0000,-0.0000,0.0000,-1.0000,-0.2588,0.9659,0.0000),
      ["RightUpperLeg"] = CFrame.new(0.0000,0.0000,0.0000,0.9659,-0.2588,0.0000,0.0000,0.0000,-1.0000,0.2588,0.9659,0.0000),
    }},
  }
}
