return {
  ["74101209043832"] = {
    {Time = 0.000, Data = {
      ["HumanoidRootPart"] = CFrame.new(0.0000,0.0000,0.0000,1.0000,0.0000,0.0000,0.0000,1.0000,0.0000,0.0000,0.0000,1.0000),
      ["LowerTorso"] = CFrame.new(0.0000,-1.9794,0.0000,1.0000,-0.0000,0.0000,0.0000,1.0000,-0.0000,0.0000,0.0000,1.0000),
      ["UpperTorso"] = CFrame.new(0.0000,0.0000,0.0000,1.0000,-0.0000,0.0000,0.0000,0.9882,-0.1532,0.0000,0.1532,0.9882),
      ["LeftUpperArm"] = CFrame.new(-0.0201,0.0242,0.1130,0.9761,-0.1904,-0.1048,-0.0977,0.0467,-0.9941,0.1942,0.9806,0.0270),
      ["LeftLowerArm"] = CFrame.new(0.0000,0.0000,0.0000,0.4306,-0.8785,0.2069,0.9005,0.4031,-0.1630,0.0598,0.2565,0.9647),
      ["Head"] = CFrame.new(-0.1139,-1.3746,-0.6316,0.9691,0.0935,0.2283,-0.1091,0.9924,0.0566,-0.2213,-0.0798,0.9719),
      ["RightUpperArm"] = CFrame.new(0.0000,0.0000,0.0000,1.0000,-0.0000,0.0000,0.0000,0.8485,0.5293,-0.0000,-0.5293,0.8485),
      ["RightLowerArm"] = CFrame.new(0.0000,0.0000,0.0000,1.0000,-0.0000,0.0000,0.0000,0.9203,-0.3911,0.0000,0.3911,0.9203),
      ["RightUpperLeg"] = CFrame.new(0.0599,0.4572,-0.0204,0.9718,-0.1721,0.1611,0.1688,0.0315,-0.9851,0.1644,0.9846,0.0596),
      ["RightLowerLeg"] = CFrame.new(0.0000,0.0000,0.0000,0.2241,0.9637,-0.1449,-0.9746,0.2216,-0.0333,-0.0000,0.1487,0.9889),
      ["LeftUpperLeg"] = CFrame.new(0.0009,0.4046,-0.0144,0.8993,0.4368,-0.0185,-0.0175,-0.0063,-0.9998,-0.4369,0.8995,0.0020),
      ["LeftLowerLeg"] = CFrame.new(0.0000,0.0000,0.0000,0.1319,-0.9901,0.0487,0.9913,0.1317,-0.0065,0.0000,0.0492,0.9988),
    }},
    {Time = 0.033, Data = {
      ["HumanoidRootPart"] = CFrame.new(0.0000,0.0000,0.0000,1.0000,0.0000,0.0000,0.0000,1.0000,0.0000,0.0000,0.0000,1.0000),
      ["LowerTorso"] = CFrame.new(0.0000,-1.9794,0.0000,1.0000,-0.0000,0.0000,0.0000,1.0000,-0.0000,0.0000,0.0000,1.0000),
      ["UpperTorso"] = CFrame.new(0.0000,0.0000,0.0000,1.0000,-0.0000,0.0000,0.0000,0.9882,-0.1532,0.0000,0.1532,0.9882),
      ["LeftUpperArm"] = CFrame.new(-0.0201,0.0242,0.1130,0.9761,-0.1904,-0.1048,-0.0977,0.0467,-0.9941,0.1942,0.9806,0.0270),
      ["LeftLowerArm"] = CFrame.new(0.0000,0.0000,0.0000,0.4346,-0.8772,0.2042,0.8987,0.4078,-0.1614,0.0583,0.2536,0.9655),
      ["Head"] = CFrame.new(-0.1139,-1.3746,-0.6316,0.9691,0.0935,0.2283,-0.1091,0.9924,0.0566,-0.2213,-0.0798,0.9719),
      ["RightUpperArm"] = CFrame.new(0.0000,0.0000,0.0000,1.0000,-0.0000,0.0000,0.0000,0.8485,0.5293,-0.0000,-0.5293,0.8485),
      ["RightLowerArm"] = CFrame.new(0.0000,0.0000,0.0000,1.0000,-0.0000,0.0000,0.0000,0.9203,-0.3911,0.0000,0.3911,0.9203),
      ["RightUpperLeg"] = CFrame.new(0.0599,0.4572,-0.0204,0.9718,-0.1721,0.1611,0.1688,0.0315,-0.9851,0.1644,0.9846,0.0596),
      ["RightLowerLeg"] = CFrame.new(0.0000,0.0000,0.0000,0.2241,0.9637,-0.1449,-0.9746,0.2216,-0.0333,-0.0000,0.1487,0.9889),
      ["LeftUpperLeg"] = CFrame.new(0.0009,0.4046,-0.0144,0.8993,0.4368,-0.0185,-0.0175,-0.0063,-0.9998,-0.4369,0.8995,0.0020),
      ["LeftLowerLeg"] = CFrame.new(0.0000,0.0000,0.0000,0.1319,-0.9901,0.0487,0.9913,0.1317,-0.0065,0.0000,0.0492,0.9988),
    }},
    {Time = 0.067, Data = {
      ["HumanoidRootPart"] = CFrame.new(0.0000,0.0000,0.0000,1.0000,0.0000,0.0000,0.0000,1.0000,0.0000,0.0000,0.0000,1.0000),
      ["LowerTorso"] = CFrame.new(0.0000,-1.9794,0.0000,1.0000,-0.0000,0.0000,0.0000,1.0000,-0.0000,0.0000,0.0000,1.0000),
      ["UpperTorso"] = CFrame.new(0.0000,0.0000,0.0000,1.0000,-0.0000,0.0000,0.0000,0.9882,-0.1532,0.0000,0.1532,0.9882),
      ["LeftUpperArm"] = CFrame.new(-0.0201,0.0242,0.1130,0.9761,-0.1904,-0.1048,-0.0977,0.0467,-0.9941,0.1942,0.9806,0.0270),
      ["LeftLowerArm"] = CFrame.new(0.0000,0.0000,0.0000,0.4386,-0.8758,0.2015,0.8969,0.4124,-0.1597,0.0568,0.2508,0.9664),
      ["Head"] = CFrame.new(-0.1139,-1.3746,-0.6316,0.9691,0.0935,0.2283,-0.1091,0.9924,0.0566,-0.2213,-0.0798,0.9719),
      ["RightUpperArm"] = CFrame.new(0.0000,0.0000,0.0000,1.0000,-0.0000,0.0000,0.0000,0.8485,0.5293,-0.0000,-0.5293,0.8485),
      ["RightLowerArm"] = CFrame.new(0.0000,0.0000,0.0000,1.0000,-0.0000,0.0000,0.0000,0.9203,-0.3911,0.0000,0.3911,0.9203),
      ["RightUpperLeg"] = CFrame.new(0.0599,0.4572,-0.0204,0.9718,-0.1721,0.1611,0.1688,0.0315,-0.9851,0.1644,0.9846,0.0596),
      ["RightLowerLeg"] = CFrame.new(0.0000,0.0000,0.0000,0.2241,0.9637,-0.1449,-0.9746,0.2216,-0.0333,-0.0000,0.1487,0.9889),
      ["LeftUpperLeg"] = CFrame.new(0.0009,0.4046,-0.0144,0.8993,0.4368,-0.0185,-0.0175,-0.0063,-0.9998,-0.4369,0.8995,0.0020),
      ["LeftLowerLeg"] = CFrame.new(0.0000,0.0000,0.0000,0.1319,-0.9901,0.0487,0.9913,0.1317,-0.0065,0.0000,0.0492,0.9988),
    }},
    {Time = 0.100, Data = {
      ["HumanoidRootPart"] = CFrame.new(0.0000,0.0000,0.0000,1.0000,0.0000,0.0000,0.0000,1.0000,0.0000,0.0000,0.0000,1.0000),
      ["LowerTorso"] = CFrame.new(0.0000,-1.9794,0.0000,1.0000,-0.0000,0.0000,0.0000,1.0000,-0.0000,0.0000,0.0000,1.0000),
      ["UpperTorso"] = CFrame.new(0.0000,0.0000,0.0000,1.0000,-0.0000,0.0000,0.0000,0.9882,-0.1532,0.0000,0.1532,0.9882),
      ["LeftUpperArm"] = CFrame.new(-0.0201,0.0242,0.1130,0.9761,-0.1904,-0.1048,-0.0977,0.0467,-0.9941,0.1942,0.9806,0.0270),
      ["LeftLowerArm"] = CFrame.new(0.0000,0.0000,0.0000,0.4426,-0.8744,0.1988,0.8950,0.4171,-0.1581,0.0553,0.2479,0.9672),
      ["Head"] = CFrame.new(-0.1139,-1.3746,-0.6316,0.9691,0.0935,0.2283,-0.1091,0.9924,0.0566,-0.2213,-0.0798,0.9719),
      ["RightUpperArm"] = CFrame.new(0.0000,0.0000,0.0000,1.0000,-0.0000,0.0000,0.0000,0.8485,0.5293,-0.0000,-0.5293,0.8485),
      ["RightLowerArm"] = CFrame.new(0.0000,0.0000,0.0000,1.0000,-0.0000,0.0000,0.0000,0.9203,-0.3911,0.0000,0.3911,0.9203),
      ["RightUpperLeg"] = CFrame.new(0.0599,0.4572,-0.0204,0.9718,-0.1721,0.1611,0.1688,0.0315,-0.9851,0.1644,0.9846,0.0596),
      ["RightLowerLeg"] = CFrame.new(0.0000,0.0000,0.0000,0.2241,0.9637,-0.1449,-0.9746,0.2216,-0.0333,-0.0000,0.1487,0.9889),
      ["LeftUpperLeg"] = CFrame.new(0.0009,0.4046,-0.0144,0.8993,0.4368,-0.0185,-0.0175,-0.0063,-0.9998,-0.4369,0.8995,0.0020),
      ["LeftLowerLeg"] = CFrame.new(0.0000,0.0000,0.0000,0.1319,-0.9901,0.0487,0.9913,0.1317,-0.0065,0.0000,0.0492,0.9988),
    }},
    {Time = 0.133, Data = {
      ["HumanoidRootPart"] = CFrame.new(0.0000,0.0000,0.0000,1.0000,0.0000,0.0000,0.0000,1.0000,0.0000,0.0000,0.0000,1.0000),
      ["LowerTorso"] = CFrame.new(0.0000,-1.9794,0.0000,1.0000,-0.0000,0.0000,0.0000,1.0000,-0.0000,0.0000,0.0000,1.0000),
      ["UpperTorso"] = CFrame.new(0.0000,0.0000,0.0000,1.0000,-0.0000,0.0000,0.0000,0.9882,-0.1532,0.0000,0.1532,0.9882),
      ["LeftUpperArm"] = CFrame.new(-0.0201,0.0242,0.1130,0.9761,-0.1904,-0.1048,-0.0977,0.0467,-0.9941,0.1942,0.9806,0.0270),
      ["LeftLowerArm"] = CFrame.new(0.0000,0.0000,0.0000,0.4466,-0.8730,0.1961,0.8931,0.4218,-0.1564,0.0538,0.2450,0.9680),
      ["Head"] = CFrame.new(-0.1139,-1.3746,-0.6316,0.9691,0.0935,0.2283,-0.1091,0.9924,0.0566,-0.2213,-0.0798,0.9719),
      ["RightUpperArm"] = CFrame.new(0.0000,0.0000,0.0000,1.0000,-0.0000,0.0000,0.0000,0.8485,0.5293,-0.0000,-0.5293,0.8485),
      ["RightLowerArm"] = CFrame.new(0.0000,0.0000,0.0000,1.0000,-0.0000,0.0000,0.0000,0.9203,-0.3911,0.0000,0.3911,0.9203),
      ["RightUpperLeg"] = CFrame.new(0.0599,0.4572,-0.0204,0.9718,-0.1721,0.1611,0.1688,0.0315,-0.9851,0.1644,0.9846,0.0596),
      ["RightLowerLeg"] = CFrame.new(0.0000,0.0000,0.0000,0.2241,0.9637,-0.1449,-0.9746,0.2216,-0.0333,-0.0000,0.1487,0.9889),
      ["LeftUpperLeg"] = CFrame.new(0.0009,0.4046,-0.0144,0.8993,0.4368,-0.0185,-0.0175,-0.0063,-0.9998,-0.4369,0.8995,0.0020),
      ["LeftLowerLeg"] = CFrame.new(0.0000,0.0000,0.0000,0.1319,-0.9901,0.0487,0.9913,0.1317,-0.0065,0.0000,0.0492,0.9988),
    }},
    {Time = 0.167, Data = {
      ["HumanoidRootPart"] = CFrame.new(0.0000,0.0000,0.0000,1.0000,0.0000,0.0000,0.0000,1.0000,0.0000,0.0000,0.0000,1.0000),
      ["LowerTorso"] = CFrame.new(0.0000,-1.9794,0.0000,1.0000,-0.0000,0.0000,0.0000,1.0000,-0.0000,0.0000,0.0000,1.0000),
      ["UpperTorso"] = CFrame.new(0.0000,0.0000,0.0000,1.0000,-0.0000,0.0000,0.0000,0.9882,-0.1532,0.0000,0.1532,0.9882),
      ["LeftUpperArm"] = CFrame.new(-0.0201,0.0242,0.1130,0.9761,-0.1904,-0.1048,-0.0977,0.0467,-0.9941,0.1942,0.9806,0.0270),
      ["LeftLowerArm"] = CFrame.new(0.0000,0.0000,0.0000,0.4506,-0.8716,0.1934,0.8912,0.4264,-0.1547,0.0524,0.2421,0.9688),
      ["Head"] = CFrame.new(-0.1139,-1.3746,-0.6316,0.9691,0.0935,0.2283,-0.1091,0.9924,0.0566,-0.2213,-0.0798,0.9719),
      ["RightUpperArm"] = CFrame.new(0.0000,0.0000,0.0000,1.0000,-0.0000,0.0000,0.0000,0.8485,0.5293,-0.0000,-0.5293,0.8485),
      ["RightLowerArm"] = CFrame.new(0.0000,0.0000,0.0000,1.0000,-0.0000,0.0000,0.0000,0.9203,-0.3911,0.0000,0.3911,0.9203),
      ["RightUpperLeg"] = CFrame.new(0.0599,0.4572,-0.0204,0.9718,-0.1721,0.1611,0.1688,0.0315,-0.9851,0.1644,0.9846,0.0596),
      ["RightLowerLeg"] = CFrame.new(0.0000,0.0000,0.0000,0.2241,0.9637,-0.1449,-0.9746,0.2216,-0.0333,-0.0000,0.1487,0.9889),
      ["LeftUpperLeg"] = CFrame.new(0.0009,0.4046,-0.0144,0.8993,0.4368,-0.0185,-0.0175,-0.0063,-0.9998,-0.4369,0.8995,0.0020),
      ["LeftLowerLeg"] = CFrame.new(0.0000,0.0000,0.0000,0.1319,-0.9901,0.0487,0.9913,0.1317,-0.0065,0.0000,0.0492,0.9988),
    }},
    {Time = 0.200, Data = {
      ["HumanoidRootPart"] = CFrame.new(0.0000,0.0000,0.0000,1.0000,0.0000,0.0000,0.0000,1.0000,0.0000,0.0000,0.0000,1.0000),
      ["LowerTorso"] = CFrame.new(0.0000,-1.9794,0.0000,1.0000,-0.0000,0.0000,0.0000,1.0000,-0.0000,0.0000,0.0000,1.0000),
      ["UpperTorso"] = CFrame.new(0.0000,0.0000,0.0000,1.0000,-0.0000,0.0000,0.0000,0.9882,-0.1532,0.0000,0.1532,0.9882),
      ["LeftUpperArm"] = CFrame.new(-0.0201,0.0242,0.1130,0.9761,-0.1904,-0.1048,-0.0977,0.0467,-0.9941,0.1942,0.9806,0.0270),
      ["LeftLowerArm"] = CFrame.new(0.0000,0.0000,0.0000,0.4545,-0.8701,0.1907,0.8893,0.4310,-0.1531,0.0510,0.2391,0.9696),
      ["Head"] = CFrame.new(-0.1139,-1.3746,-0.6316,0.9691,0.0935,0.2283,-0.1091,0.9924,0.0566,-0.2213,-0.0798,0.9719),
      ["RightUpperArm"] = CFrame.new(0.0000,0.0000,0.0000,1.0000,-0.0000,0.0000,0.0000,0.8485,0.5293,-0.0000,-0.5293,0.8485),
      ["RightLowerArm"] = CFrame.new(0.0000,0.0000,0.0000,1.0000,-0.0000,0.0000,0.0000,0.9203,-0.3911,0.0000,0.3911,0.9203),
      ["RightUpperLeg"] = CFrame.new(0.0599,0.4572,-0.0204,0.9718,-0.1721,0.1611,0.1688,0.0315,-0.9851,0.1644,0.9846,0.0596),
      ["RightLowerLeg"] = CFrame.new(0.0000,0.0000,0.0000,0.2241,0.9637,-0.1449,-0.9746,0.2216,-0.0333,-0.0000,0.1487,0.9889),
      ["LeftUpperLeg"] = CFrame.new(0.0009,0.4046,-0.0144,0.8993,0.4368,-0.0185,-0.0175,-0.0063,-0.9998,-0.4369,0.8995,0.0020),
      ["LeftLowerLeg"] = CFrame.new(0.0000,0.0000,0.0000,0.1319,-0.9901,0.0487,0.9913,0.1317,-0.0065,0.0000,0.0492,0.9988),
    }},
    {Time = 0.233, Data = {
      ["HumanoidRootPart"] = CFrame.new(0.0000,0.0000,0.0000,1.0000,0.0000,0.0000,0.0000,1.0000,0.0000,0.0000,0.0000,1.0000),
      ["LowerTorso"] = CFrame.new(0.0000,-1.9794,0.0000,1.0000,-0.0000,0.0000,0.0000,1.0000,-0.0000,0.0000,0.0000,1.0000),
      ["UpperTorso"] = CFrame.new(0.0000,0.0000,0.0000,1.0000,-0.0000,0.0000,0.0000,0.9882,-0.1532,0.0000,0.1532,0.9882),
      ["LeftUpperArm"] = CFrame.new(-0.0201,0.0242,0.1130,0.9761,-0.1904,-0.1048,-0.0977,0.0467,-0.9941,0.1942,0.9806,0.0270),
      ["LeftLowerArm"] = CFrame.new(0.0000,0.0000,0.0000,0.4585,-0.8686,0.1880,0.8873,0.4356,-0.1514,0.0496,0.2362,0.9704),
      ["Head"] = CFrame.new(-0.1139,-1.3746,-0.6316,0.9691,0.0935,0.2283,-0.1091,0.9924,0.0566,-0.2213,-0.0798,0.9719),
      ["RightUpperArm"] = CFrame.new(0.0000,0.0000,0.0000,1.0000,-0.0000,0.0000,0.0000,0.8485,0.5293,-0.0000,-0.5293,0.8485),
      ["RightLowerArm"] = CFrame.new(0.0000,0.0000,0.0000,1.0000,-0.0000,0.0000,0.0000,0.9203,-0.3911,0.0000,0.3911,0.9203),
      ["RightUpperLeg"] = CFrame.new(0.0599,0.4572,-0.0204,0.9718,-0.1721,0.1611,0.1688,0.0315,-0.9851,0.1644,0.9846,0.0596),
      ["RightLowerLeg"] = CFrame.new(0.0000,0.0000,0.0000,0.2241,0.9637,-0.1449,-0.9746,0.2216,-0.0333,-0.0000,0.1487,0.9889),
      ["LeftUpperLeg"] = CFrame.new(0.0009,0.4046,-0.0144,0.8993,0.4368,-0.0185,-0.0175,-0.0063,-0.9998,-0.4369,0.8995,0.0020),
      ["LeftLowerLeg"] = CFrame.new(0.0000,0.0000,0.0000,0.1319,-0.9901,0.0487,0.9913,0.1317,-0.0065,0.0000,0.0492,0.9988),
    }},
    {Time = 0.267, Data = {
      ["HumanoidRootPart"] = CFrame.new(0.0000,0.0000,0.0000,1.0000,0.0000,0.0000,0.0000,1.0000,0.0000,0.0000,0.0000,1.0000),
      ["LowerTorso"] = CFrame.new(0.0000,-1.9794,0.0000,1.0000,-0.0000,0.0000,0.0000,1.0000,-0.0000,0.0000,0.0000,1.0000),
      ["UpperTorso"] = CFrame.new(0.0000,0.0000,0.0000,1.0000,-0.0000,0.0000,0.0000,0.9882,-0.1532,0.0000,0.1532,0.9882),
      ["LeftUpperArm"] = CFrame.new(-0.0201,0.0242,0.1130,0.9761,-0.1904,-0.1048,-0.0977,0.0467,-0.9941,0.1942,0.9806,0.0270),
      ["LeftLowerArm"] = CFrame.new(0.0000,0.0000,0.0000,0.4624,-0.8671,0.1853,0.8854,0.4402,-0.1497,0.0483,0.2332,0.9712),
      ["Head"] = CFrame.new(-0.1139,-1.3746,-0.6316,0.9691,0.0935,0.2283,-0.1091,0.9924,0.0566,-0.2213,-0.0798,0.9719),
      ["RightUpperArm"] = CFrame.new(0.0000,0.0000,0.0000,1.0000,-0.0000,0.0000,0.0000,0.8485,0.5293,-0.0000,-0.5293,0.8485),
      ["RightLowerArm"] = CFrame.new(0.0000,0.0000,0.0000,1.0000,-0.0000,0.0000,0.0000,0.9203,-0.3911,0.0000,0.3911,0.9203),
      ["RightUpperLeg"] = CFrame.new(0.0599,0.4572,-0.0204,0.9718,-0.1721,0.1611,0.1688,0.0315,-0.9851,0.1644,0.9846,0.0596),
      ["RightLowerLeg"] = CFrame.new(0.0000,0.0000,0.0000,0.2241,0.9637,-0.1449,-0.9746,0.2216,-0.0333,-0.0000,0.1487,0.9889),
      ["LeftUpperLeg"] = CFrame.new(0.0009,0.4046,-0.0144,0.8993,0.4368,-0.0185,-0.0175,-0.0063,-0.9998,-0.4369,0.8995,0.0020),
      ["LeftLowerLeg"] = CFrame.new(0.0000,0.0000,0.0000,0.1319,-0.9901,0.0487,0.9913,0.1317,-0.0065,0.0000,0.0492,0.9988),
    }},
    {Time = 0.300, Data = {
      ["HumanoidRootPart"] = CFrame.new(0.0000,0.0000,0.0000,1.0000,0.0000,0.0000,0.0000,1.0000,0.0000,0.0000,0.0000,1.0000),
      ["LowerTorso"] = CFrame.new(0.0000,-1.9794,0.0000,1.0000,-0.0000,0.0000,0.0000,1.0000,-0.0000,0.0000,0.0000,1.0000),
      ["UpperTorso"] = CFrame.new(0.0000,0.0000,0.0000,1.0000,-0.0000,0.0000,0.0000,0.9882,-0.1532,0.0000,0.1532,0.9882),
      ["LeftUpperArm"] = CFrame.new(-0.0201,0.0242,0.1130,0.9761,-0.1904,-0.1048,-0.0977,0.0467,-0.9941,0.1942,0.9806,0.0270),
      ["LeftLowerArm"] = CFrame.new(0.0000,0.0000,0.0000,0.4663,-0.8656,0.1825,0.8834,0.4447,-0.1480,0.0470,0.2303,0.9720),
      ["Head"] = CFrame.new(-0.1139,-1.3746,-0.6316,0.9691,0.0935,0.2283,-0.1091,0.9924,0.0566,-0.2213,-0.0798,0.9719),
      ["RightUpperArm"] = CFrame.new(0.0000,0.0000,0.0000,1.0000,-0.0000,0.0000,0.0000,0.8485,0.5293,-0.0000,-0.5293,0.8485),
      ["RightLowerArm"] = CFrame.new(0.0000,0.0000,0.0000,1.0000,-0.0000,0.0000,0.0000,0.9203,-0.3911,0.0000,0.3911,0.9203),
      ["RightUpperLeg"] = CFrame.new(0.0599,0.4572,-0.0204,0.9718,-0.1721,0.1611,0.1688,0.0315,-0.9851,0.1644,0.9846,0.0596),
      ["RightLowerLeg"] = CFrame.new(0.0000,0.0000,0.0000,0.2241,0.9637,-0.1449,-0.9746,0.2216,-0.0333,-0.0000,0.1487,0.9889),
      ["LeftUpperLeg"] = CFrame.new(0.0009,0.4046,-0.0144,0.8993,0.4368,-0.0185,-0.0175,-0.0063,-0.9998,-0.4369,0.8995,0.0020),
      ["LeftLowerLeg"] = CFrame.new(0.0000,0.0000,0.0000,0.1319,-0.9901,0.0487,0.9913,0.1317,-0.0065,0.0000,0.0492,0.9988),
    }},
    {Time = 0.333, Data = {
      ["HumanoidRootPart"] = CFrame.new(0.0000,0.0000,0.0000,1.0000,0.0000,0.0000,0.0000,1.0000,0.0000,0.0000,0.0000,1.0000),
      ["LowerTorso"] = CFrame.new(0.0000,-1.9794,0.0000,1.0000,-0.0000,0.0000,0.0000,1.0000,-0.0000,0.0000,0.0000,1.0000),
      ["UpperTorso"] = CFrame.new(0.0000,0.0000,0.0000,1.0000,-0.0000,0.0000,0.0000,0.9882,-0.1532,0.0000,0.1532,0.9882),
      ["LeftUpperArm"] = CFrame.new(-0.0201,0.0242,0.1130,0.9761,-0.1904,-0.1048,-0.0977,0.0467,-0.9941,0.1942,0.9806,0.0270),
      ["LeftLowerArm"] = CFrame.new(0.0000,0.0000,0.0000,0.4703,-0.8640,0.1798,0.8813,0.4492,-0.1464,0.0457,0.2273,0.9727),
      ["Head"] = CFrame.new(-0.1139,-1.3746,-0.6316,0.9691,0.0935,0.2283,-0.1091,0.9924,0.0566,-0.2213,-0.0798,0.9719),
      ["RightUpperArm"] = CFrame.new(0.0000,0.0000,0.0000,1.0000,-0.0000,0.0000,0.0000,0.8485,0.5293,-0.0000,-0.5293,0.8485),
      ["RightLowerArm"] = CFrame.new(0.0000,0.0000,0.0000,1.0000,-0.0000,0.0000,0.0000,0.9203,-0.3911,0.0000,0.3911,0.9203),
      ["RightUpperLeg"] = CFrame.new(0.0599,0.4572,-0.0204,0.9718,-0.1721,0.1611,0.1688,0.0315,-0.9851,0.1644,0.9846,0.0596),
      ["RightLowerLeg"] = CFrame.new(0.0000,0.0000,0.0000,0.2241,0.9637,-0.1449,-0.9746,0.2216,-0.0333,-0.0000,0.1487,0.9889),
      ["LeftUpperLeg"] = CFrame.new(0.0009,0.4046,-0.0144,0.8993,0.4368,-0.0185,-0.0175,-0.0063,-0.9998,-0.4369,0.8995,0.0020),
      ["LeftLowerLeg"] = CFrame.new(0.0000,0.0000,0.0000,0.1319,-0.9901,0.0487,0.9913,0.1317,-0.0065,0.0000,0.0492,0.9988),
    }},
    {Time = 0.367, Data = {
      ["HumanoidRootPart"] = CFrame.new(0.0000,0.0000,0.0000,1.0000,0.0000,0.0000,0.0000,1.0000,0.0000,0.0000,0.0000,1.0000),
      ["LowerTorso"] = CFrame.new(0.0000,-1.9794,0.0000,1.0000,-0.0000,0.0000,0.0000,1.0000,-0.0000,0.0000,0.0000,1.0000),
      ["UpperTorso"] = CFrame.new(0.0000,0.0000,0.0000,1.0000,-0.0000,0.0000,0.0000,0.9882,-0.1532,0.0000,0.1532,0.9882),
      ["LeftUpperArm"] = CFrame.new(-0.0201,0.0242,0.1130,0.9761,-0.1904,-0.1048,-0.0977,0.0467,-0.9941,0.1942,0.9806,0.0270),
      ["LeftLowerArm"] = CFrame.new(0.0000,0.0000,0.0000,0.4742,-0.8624,0.1771,0.8793,0.4538,-0.1447,0.0444,0.2243,0.9735),
      ["Head"] = CFrame.new(-0.1139,-1.3746,-0.6316,0.9691,0.0935,0.2283,-0.1091,0.9924,0.0566,-0.2213,-0.0798,0.9719),
      ["RightUpperArm"] = CFrame.new(0.0000,0.0000,0.0000,1.0000,-0.0000,0.0000,0.0000,0.8485,0.5293,-0.0000,-0.5293,0.8485),
      ["RightLowerArm"] = CFrame.new(0.0000,0.0000,0.0000,1.0000,-0.0000,0.0000,0.0000,0.9203,-0.3911,0.0000,0.3911,0.9203),
      ["RightUpperLeg"] = CFrame.new(0.0599,0.4572,-0.0204,0.9718,-0.1721,0.1611,0.1688,0.0315,-0.9851,0.1644,0.9846,0.0596),
      ["RightLowerLeg"] = CFrame.new(0.0000,0.0000,0.0000,0.2241,0.9637,-0.1449,-0.9746,0.2216,-0.0333,-0.0000,0.1487,0.9889),
      ["LeftUpperLeg"] = CFrame.new(0.0009,0.4046,-0.0144,0.8993,0.4368,-0.0185,-0.0175,-0.0063,-0.9998,-0.4369,0.8995,0.0020),
      ["LeftLowerLeg"] = CFrame.new(0.0000,0.0000,0.0000,0.1319,-0.9901,0.0487,0.9913,0.1317,-0.0065,0.0000,0.0492,0.9988),
    }},
    {Time = 0.400, Data = {
      ["HumanoidRootPart"] = CFrame.new(0.0000,0.0000,0.0000,1.0000,0.0000,0.0000,0.0000,1.0000,0.0000,0.0000,0.0000,1.0000),
      ["LowerTorso"] = CFrame.new(0.0000,-1.9794,0.0000,1.0000,-0.0000,0.0000,0.0000,1.0000,-0.0000,0.0000,0.0000,1.0000),
      ["UpperTorso"] = CFrame.new(0.0000,0.0000,0.0000,1.0000,-0.0000,0.0000,0.0000,0.9882,-0.1532,0.0000,0.1532,0.9882),
      ["LeftUpperArm"] = CFrame.new(-0.0201,0.0242,0.1130,0.9761,-0.1904,-0.1048,-0.0977,0.0467,-0.9941,0.1942,0.9806,0.0270),
      ["LeftLowerArm"] = CFrame.new(0.0000,0.0000,0.0000,0.4781,-0.8608,0.1744,0.8772,0.4583,-0.1430,0.0432,0.2214,0.9742),
      ["Head"] = CFrame.new(-0.1139,-1.3746,-0.6316,0.9691,0.0935,0.2283,-0.1091,0.9924,0.0566,-0.2213,-0.0798,0.9719),
      ["RightUpperArm"] = CFrame.new(0.0000,0.0000,0.0000,1.0000,-0.0000,0.0000,0.0000,0.8485,0.5293,-0.0000,-0.5293,0.8485),
      ["RightLowerArm"] = CFrame.new(0.0000,0.0000,0.0000,1.0000,-0.0000,0.0000,0.0000,0.9203,-0.3911,0.0000,0.3911,0.9203),
      ["RightUpperLeg"] = CFrame.new(0.0599,0.4572,-0.0204,0.9718,-0.1721,0.1611,0.1688,0.0315,-0.9851,0.1644,0.9846,0.0596),
      ["RightLowerLeg"] = CFrame.new(0.0000,0.0000,0.0000,0.2241,0.9637,-0.1449,-0.9746,0.2216,-0.0333,-0.0000,0.1487,0.9889),
      ["LeftUpperLeg"] = CFrame.new(0.0009,0.4046,-0.0144,0.8993,0.4368,-0.0185,-0.0175,-0.0063,-0.9998,-0.4369,0.8995,0.0020),
      ["LeftLowerLeg"] = CFrame.new(0.0000,0.0000,0.0000,0.1319,-0.9901,0.0487,0.9913,0.1317,-0.0065,0.0000,0.0492,0.9988),
    }},
    {Time = 0.433, Data = {
      ["HumanoidRootPart"] = CFrame.new(0.0000,0.0000,0.0000,1.0000,0.0000,0.0000,0.0000,1.0000,0.0000,0.0000,0.0000,1.0000),
      ["LowerTorso"] = CFrame.new(0.0000,-1.9794,0.0000,1.0000,-0.0000,0.0000,0.0000,1.0000,-0.0000,0.0000,0.0000,1.0000),
      ["UpperTorso"] = CFrame.new(0.0000,0.0000,0.0000,1.0000,-0.0000,0.0000,0.0000,0.9882,-0.1532,0.0000,0.1532,0.9882),
      ["LeftUpperArm"] = CFrame.new(-0.0201,0.0242,0.1130,0.9761,-0.1904,-0.1048,-0.0977,0.0467,-0.9941,0.1942,0.9806,0.0270),
      ["LeftLowerArm"] = CFrame.new(0.0000,0.0000,0.0000,0.4820,-0.8592,0.1717,0.8752,0.4627,-0.1413,0.0419,0.2184,0.9750),
      ["Head"] = CFrame.new(-0.1139,-1.3746,-0.6316,0.9691,0.0935,0.2283,-0.1091,0.9924,0.0566,-0.2213,-0.0798,0.9719),
      ["RightUpperArm"] = CFrame.new(0.0000,0.0000,0.0000,1.0000,-0.0000,0.0000,0.0000,0.8485,0.5293,-0.0000,-0.5293,0.8485),
      ["RightLowerArm"] = CFrame.new(0.0000,0.0000,0.0000,1.0000,-0.0000,0.0000,0.0000,0.9203,-0.3911,0.0000,0.3911,0.9203),
      ["RightUpperLeg"] = CFrame.new(0.0599,0.4572,-0.0204,0.9718,-0.1721,0.1611,0.1688,0.0315,-0.9851,0.1644,0.9846,0.0596),
      ["RightLowerLeg"] = CFrame.new(0.0000,0.0000,0.0000,0.2241,0.9637,-0.1449,-0.9746,0.2216,-0.0333,-0.0000,0.1487,0.9889),
      ["LeftUpperLeg"] = CFrame.new(0.0009,0.4046,-0.0144,0.8993,0.4368,-0.0185,-0.0175,-0.0063,-0.9998,-0.4369,0.8995,0.0020),
      ["LeftLowerLeg"] = CFrame.new(0.0000,0.0000,0.0000,0.1319,-0.9901,0.0487,0.9913,0.1317,-0.0065,0.0000,0.0492,0.9988),
    }},
    {Time = 0.467, Data = {
      ["HumanoidRootPart"] = CFrame.new(0.0000,0.0000,0.0000,1.0000,0.0000,0.0000,0.0000,1.0000,0.0000,0.0000,0.0000,1.0000),
      ["LowerTorso"] = CFrame.new(0.0000,-1.9794,0.0000,1.0000,-0.0000,0.0000,0.0000,1.0000,-0.0000,0.0000,0.0000,1.0000),
      ["UpperTorso"] = CFrame.new(0.0000,0.0000,0.0000,1.0000,-0.0000,0.0000,0.0000,0.9882,-0.1532,0.0000,0.1532,0.9882),
      ["LeftUpperArm"] = CFrame.new(-0.0201,0.0242,0.1130,0.9761,-0.1904,-0.1048,-0.0977,0.0467,-0.9941,0.1942,0.9806,0.0270),
      ["LeftLowerArm"] = CFrame.new(0.0000,0.0000,0.0000,0.4859,-0.8575,0.1690,0.8731,0.4672,-0.1396,0.0408,0.2154,0.9757),
      ["Head"] = CFrame.new(-0.1139,-1.3746,-0.6316,0.9691,0.0935,0.2283,-0.1091,0.9924,0.0566,-0.2213,-0.0798,0.9719),
      ["RightUpperArm"] = CFrame.new(0.0000,0.0000,0.0000,1.0000,-0.0000,0.0000,0.0000,0.8485,0.5293,-0.0000,-0.5293,0.8485),
      ["RightLowerArm"] = CFrame.new(0.0000,0.0000,0.0000,1.0000,-0.0000,0.0000,0.0000,0.9203,-0.3911,0.0000,0.3911,0.9203),
      ["RightUpperLeg"] = CFrame.new(0.0599,0.4572,-0.0204,0.9718,-0.1721,0.1611,0.1688,0.0315,-0.9851,0.1644,0.9846,0.0596),
      ["RightLowerLeg"] = CFrame.new(0.0000,0.0000,0.0000,0.2241,0.9637,-0.1449,-0.9746,0.2216,-0.0333,-0.0000,0.1487,0.9889),
      ["LeftUpperLeg"] = CFrame.new(0.0009,0.4046,-0.0144,0.8993,0.4368,-0.0185,-0.0175,-0.0063,-0.9998,-0.4369,0.8995,0.0020),
      ["LeftLowerLeg"] = CFrame.new(0.0000,0.0000,0.0000,0.1319,-0.9901,0.0487,0.9913,0.1317,-0.0065,0.0000,0.0492,0.9988),
    }},
    {Time = 0.500, Data = {
      ["HumanoidRootPart"] = CFrame.new(0.0000,0.0000,0.0000,1.0000,0.0000,0.0000,0.0000,1.0000,0.0000,0.0000,0.0000,1.0000),
      ["LowerTorso"] = CFrame.new(0.0000,-1.9794,0.0000,1.0000,-0.0000,0.0000,0.0000,1.0000,-0.0000,0.0000,0.0000,1.0000),
      ["UpperTorso"] = CFrame.new(0.0000,0.0000,0.0000,1.0000,-0.0000,0.0000,0.0000,0.9882,-0.1532,0.0000,0.1532,0.9882),
      ["LeftUpperArm"] = CFrame.new(-0.0201,0.0242,0.1130,0.9761,-0.1904,-0.1048,-0.0977,0.0467,-0.9941,0.1942,0.9806,0.0270),
      ["LeftLowerArm"] = CFrame.new(0.0000,0.0000,0.0000,0.4898,-0.8558,0.1663,0.8709,0.4716,-0.1379,0.0396,0.2123,0.9764),
      ["Head"] = CFrame.new(-0.1139,-1.3746,-0.6316,0.9691,0.0935,0.2283,-0.1091,0.9924,0.0566,-0.2213,-0.0798,0.9719),
      ["RightUpperArm"] = CFrame.new(0.0000,0.0000,0.0000,1.0000,-0.0000,0.0000,0.0000,0.8485,0.5293,-0.0000,-0.5293,0.8485),
      ["RightLowerArm"] = CFrame.new(0.0000,0.0000,0.0000,1.0000,-0.0000,0.0000,0.0000,0.9203,-0.3911,0.0000,0.3911,0.9203),
      ["RightUpperLeg"] = CFrame.new(0.0599,0.4572,-0.0204,0.9718,-0.1721,0.1611,0.1688,0.0315,-0.9851,0.1644,0.9846,0.0596),
      ["RightLowerLeg"] = CFrame.new(0.0000,0.0000,0.0000,0.2241,0.9637,-0.1449,-0.9746,0.2216,-0.0333,-0.0000,0.1487,0.9889),
      ["LeftUpperLeg"] = CFrame.new(0.0009,0.4046,-0.0144,0.8993,0.4368,-0.0185,-0.0175,-0.0063,-0.9998,-0.4369,0.8995,0.0020),
      ["LeftLowerLeg"] = CFrame.new(0.0000,0.0000,0.0000,0.1319,-0.9901,0.0487,0.9913,0.1317,-0.0065,0.0000,0.0492,0.9988),
    }},
    {Time = 0.533, Data = {
      ["HumanoidRootPart"] = CFrame.new(0.0000,0.0000,0.0000,1.0000,0.0000,0.0000,0.0000,1.0000,0.0000,0.0000,0.0000,1.0000),
      ["LowerTorso"] = CFrame.new(0.0000,-1.9794,0.0000,1.0000,-0.0000,0.0000,0.0000,1.0000,-0.0000,0.0000,0.0000,1.0000),
      ["UpperTorso"] = CFrame.new(0.0000,0.0000,0.0000,1.0000,-0.0000,0.0000,0.0000,0.9882,-0.1532,0.0000,0.1532,0.9882),
      ["LeftUpperArm"] = CFrame.new(-0.0201,0.0242,0.1130,0.9761,-0.1904,-0.1048,-0.0977,0.0467,-0.9941,0.1942,0.9806,0.0270),
      ["LeftLowerArm"] = CFrame.new(0.0000,0.0000,0.0000,0.4937,-0.8541,0.1635,0.8688,0.4761,-0.1362,0.0385,0.2093,0.9771),
      ["Head"] = CFrame.new(-0.1139,-1.3746,-0.6316,0.9691,0.0935,0.2283,-0.1091,0.9924,0.0566,-0.2213,-0.0798,0.9719),
      ["RightUpperArm"] = CFrame.new(0.0000,0.0000,0.0000,1.0000,-0.0000,0.0000,0.0000,0.8485,0.5293,-0.0000,-0.5293,0.8485),
      ["RightLowerArm"] = CFrame.new(0.0000,0.0000,0.0000,1.0000,-0.0000,0.0000,0.0000,0.9203,-0.3911,0.0000,0.3911,0.9203),
      ["RightUpperLeg"] = CFrame.new(0.0599,0.4572,-0.0204,0.9718,-0.1721,0.1611,0.1688,0.0315,-0.9851,0.1644,0.9846,0.0596),
      ["RightLowerLeg"] = CFrame.new(0.0000,0.0000,0.0000,0.2241,0.9637,-0.1449,-0.9746,0.2216,-0.0333,-0.0000,0.1487,0.9889),
      ["LeftUpperLeg"] = CFrame.new(0.0009,0.4046,-0.0144,0.8993,0.4368,-0.0185,-0.0175,-0.0063,-0.9998,-0.4369,0.8995,0.0020),
      ["LeftLowerLeg"] = CFrame.new(0.0000,0.0000,0.0000,0.1319,-0.9901,0.0487,0.9913,0.1317,-0.0065,0.0000,0.0492,0.9988),
    }},
    {Time = 0.567, Data = {
      ["HumanoidRootPart"] = CFrame.new(0.0000,0.0000,0.0000,1.0000,0.0000,0.0000,0.0000,1.0000,0.0000,0.0000,0.0000,1.0000),
      ["LowerTorso"] = CFrame.new(0.0000,-1.9794,0.0000,1.0000,-0.0000,0.0000,0.0000,1.0000,-0.0000,0.0000,0.0000,1.0000),
      ["UpperTorso"] = CFrame.new(0.0000,0.0000,0.0000,1.0000,-0.0000,0.0000,0.0000,0.9882,-0.1532,0.0000,0.1532,0.9882),
      ["LeftUpperArm"] = CFrame.new(-0.0201,0.0242,0.1130,0.9761,-0.1904,-0.1048,-0.0977,0.0467,-0.9941,0.1942,0.9806,0.0270),
      ["LeftLowerArm"] = CFrame.new(0.0000,0.0000,0.0000,0.4975,-0.8524,0.1608,0.8666,0.4805,-0.1345,0.0374,0.2063,0.9778),
      ["Head"] = CFrame.new(-0.1139,-1.3746,-0.6316,0.9691,0.0935,0.2283,-0.1091,0.9924,0.0566,-0.2213,-0.0798,0.9719),
      ["RightUpperArm"] = CFrame.new(0.0000,0.0000,0.0000,1.0000,-0.0000,0.0000,0.0000,0.8485,0.5293,-0.0000,-0.5293,0.8485),
      ["RightLowerArm"] = CFrame.new(0.0000,0.0000,0.0000,1.0000,-0.0000,0.0000,0.0000,0.9203,-0.3911,0.0000,0.3911,0.9203),
      ["RightUpperLeg"] = CFrame.new(0.0599,0.4572,-0.0204,0.9718,-0.1721,0.1611,0.1688,0.0315,-0.9851,0.1644,0.9846,0.0596),
      ["RightLowerLeg"] = CFrame.new(0.0000,0.0000,0.0000,0.2241,0.9637,-0.1449,-0.9746,0.2216,-0.0333,-0.0000,0.1487,0.9889),
      ["LeftUpperLeg"] = CFrame.new(0.0009,0.4046,-0.0144,0.8993,0.4368,-0.0185,-0.0175,-0.0063,-0.9998,-0.4369,0.8995,0.0020),
      ["LeftLowerLeg"] = CFrame.new(0.0000,0.0000,0.0000,0.1319,-0.9901,0.0487,0.9913,0.1317,-0.0065,0.0000,0.0492,0.9988),
    }},
    {Time = 0.600, Data = {
      ["HumanoidRootPart"] = CFrame.new(0.0000,0.0000,0.0000,1.0000,0.0000,0.0000,0.0000,1.0000,0.0000,0.0000,0.0000,1.0000),
      ["LowerTorso"] = CFrame.new(0.0000,-1.9794,0.0000,1.0000,-0.0000,0.0000,0.0000,1.0000,-0.0000,0.0000,0.0000,1.0000),
      ["UpperTorso"] = CFrame.new(0.0000,0.0000,0.0000,1.0000,-0.0000,0.0000,0.0000,0.9882,-0.1532,0.0000,0.1532,0.9882),
      ["LeftUpperArm"] = CFrame.new(-0.0201,0.0242,0.1130,0.9761,-0.1904,-0.1048,-0.0977,0.0467,-0.9941,0.1942,0.9806,0.0270),
      ["LeftLowerArm"] = CFrame.new(0.0000,0.0000,0.0000,0.5014,-0.8507,0.1581,0.8645,0.4848,-0.1328,0.0363,0.2032,0.9785),
      ["Head"] = CFrame.new(-0.1139,-1.3746,-0.6316,0.9691,0.0935,0.2283,-0.1091,0.9924,0.0566,-0.2213,-0.0798,0.9719),
      ["RightUpperArm"] = CFrame.new(0.0000,0.0000,0.0000,1.0000,-0.0000,0.0000,0.0000,0.8485,0.5293,-0.0000,-0.5293,0.8485),
      ["RightLowerArm"] = CFrame.new(0.0000,0.0000,0.0000,1.0000,-0.0000,0.0000,0.0000,0.9203,-0.3911,0.0000,0.3911,0.9203),
      ["RightUpperLeg"] = CFrame.new(0.0599,0.4572,-0.0204,0.9718,-0.1721,0.1611,0.1688,0.0315,-0.9851,0.1644,0.9846,0.0596),
      ["RightLowerLeg"] = CFrame.new(0.0000,0.0000,0.0000,0.2241,0.9637,-0.1449,-0.9746,0.2216,-0.0333,-0.0000,0.1487,0.9889),
      ["LeftUpperLeg"] = CFrame.new(0.0009,0.4046,-0.0144,0.8993,0.4368,-0.0185,-0.0175,-0.0063,-0.9998,-0.4369,0.8995,0.0020),
      ["LeftLowerLeg"] = CFrame.new(0.0000,0.0000,0.0000,0.1319,-0.9901,0.0487,0.9913,0.1317,-0.0065,0.0000,0.0492,0.9988),
    }},
    {Time = 0.633, Data = {
      ["HumanoidRootPart"] = CFrame.new(0.0000,0.0000,0.0000,1.0000,0.0000,0.0000,0.0000,1.0000,0.0000,0.0000,0.0000,1.0000),
      ["LowerTorso"] = CFrame.new(0.0000,-1.9794,0.0000,1.0000,-0.0000,0.0000,0.0000,1.0000,-0.0000,0.0000,0.0000,1.0000),
      ["UpperTorso"] = CFrame.new(0.0000,0.0000,0.0000,1.0000,-0.0000,0.0000,0.0000,0.9882,-0.1532,0.0000,0.1532,0.9882),
      ["LeftUpperArm"] = CFrame.new(-0.0201,0.0242,0.1130,0.9761,-0.1904,-0.1048,-0.0977,0.0467,-0.9941,0.1942,0.9806,0.0270),
      ["LeftLowerArm"] = CFrame.new(0.0000,0.0000,0.0000,0.5052,-0.8489,0.1554,0.8623,0.4892,-0.1311,0.0353,0.2002,0.9791),
      ["Head"] = CFrame.new(-0.1139,-1.3746,-0.6316,0.9691,0.0935,0.2283,-0.1091,0.9924,0.0566,-0.2213,-0.0798,0.9719),
      ["RightUpperArm"] = CFrame.new(0.0000,0.0000,0.0000,1.0000,-0.0000,0.0000,0.0000,0.8485,0.5293,-0.0000,-0.5293,0.8485),
      ["RightLowerArm"] = CFrame.new(0.0000,0.0000,0.0000,1.0000,-0.0000,0.0000,0.0000,0.9203,-0.3911,0.0000,0.3911,0.9203),
      ["RightUpperLeg"] = CFrame.new(0.0599,0.4572,-0.0204,0.9718,-0.1721,0.1611,0.1688,0.0315,-0.9851,0.1644,0.9846,0.0596),
      ["RightLowerLeg"] = CFrame.new(0.0000,0.0000,0.0000,0.2241,0.9637,-0.1449,-0.9746,0.2216,-0.0333,-0.0000,0.1487,0.9889),
      ["LeftUpperLeg"] = CFrame.new(0.0009,0.4046,-0.0144,0.8993,0.4368,-0.0185,-0.0175,-0.0063,-0.9998,-0.4369,0.8995,0.0020),
      ["LeftLowerLeg"] = CFrame.new(0.0000,0.0000,0.0000,0.1319,-0.9901,0.0487,0.9913,0.1317,-0.0065,0.0000,0.0492,0.9988),
    }},
    {Time = 0.667, Data = {
      ["HumanoidRootPart"] = CFrame.new(0.0000,0.0000,0.0000,1.0000,0.0000,0.0000,0.0000,1.0000,0.0000,0.0000,0.0000,1.0000),
      ["LowerTorso"] = CFrame.new(0.0000,-1.9794,0.0000,1.0000,-0.0000,0.0000,0.0000,1.0000,-0.0000,0.0000,0.0000,1.0000),
      ["UpperTorso"] = CFrame.new(0.0000,0.0000,0.0000,1.0000,-0.0000,0.0000,0.0000,0.9882,-0.1532,0.0000,0.1532,0.9882),
      ["LeftUpperArm"] = CFrame.new(-0.0201,0.0242,0.1130,0.9761,-0.1904,-0.1048,-0.0977,0.0467,-0.9941,0.1942,0.9806,0.0270),
      ["LeftLowerArm"] = CFrame.new(0.0000,0.0000,0.0000,0.5091,-0.8471,0.1526,0.8600,0.4935,-0.1294,0.0342,0.1971,0.9798),
      ["Head"] = CFrame.new(-0.1139,-1.3746,-0.6316,0.9691,0.0935,0.2283,-0.1091,0.9924,0.0566,-0.2213,-0.0798,0.9719),
      ["RightUpperArm"] = CFrame.new(0.0000,0.0000,0.0000,1.0000,-0.0000,0.0000,0.0000,0.8485,0.5293,-0.0000,-0.5293,0.8485),
      ["RightLowerArm"] = CFrame.new(0.0000,0.0000,0.0000,1.0000,-0.0000,0.0000,0.0000,0.9203,-0.3911,0.0000,0.3911,0.9203),
      ["RightUpperLeg"] = CFrame.new(0.0599,0.4572,-0.0204,0.9718,-0.1721,0.1611,0.1688,0.0315,-0.9851,0.1644,0.9846,0.0596),
      ["RightLowerLeg"] = CFrame.new(0.0000,0.0000,0.0000,0.2241,0.9637,-0.1449,-0.9746,0.2216,-0.0333,-0.0000,0.1487,0.9889),
      ["LeftUpperLeg"] = CFrame.new(0.0009,0.4046,-0.0144,0.8993,0.4368,-0.0185,-0.0175,-0.0063,-0.9998,-0.4369,0.8995,0.0020),
      ["LeftLowerLeg"] = CFrame.new(0.0000,0.0000,0.0000,0.1319,-0.9901,0.0487,0.9913,0.1317,-0.0065,0.0000,0.0492,0.9988),
    }},
    {Time = 0.700, Data = {
      ["HumanoidRootPart"] = CFrame.new(0.0000,0.0000,0.0000,1.0000,0.0000,0.0000,0.0000,1.0000,0.0000,0.0000,0.0000,1.0000),
      ["LowerTorso"] = CFrame.new(0.0000,-1.9794,0.0000,1.0000,-0.0000,0.0000,0.0000,1.0000,-0.0000,0.0000,0.0000,1.0000),
      ["UpperTorso"] = CFrame.new(0.0000,0.0000,0.0000,1.0000,-0.0000,0.0000,0.0000,0.9882,-0.1532,0.0000,0.1532,0.9882),
      ["LeftUpperArm"] = CFrame.new(-0.0201,0.0242,0.1130,0.9761,-0.1904,-0.1048,-0.0977,0.0467,-0.9941,0.1942,0.9806,0.0270),
      ["LeftLowerArm"] = CFrame.new(0.0000,0.0000,0.0000,0.5129,-0.8453,0.1499,0.8578,0.4979,-0.1276,0.0333,0.1941,0.9804),
      ["Head"] = CFrame.new(-0.1139,-1.3746,-0.6316,0.9691,0.0935,0.2283,-0.1091,0.9924,0.0566,-0.2213,-0.0798,0.9719),
      ["RightUpperArm"] = CFrame.new(0.0000,0.0000,0.0000,1.0000,-0.0000,0.0000,0.0000,0.8485,0.5293,-0.0000,-0.5293,0.8485),
      ["RightLowerArm"] = CFrame.new(0.0000,0.0000,0.0000,1.0000,-0.0000,0.0000,0.0000,0.9203,-0.3911,0.0000,0.3911,0.9203),
      ["RightUpperLeg"] = CFrame.new(0.0599,0.4572,-0.0204,0.9718,-0.1721,0.1611,0.1688,0.0315,-0.9851,0.1644,0.9846,0.0596),
      ["RightLowerLeg"] = CFrame.new(0.0000,0.0000,0.0000,0.2241,0.9637,-0.1449,-0.9746,0.2216,-0.0333,-0.0000,0.1487,0.9889),
      ["LeftUpperLeg"] = CFrame.new(0.0009,0.4046,-0.0144,0.8993,0.4368,-0.0185,-0.0175,-0.0063,-0.9998,-0.4369,0.8995,0.0020),
      ["LeftLowerLeg"] = CFrame.new(0.0000,0.0000,0.0000,0.1319,-0.9901,0.0487,0.9913,0.1317,-0.0065,0.0000,0.0492,0.9988),
    }},
    {Time = 0.733, Data = {
      ["HumanoidRootPart"] = CFrame.new(0.0000,0.0000,0.0000,1.0000,0.0000,0.0000,0.0000,1.0000,0.0000,0.0000,0.0000,1.0000),
      ["LowerTorso"] = CFrame.new(0.0000,-1.9794,0.0000,1.0000,-0.0000,0.0000,0.0000,1.0000,-0.0000,0.0000,0.0000,1.0000),
      ["UpperTorso"] = CFrame.new(0.0000,0.0000,0.0000,1.0000,-0.0000,0.0000,0.0000,0.9882,-0.1532,0.0000,0.1532,0.9882),
      ["LeftUpperArm"] = CFrame.new(-0.0201,0.0242,0.1130,0.9761,-0.1904,-0.1048,-0.0977,0.0467,-0.9941,0.1942,0.9806,0.0270),
      ["LeftLowerArm"] = CFrame.new(0.0000,0.0000,0.0000,0.5167,-0.8434,0.1472,0.8556,0.5022,-0.1259,0.0323,0.1910,0.9811),
      ["Head"] = CFrame.new(-0.1139,-1.3746,-0.6316,0.9691,0.0935,0.2283,-0.1091,0.9924,0.0566,-0.2213,-0.0798,0.9719),
      ["RightUpperArm"] = CFrame.new(0.0000,0.0000,0.0000,1.0000,-0.0000,0.0000,0.0000,0.8485,0.5293,-0.0000,-0.5293,0.8485),
      ["RightLowerArm"] = CFrame.new(0.0000,0.0000,0.0000,1.0000,-0.0000,0.0000,0.0000,0.9203,-0.3911,0.0000,0.3911,0.9203),
      ["RightUpperLeg"] = CFrame.new(0.0599,0.4572,-0.0204,0.9718,-0.1721,0.1611,0.1688,0.0315,-0.9851,0.1644,0.9846,0.0596),
      ["RightLowerLeg"] = CFrame.new(0.0000,0.0000,0.0000,0.2241,0.9637,-0.1449,-0.9746,0.2216,-0.0333,-0.0000,0.1487,0.9889),
      ["LeftUpperLeg"] = CFrame.new(0.0009,0.4046,-0.0144,0.8993,0.4368,-0.0185,-0.0175,-0.0063,-0.9998,-0.4369,0.8995,0.0020),
      ["LeftLowerLeg"] = CFrame.new(0.0000,0.0000,0.0000,0.1319,-0.9901,0.0487,0.9913,0.1317,-0.0065,0.0000,0.0492,0.9988),
    }},
    {Time = 0.767, Data = {
      ["HumanoidRootPart"] = CFrame.new(0.0000,0.0000,0.0000,1.0000,0.0000,0.0000,0.0000,1.0000,0.0000,0.0000,0.0000,1.0000),
      ["LowerTorso"] = CFrame.new(0.0000,-1.9794,0.0000,1.0000,-0.0000,0.0000,0.0000,1.0000,-0.0000,0.0000,0.0000,1.0000),
      ["UpperTorso"] = CFrame.new(0.0000,0.0000,0.0000,1.0000,-0.0000,0.0000,0.0000,0.9882,-0.1532,0.0000,0.1532,0.9882),
      ["LeftUpperArm"] = CFrame.new(-0.0201,0.0242,0.1130,0.9761,-0.1904,-0.1048,-0.0977,0.0467,-0.9941,0.1942,0.9806,0.0270),
      ["LeftLowerArm"] = CFrame.new(0.0000,0.0000,0.0000,0.5205,-0.8415,0.1445,0.8533,0.5064,-0.1242,0.0314,0.1879,0.9817),
      ["Head"] = CFrame.new(-0.1139,-1.3746,-0.6316,0.9691,0.0935,0.2283,-0.1091,0.9924,0.0566,-0.2213,-0.0798,0.9719),
      ["RightUpperArm"] = CFrame.new(0.0000,0.0000,0.0000,1.0000,-0.0000,0.0000,0.0000,0.8485,0.5293,-0.0000,-0.5293,0.8485),
      ["RightLowerArm"] = CFrame.new(0.0000,0.0000,0.0000,1.0000,-0.0000,0.0000,0.0000,0.9203,-0.3911,0.0000,0.3911,0.9203),
      ["RightUpperLeg"] = CFrame.new(0.0599,0.4572,-0.0204,0.9718,-0.1721,0.1611,0.1688,0.0315,-0.9851,0.1644,0.9846,0.0596),
      ["RightLowerLeg"] = CFrame.new(0.0000,0.0000,0.0000,0.2241,0.9637,-0.1449,-0.9746,0.2216,-0.0333,-0.0000,0.1487,0.9889),
      ["LeftUpperLeg"] = CFrame.new(0.0009,0.4046,-0.0144,0.8993,0.4368,-0.0185,-0.0175,-0.0063,-0.9998,-0.4369,0.8995,0.0020),
      ["LeftLowerLeg"] = CFrame.new(0.0000,0.0000,0.0000,0.1319,-0.9901,0.0487,0.9913,0.1317,-0.0065,0.0000,0.0492,0.9988),
    }},
    {Time = 0.800, Data = {
      ["HumanoidRootPart"] = CFrame.new(0.0000,0.0000,0.0000,1.0000,0.0000,0.0000,0.0000,1.0000,0.0000,0.0000,0.0000,1.0000),
      ["LowerTorso"] = CFrame.new(0.0000,-1.9794,0.0000,1.0000,-0.0000,0.0000,0.0000,1.0000,-0.0000,0.0000,0.0000,1.0000),
      ["UpperTorso"] = CFrame.new(0.0000,0.0000,0.0000,1.0000,-0.0000,0.0000,0.0000,0.9882,-0.1532,0.0000,0.1532,0.9882),
      ["LeftUpperArm"] = CFrame.new(-0.0201,0.0242,0.1130,0.9761,-0.1904,-0.1048,-0.0977,0.0467,-0.9941,0.1942,0.9806,0.0270),
      ["LeftLowerArm"] = CFrame.new(0.0000,0.0000,0.0000,0.5243,-0.8397,0.1417,0.8510,0.5107,-0.1225,0.0305,0.1848,0.9823),
      ["Head"] = CFrame.new(-0.1139,-1.3746,-0.6316,0.9691,0.0935,0.2283,-0.1091,0.9924,0.0566,-0.2213,-0.0798,0.9719),
      ["RightUpperArm"] = CFrame.new(0.0000,0.0000,0.0000,1.0000,-0.0000,0.0000,0.0000,0.8485,0.5293,-0.0000,-0.5293,0.8485),
      ["RightLowerArm"] = CFrame.new(0.0000,0.0000,0.0000,1.0000,-0.0000,0.0000,0.0000,0.9203,-0.3911,0.0000,0.3911,0.9203),
      ["RightUpperLeg"] = CFrame.new(0.0599,0.4572,-0.0204,0.9718,-0.1721,0.1611,0.1688,0.0315,-0.9851,0.1644,0.9846,0.0596),
      ["RightLowerLeg"] = CFrame.new(0.0000,0.0000,0.0000,0.2241,0.9637,-0.1449,-0.9746,0.2216,-0.0333,-0.0000,0.1487,0.9889),
      ["LeftUpperLeg"] = CFrame.new(0.0009,0.4046,-0.0144,0.8993,0.4368,-0.0185,-0.0175,-0.0063,-0.9998,-0.4369,0.8995,0.0020),
      ["LeftLowerLeg"] = CFrame.new(0.0000,0.0000,0.0000,0.1319,-0.9901,0.0487,0.9913,0.1317,-0.0065,0.0000,0.0492,0.9988),
    }},
    {Time = 0.833, Data = {
      ["HumanoidRootPart"] = CFrame.new(0.0000,0.0000,0.0000,1.0000,0.0000,0.0000,0.0000,1.0000,0.0000,0.0000,0.0000,1.0000),
      ["LowerTorso"] = CFrame.new(0.0000,-1.9794,0.0000,1.0000,-0.0000,0.0000,0.0000,1.0000,-0.0000,0.0000,0.0000,1.0000),
      ["UpperTorso"] = CFrame.new(0.0000,0.0000,0.0000,1.0000,-0.0000,0.0000,0.0000,0.9882,-0.1532,0.0000,0.1532,0.9882),
      ["LeftUpperArm"] = CFrame.new(-0.0201,0.0242,0.1130,0.9761,-0.1904,-0.1048,-0.0977,0.0467,-0.9941,0.1942,0.9806,0.0270),
      ["LeftLowerArm"] = CFrame.new(0.0000,0.0000,0.0000,0.5281,-0.8377,0.1390,0.8487,0.5149,-0.1208,0.0296,0.1817,0.9829),
      ["Head"] = CFrame.new(-0.1139,-1.3746,-0.6316,0.9691,0.0935,0.2283,-0.1091,0.9924,0.0566,-0.2213,-0.0798,0.9719),
      ["RightUpperArm"] = CFrame.new(0.0000,0.0000,0.0000,1.0000,-0.0000,0.0000,0.0000,0.8485,0.5293,-0.0000,-0.5293,0.8485),
      ["RightLowerArm"] = CFrame.new(0.0000,0.0000,0.0000,1.0000,-0.0000,0.0000,0.0000,0.9203,-0.3911,0.0000,0.3911,0.9203),
      ["RightUpperLeg"] = CFrame.new(0.0599,0.4572,-0.0204,0.9718,-0.1721,0.1611,0.1688,0.0315,-0.9851,0.1644,0.9846,0.0596),
      ["RightLowerLeg"] = CFrame.new(0.0000,0.0000,0.0000,0.2241,0.9637,-0.1449,-0.9746,0.2216,-0.0333,-0.0000,0.1487,0.9889),
      ["LeftUpperLeg"] = CFrame.new(0.0009,0.4046,-0.0144,0.8993,0.4368,-0.0185,-0.0175,-0.0063,-0.9998,-0.4369,0.8995,0.0020),
      ["LeftLowerLeg"] = CFrame.new(0.0000,0.0000,0.0000,0.1319,-0.9901,0.0487,0.9913,0.1317,-0.0065,0.0000,0.0492,0.9988),
    }},
    {Time = 0.867, Data = {
      ["HumanoidRootPart"] = CFrame.new(0.0000,0.0000,0.0000,1.0000,0.0000,0.0000,0.0000,1.0000,0.0000,0.0000,0.0000,1.0000),
      ["LowerTorso"] = CFrame.new(0.0000,-1.9794,0.0000,1.0000,-0.0000,0.0000,0.0000,1.0000,-0.0000,0.0000,0.0000,1.0000),
      ["UpperTorso"] = CFrame.new(0.0000,0.0000,0.0000,1.0000,-0.0000,0.0000,0.0000,0.9882,-0.1532,0.0000,0.1532,0.9882),
      ["LeftUpperArm"] = CFrame.new(-0.0201,0.0242,0.1130,0.9761,-0.1904,-0.1048,-0.0977,0.0467,-0.9941,0.1942,0.9806,0.0270),
      ["LeftLowerArm"] = CFrame.new(0.0000,0.0000,0.0000,0.5319,-0.8358,0.1363,0.8463,0.5192,-0.1190,0.0287,0.1786,0.9835),
      ["Head"] = CFrame.new(-0.1139,-1.3746,-0.6316,0.9691,0.0935,0.2283,-0.1091,0.9924,0.0566,-0.2213,-0.0798,0.9719),
      ["RightUpperArm"] = CFrame.new(0.0000,0.0000,0.0000,1.0000,-0.0000,0.0000,0.0000,0.8485,0.5293,-0.0000,-0.5293,0.8485),
      ["RightLowerArm"] = CFrame.new(0.0000,0.0000,0.0000,1.0000,-0.0000,0.0000,0.0000,0.9203,-0.3911,0.0000,0.3911,0.9203),
      ["RightUpperLeg"] = CFrame.new(0.0599,0.4572,-0.0204,0.9718,-0.1721,0.1611,0.1688,0.0315,-0.9851,0.1644,0.9846,0.0596),
      ["RightLowerLeg"] = CFrame.new(0.0000,0.0000,0.0000,0.2241,0.9637,-0.1449,-0.9746,0.2216,-0.0333,-0.0000,0.1487,0.9889),
      ["LeftUpperLeg"] = CFrame.new(0.0009,0.4046,-0.0144,0.8993,0.4368,-0.0185,-0.0175,-0.0063,-0.9998,-0.4369,0.8995,0.0020),
      ["LeftLowerLeg"] = CFrame.new(0.0000,0.0000,0.0000,0.1319,-0.9901,0.0487,0.9913,0.1317,-0.0065,0.0000,0.0492,0.9988),
    }},
    {Time = 0.900, Data = {
      ["HumanoidRootPart"] = CFrame.new(0.0000,0.0000,0.0000,1.0000,0.0000,0.0000,0.0000,1.0000,0.0000,0.0000,0.0000,1.0000),
      ["LowerTorso"] = CFrame.new(0.0000,-1.9794,0.0000,1.0000,-0.0000,0.0000,0.0000,1.0000,-0.0000,0.0000,0.0000,1.0000),
      ["UpperTorso"] = CFrame.new(0.0000,0.0000,0.0000,1.0000,-0.0000,0.0000,0.0000,0.9882,-0.1532,0.0000,0.1532,0.9882),
      ["LeftUpperArm"] = CFrame.new(-0.0201,0.0242,0.1130,0.9761,-0.1904,-0.1048,-0.0977,0.0467,-0.9941,0.1942,0.9806,0.0270),
      ["LeftLowerArm"] = CFrame.new(0.0000,0.0000,0.0000,0.5356,-0.8338,0.1335,0.8440,0.5234,-0.1173,0.0279,0.1755,0.9841),
      ["Head"] = CFrame.new(-0.1139,-1.3746,-0.6316,0.9691,0.0935,0.2283,-0.1091,0.9924,0.0566,-0.2213,-0.0798,0.9719),
      ["RightUpperArm"] = CFrame.new(0.0000,0.0000,0.0000,1.0000,-0.0000,0.0000,0.0000,0.8485,0.5293,-0.0000,-0.5293,0.8485),
      ["RightLowerArm"] = CFrame.new(0.0000,0.0000,0.0000,1.0000,-0.0000,0.0000,0.0000,0.9203,-0.3911,0.0000,0.3911,0.9203),
      ["RightUpperLeg"] = CFrame.new(0.0599,0.4572,-0.0204,0.9718,-0.1721,0.1611,0.1688,0.0315,-0.9851,0.1644,0.9846,0.0596),
      ["RightLowerLeg"] = CFrame.new(0.0000,0.0000,0.0000,0.2241,0.9637,-0.1449,-0.9746,0.2216,-0.0333,-0.0000,0.1487,0.9889),
      ["LeftUpperLeg"] = CFrame.new(0.0009,0.4046,-0.0144,0.8993,0.4368,-0.0185,-0.0175,-0.0063,-0.9998,-0.4369,0.8995,0.0020),
      ["LeftLowerLeg"] = CFrame.new(0.0000,0.0000,0.0000,0.1319,-0.9901,0.0487,0.9913,0.1317,-0.0065,0.0000,0.0492,0.9988),
    }},
    {Time = 0.933, Data = {
      ["HumanoidRootPart"] = CFrame.new(0.0000,0.0000,0.0000,1.0000,0.0000,0.0000,0.0000,1.0000,0.0000,0.0000,0.0000,1.0000),
      ["LowerTorso"] = CFrame.new(0.0000,-1.9794,0.0000,1.0000,-0.0000,0.0000,0.0000,1.0000,-0.0000,0.0000,0.0000,1.0000),
      ["UpperTorso"] = CFrame.new(0.0000,0.0000,0.0000,1.0000,-0.0000,0.0000,0.0000,0.9882,-0.1532,0.0000,0.1532,0.9882),
      ["LeftUpperArm"] = CFrame.new(-0.0201,0.0242,0.1130,0.9761,-0.1904,-0.1048,-0.0977,0.0467,-0.9941,0.1942,0.9806,0.0270),
      ["LeftLowerArm"] = CFrame.new(0.0000,0.0000,0.0000,0.5394,-0.8318,0.1308,0.8416,0.5276,-0.1156,0.0271,0.1724,0.9847),
      ["Head"] = CFrame.new(-0.1139,-1.3746,-0.6316,0.9691,0.0935,0.2283,-0.1091,0.9924,0.0566,-0.2213,-0.0798,0.9719),
      ["RightUpperArm"] = CFrame.new(0.0000,0.0000,0.0000,1.0000,-0.0000,0.0000,0.0000,0.8485,0.5293,-0.0000,-0.5293,0.8485),
      ["RightLowerArm"] = CFrame.new(0.0000,0.0000,0.0000,1.0000,-0.0000,0.0000,0.0000,0.9203,-0.3911,0.0000,0.3911,0.9203),
      ["RightUpperLeg"] = CFrame.new(0.0599,0.4572,-0.0204,0.9718,-0.1721,0.1611,0.1688,0.0315,-0.9851,0.1644,0.9846,0.0596),
      ["RightLowerLeg"] = CFrame.new(0.0000,0.0000,0.0000,0.2241,0.9637,-0.1449,-0.9746,0.2216,-0.0333,-0.0000,0.1487,0.9889),
      ["LeftUpperLeg"] = CFrame.new(0.0009,0.4046,-0.0144,0.8993,0.4368,-0.0185,-0.0175,-0.0063,-0.9998,-0.4369,0.8995,0.0020),
      ["LeftLowerLeg"] = CFrame.new(0.0000,0.0000,0.0000,0.1319,-0.9901,0.0487,0.9913,0.1317,-0.0065,0.0000,0.0492,0.9988),
    }},
    {Time = 0.967, Data = {
      ["HumanoidRootPart"] = CFrame.new(0.0000,0.0000,0.0000,1.0000,0.0000,0.0000,0.0000,1.0000,0.0000,0.0000,0.0000,1.0000),
      ["LowerTorso"] = CFrame.new(0.0000,-1.9794,0.0000,1.0000,-0.0000,0.0000,0.0000,1.0000,-0.0000,0.0000,0.0000,1.0000),
      ["UpperTorso"] = CFrame.new(0.0000,0.0000,0.0000,1.0000,-0.0000,0.0000,0.0000,0.9882,-0.1532,0.0000,0.1532,0.9882),
      ["LeftUpperArm"] = CFrame.new(-0.0201,0.0242,0.1130,0.9761,-0.1904,-0.1048,-0.0977,0.0467,-0.9941,0.1942,0.9806,0.0270),
      ["LeftLowerArm"] = CFrame.new(0.0000,0.0000,0.0000,0.5431,-0.8298,0.1281,0.8392,0.5317,-0.1138,0.0264,0.1693,0.9852),
      ["Head"] = CFrame.new(-0.1139,-1.3746,-0.6316,0.9691,0.0935,0.2283,-0.1091,0.9924,0.0566,-0.2213,-0.0798,0.9719),
      ["RightUpperArm"] = CFrame.new(0.0000,0.0000,0.0000,1.0000,-0.0000,0.0000,0.0000,0.8485,0.5293,-0.0000,-0.5293,0.8485),
      ["RightLowerArm"] = CFrame.new(0.0000,0.0000,0.0000,1.0000,-0.0000,0.0000,0.0000,0.9203,-0.3911,0.0000,0.3911,0.9203),
      ["RightUpperLeg"] = CFrame.new(0.0599,0.4572,-0.0204,0.9718,-0.1721,0.1611,0.1688,0.0315,-0.9851,0.1644,0.9846,0.0596),
      ["RightLowerLeg"] = CFrame.new(0.0000,0.0000,0.0000,0.2241,0.9637,-0.1449,-0.9746,0.2216,-0.0333,-0.0000,0.1487,0.9889),
      ["LeftUpperLeg"] = CFrame.new(0.0009,0.4046,-0.0144,0.8993,0.4368,-0.0185,-0.0175,-0.0063,-0.9998,-0.4369,0.8995,0.0020),
      ["LeftLowerLeg"] = CFrame.new(0.0000,0.0000,0.0000,0.1319,-0.9901,0.0487,0.9913,0.1317,-0.0065,0.0000,0.0492,0.9988),
    }},
    {Time = 1.000, Data = {
      ["HumanoidRootPart"] = CFrame.new(0.0000,0.0000,0.0000,1.0000,0.0000,0.0000,0.0000,1.0000,0.0000,0.0000,0.0000,1.0000),
      ["LowerTorso"] = CFrame.new(0.0000,-1.9794,0.0000,1.0000,-0.0000,0.0000,0.0000,1.0000,-0.0000,0.0000,0.0000,1.0000),
      ["UpperTorso"] = CFrame.new(0.0000,0.0000,0.0000,1.0000,-0.0000,0.0000,0.0000,0.9882,-0.1532,0.0000,0.1532,0.9882),
      ["LeftUpperArm"] = CFrame.new(-0.0201,0.0242,0.1130,0.9761,-0.1904,-0.1048,-0.0977,0.0467,-0.9941,0.1942,0.9806,0.0270),
      ["LeftLowerArm"] = CFrame.new(0.0000,0.0000,0.0000,0.5468,-0.8278,0.1253,0.8368,0.5359,-0.1121,0.0256,0.1662,0.9858),
      ["Head"] = CFrame.new(-0.1139,-1.3746,-0.6316,0.9691,0.0935,0.2283,-0.1091,0.9924,0.0566,-0.2213,-0.0798,0.9719),
      ["RightUpperArm"] = CFrame.new(0.0000,0.0000,0.0000,1.0000,-0.0000,0.0000,0.0000,0.8485,0.5293,-0.0000,-0.5293,0.8485),
      ["RightLowerArm"] = CFrame.new(0.0000,0.0000,0.0000,1.0000,-0.0000,0.0000,0.0000,0.9203,-0.3911,0.0000,0.3911,0.9203),
      ["RightUpperLeg"] = CFrame.new(0.0599,0.4572,-0.0204,0.9718,-0.1721,0.1611,0.1688,0.0315,-0.9851,0.1644,0.9846,0.0596),
      ["RightLowerLeg"] = CFrame.new(0.0000,0.0000,0.0000,0.2241,0.9637,-0.1449,-0.9746,0.2216,-0.0333,-0.0000,0.1487,0.9889),
      ["LeftUpperLeg"] = CFrame.new(0.0009,0.4046,-0.0144,0.8993,0.4368,-0.0185,-0.0175,-0.0063,-0.9998,-0.4369,0.8995,0.0020),
      ["LeftLowerLeg"] = CFrame.new(0.0000,0.0000,0.0000,0.1319,-0.9901,0.0487,0.9913,0.1317,-0.0065,0.0000,0.0492,0.9988),
    }},
    {Time = 1.033, Data = {
      ["HumanoidRootPart"] = CFrame.new(0.0000,0.0000,0.0000,1.0000,0.0000,0.0000,0.0000,1.0000,0.0000,0.0000,0.0000,1.0000),
      ["LowerTorso"] = CFrame.new(0.0000,-1.9794,0.0000,1.0000,-0.0000,0.0000,0.0000,1.0000,-0.0000,0.0000,0.0000,1.0000),
      ["UpperTorso"] = CFrame.new(0.0000,0.0000,0.0000,1.0000,-0.0000,0.0000,0.0000,0.9882,-0.1532,0.0000,0.1532,0.9882),
      ["LeftUpperArm"] = CFrame.new(-0.0201,0.0242,0.1130,0.9761,-0.1904,-0.1048,-0.0977,0.0467,-0.9941,0.1942,0.9806,0.0270),
      ["LeftLowerArm"] = CFrame.new(0.0000,0.0000,0.0000,0.5506,-0.8257,0.1226,0.8344,0.5400,-0.1103,0.0249,0.1630,0.9863),
      ["Head"] = CFrame.new(-0.1139,-1.3746,-0.6316,0.9691,0.0935,0.2283,-0.1091,0.9924,0.0566,-0.2213,-0.0798,0.9719),
      ["RightUpperArm"] = CFrame.new(0.0000,0.0000,0.0000,1.0000,-0.0000,0.0000,0.0000,0.8485,0.5293,-0.0000,-0.5293,0.8485),
      ["RightLowerArm"] = CFrame.new(0.0000,0.0000,0.0000,1.0000,-0.0000,0.0000,0.0000,0.9203,-0.3911,0.0000,0.3911,0.9203),
      ["RightUpperLeg"] = CFrame.new(0.0599,0.4572,-0.0204,0.9718,-0.1721,0.1611,0.1688,0.0315,-0.9851,0.1644,0.9846,0.0596),
      ["RightLowerLeg"] = CFrame.new(0.0000,0.0000,0.0000,0.2241,0.9637,-0.1449,-0.9746,0.2216,-0.0333,-0.0000,0.1487,0.9889),
      ["LeftUpperLeg"] = CFrame.new(0.0009,0.4046,-0.0144,0.8993,0.4368,-0.0185,-0.0175,-0.0063,-0.9998,-0.4369,0.8995,0.0020),
      ["LeftLowerLeg"] = CFrame.new(0.0000,0.0000,0.0000,0.1319,-0.9901,0.0487,0.9913,0.1317,-0.0065,0.0000,0.0492,0.9988),
    }},
    {Time = 1.067, Data = {
      ["HumanoidRootPart"] = CFrame.new(0.0000,0.0000,0.0000,1.0000,0.0000,0.0000,0.0000,1.0000,0.0000,0.0000,0.0000,1.0000),
      ["LowerTorso"] = CFrame.new(0.0000,-1.9794,0.0000,1.0000,-0.0000,0.0000,0.0000,1.0000,-0.0000,0.0000,0.0000,1.0000),
      ["UpperTorso"] = CFrame.new(0.0000,0.0000,0.0000,1.0000,-0.0000,0.0000,0.0000,0.9882,-0.1532,0.0000,0.1532,0.9882),
      ["LeftUpperArm"] = CFrame.new(-0.0201,0.0242,0.1130,0.9761,-0.1904,-0.1048,-0.0977,0.0467,-0.9941,0.1942,0.9806,0.0270),
      ["LeftLowerArm"] = CFrame.new(0.0000,0.0000,0.0000,0.5543,-0.8237,0.1199,0.8320,0.5441,-0.1086,0.0242,0.1599,0.9868),
      ["Head"] = CFrame.new(-0.1139,-1.3746,-0.6316,0.9691,0.0935,0.2283,-0.1091,0.9924,0.0566,-0.2213,-0.0798,0.9719),
      ["RightUpperArm"] = CFrame.new(0.0000,0.0000,0.0000,1.0000,-0.0000,0.0000,0.0000,0.8485,0.5293,-0.0000,-0.5293,0.8485),
      ["RightLowerArm"] = CFrame.new(0.0000,0.0000,0.0000,1.0000,-0.0000,0.0000,0.0000,0.9203,-0.3911,0.0000,0.3911,0.9203),
      ["RightUpperLeg"] = CFrame.new(0.0599,0.4572,-0.0204,0.9718,-0.1721,0.1611,0.1688,0.0315,-0.9851,0.1644,0.9846,0.0596),
      ["RightLowerLeg"] = CFrame.new(0.0000,0.0000,0.0000,0.2241,0.9637,-0.1449,-0.9746,0.2216,-0.0333,-0.0000,0.1487,0.9889),
      ["LeftUpperLeg"] = CFrame.new(0.0009,0.4046,-0.0144,0.8993,0.4368,-0.0185,-0.0175,-0.0063,-0.9998,-0.4369,0.8995,0.0020),
      ["LeftLowerLeg"] = CFrame.new(0.0000,0.0000,0.0000,0.1319,-0.9901,0.0487,0.9913,0.1317,-0.0065,0.0000,0.0492,0.9988),
    }},
    {Time = 1.100, Data = {
      ["HumanoidRootPart"] = CFrame.new(0.0000,0.0000,0.0000,1.0000,0.0000,0.0000,0.0000,1.0000,0.0000,0.0000,0.0000,1.0000),
      ["LowerTorso"] = CFrame.new(0.0000,-1.9794,0.0000,1.0000,-0.0000,0.0000,0.0000,1.0000,-0.0000,0.0000,0.0000,1.0000),
      ["UpperTorso"] = CFrame.new(0.0000,0.0000,0.0000,1.0000,-0.0000,0.0000,0.0000,0.9882,-0.1532,0.0000,0.1532,0.9882),
      ["LeftUpperArm"] = CFrame.new(-0.0201,0.0242,0.1130,0.9761,-0.1904,-0.1048,-0.0977,0.0467,-0.9941,0.1942,0.9806,0.0270),
      ["LeftLowerArm"] = CFrame.new(0.0000,0.0000,0.0000,0.5500,-0.8260,0.1230,0.8348,0.5394,-0.1106,0.0250,0.1635,0.9862),
      ["Head"] = CFrame.new(-0.1139,-1.3746,-0.6316,0.9691,0.0935,0.2283,-0.1091,0.9924,0.0566,-0.2213,-0.0798,0.9719),
      ["RightUpperArm"] = CFrame.new(0.0000,0.0000,0.0000,1.0000,-0.0000,0.0000,0.0000,0.8485,0.5293,-0.0000,-0.5293,0.8485),
      ["RightLowerArm"] = CFrame.new(0.0000,0.0000,0.0000,1.0000,-0.0000,0.0000,0.0000,0.9203,-0.3911,0.0000,0.3911,0.9203),
      ["RightUpperLeg"] = CFrame.new(0.0599,0.4572,-0.0204,0.9718,-0.1721,0.1611,0.1688,0.0315,-0.9851,0.1644,0.9846,0.0596),
      ["RightLowerLeg"] = CFrame.new(0.0000,0.0000,0.0000,0.2241,0.9637,-0.1449,-0.9746,0.2216,-0.0333,-0.0000,0.1487,0.9889),
      ["LeftUpperLeg"] = CFrame.new(0.0009,0.4046,-0.0144,0.8993,0.4368,-0.0185,-0.0175,-0.0063,-0.9998,-0.4369,0.8995,0.0020),
      ["LeftLowerLeg"] = CFrame.new(0.0000,0.0000,0.0000,0.1319,-0.9901,0.0487,0.9913,0.1317,-0.0065,0.0000,0.0492,0.9988),
    }},
    {Time = 1.133, Data = {
      ["HumanoidRootPart"] = CFrame.new(0.0000,0.0000,0.0000,1.0000,0.0000,0.0000,0.0000,1.0000,0.0000,0.0000,0.0000,1.0000),
      ["LowerTorso"] = CFrame.new(0.0000,-1.9794,0.0000,1.0000,-0.0000,0.0000,0.0000,1.0000,-0.0000,0.0000,0.0000,1.0000),
      ["UpperTorso"] = CFrame.new(0.0000,0.0000,0.0000,1.0000,-0.0000,0.0000,0.0000,0.9882,-0.1532,0.0000,0.1532,0.9882),
      ["LeftUpperArm"] = CFrame.new(-0.0201,0.0242,0.1130,0.9761,-0.1904,-0.1048,-0.0977,0.0467,-0.9941,0.1942,0.9806,0.0270),
      ["LeftLowerArm"] = CFrame.new(0.0000,0.0000,0.0000,0.5458,-0.8284,0.1261,0.8375,0.5347,-0.1126,0.0258,0.1671,0.9856),
      ["Head"] = CFrame.new(-0.1139,-1.3746,-0.6316,0.9691,0.0935,0.2283,-0.1091,0.9924,0.0566,-0.2213,-0.0798,0.9719),
      ["RightUpperArm"] = CFrame.new(0.0000,0.0000,0.0000,1.0000,-0.0000,0.0000,0.0000,0.8485,0.5293,-0.0000,-0.5293,0.8485),
      ["RightLowerArm"] = CFrame.new(0.0000,0.0000,0.0000,1.0000,-0.0000,0.0000,0.0000,0.9203,-0.3911,0.0000,0.3911,0.9203),
      ["RightUpperLeg"] = CFrame.new(0.0599,0.4572,-0.0204,0.9718,-0.1721,0.1611,0.1688,0.0315,-0.9851,0.1644,0.9846,0.0596),
      ["RightLowerLeg"] = CFrame.new(0.0000,0.0000,0.0000,0.2241,0.9637,-0.1449,-0.9746,0.2216,-0.0333,-0.0000,0.1487,0.9889),
      ["LeftUpperLeg"] = CFrame.new(0.0009,0.4046,-0.0144,0.8993,0.4368,-0.0185,-0.0175,-0.0063,-0.9998,-0.4369,0.8995,0.0020),
      ["LeftLowerLeg"] = CFrame.new(0.0000,0.0000,0.0000,0.1319,-0.9901,0.0487,0.9913,0.1317,-0.0065,0.0000,0.0492,0.9988),
    }},
    {Time = 1.167, Data = {
      ["HumanoidRootPart"] = CFrame.new(0.0000,0.0000,0.0000,1.0000,0.0000,0.0000,0.0000,1.0000,0.0000,0.0000,0.0000,1.0000),
      ["LowerTorso"] = CFrame.new(0.0000,-1.9794,0.0000,1.0000,-0.0000,0.0000,0.0000,1.0000,-0.0000,0.0000,0.0000,1.0000),
      ["UpperTorso"] = CFrame.new(0.0000,0.0000,0.0000,1.0000,-0.0000,0.0000,0.0000,0.9882,-0.1532,0.0000,0.1532,0.9882),
      ["LeftUpperArm"] = CFrame.new(-0.0201,0.0242,0.1130,0.9761,-0.1904,-0.1048,-0.0977,0.0467,-0.9941,0.1942,0.9806,0.0270),
      ["LeftLowerArm"] = CFrame.new(0.0000,0.0000,0.0000,0.5415,-0.8307,0.1292,0.8403,0.5299,-0.1146,0.0267,0.1706,0.9850),
      ["Head"] = CFrame.new(-0.1139,-1.3746,-0.6316,0.9691,0.0935,0.2283,-0.1091,0.9924,0.0566,-0.2213,-0.0798,0.9719),
      ["RightUpperArm"] = CFrame.new(0.0000,0.0000,0.0000,1.0000,-0.0000,0.0000,0.0000,0.8485,0.5293,-0.0000,-0.5293,0.8485),
      ["RightLowerArm"] = CFrame.new(0.0000,0.0000,0.0000,1.0000,-0.0000,0.0000,0.0000,0.9203,-0.3911,0.0000,0.3911,0.9203),
      ["RightUpperLeg"] = CFrame.new(0.0599,0.4572,-0.0204,0.9718,-0.1721,0.1611,0.1688,0.0315,-0.9851,0.1644,0.9846,0.0596),
      ["RightLowerLeg"] = CFrame.new(0.0000,0.0000,0.0000,0.2241,0.9637,-0.1449,-0.9746,0.2216,-0.0333,-0.0000,0.1487,0.9889),
      ["LeftUpperLeg"] = CFrame.new(0.0009,0.4046,-0.0144,0.8993,0.4368,-0.0185,-0.0175,-0.0063,-0.9998,-0.4369,0.8995,0.0020),
      ["LeftLowerLeg"] = CFrame.new(0.0000,0.0000,0.0000,0.1319,-0.9901,0.0487,0.9913,0.1317,-0.0065,0.0000,0.0492,0.9988),
    }},
    {Time = 1.200, Data = {
      ["HumanoidRootPart"] = CFrame.new(0.0000,0.0000,0.0000,1.0000,0.0000,0.0000,0.0000,1.0000,0.0000,0.0000,0.0000,1.0000),
      ["LowerTorso"] = CFrame.new(0.0000,-1.9794,0.0000,1.0000,-0.0000,0.0000,0.0000,1.0000,-0.0000,0.0000,0.0000,1.0000),
      ["UpperTorso"] = CFrame.new(0.0000,0.0000,0.0000,1.0000,-0.0000,0.0000,0.0000,0.9882,-0.1532,0.0000,0.1532,0.9882),
      ["LeftUpperArm"] = CFrame.new(-0.0201,0.0242,0.1130,0.9761,-0.1904,-0.1048,-0.0977,0.0467,-0.9941,0.1942,0.9806,0.0270),
      ["LeftLowerArm"] = CFrame.new(0.0000,0.0000,0.0000,0.5372,-0.8330,0.1324,0.8430,0.5252,-0.1166,0.0276,0.1742,0.9843),
      ["Head"] = CFrame.new(-0.1139,-1.3746,-0.6316,0.9691,0.0935,0.2283,-0.1091,0.9924,0.0566,-0.2213,-0.0798,0.9719),
      ["RightUpperArm"] = CFrame.new(0.0000,0.0000,0.0000,1.0000,-0.0000,0.0000,0.0000,0.8485,0.5293,-0.0000,-0.5293,0.8485),
      ["RightLowerArm"] = CFrame.new(0.0000,0.0000,0.0000,1.0000,-0.0000,0.0000,0.0000,0.9203,-0.3911,0.0000,0.3911,0.9203),
      ["RightUpperLeg"] = CFrame.new(0.0599,0.4572,-0.0204,0.9718,-0.1721,0.1611,0.1688,0.0315,-0.9851,0.1644,0.9846,0.0596),
      ["RightLowerLeg"] = CFrame.new(0.0000,0.0000,0.0000,0.2241,0.9637,-0.1449,-0.9746,0.2216,-0.0333,-0.0000,0.1487,0.9889),
      ["LeftUpperLeg"] = CFrame.new(0.0009,0.4046,-0.0144,0.8993,0.4368,-0.0185,-0.0175,-0.0063,-0.9998,-0.4369,0.8995,0.0020),
      ["LeftLowerLeg"] = CFrame.new(0.0000,0.0000,0.0000,0.1319,-0.9901,0.0487,0.9913,0.1317,-0.0065,0.0000,0.0492,0.9988),
    }},
    {Time = 1.233, Data = {
      ["HumanoidRootPart"] = CFrame.new(0.0000,0.0000,0.0000,1.0000,0.0000,0.0000,0.0000,1.0000,0.0000,0.0000,0.0000,1.0000),
      ["LowerTorso"] = CFrame.new(0.0000,-1.9794,0.0000,1.0000,-0.0000,0.0000,0.0000,1.0000,-0.0000,0.0000,0.0000,1.0000),
      ["UpperTorso"] = CFrame.new(0.0000,0.0000,0.0000,1.0000,-0.0000,0.0000,0.0000,0.9882,-0.1532,0.0000,0.1532,0.9882),
      ["LeftUpperArm"] = CFrame.new(-0.0201,0.0242,0.1130,0.9761,-0.1904,-0.1048,-0.0977,0.0467,-0.9941,0.1942,0.9806,0.0270),
      ["LeftLowerArm"] = CFrame.new(0.0000,0.0000,0.0000,0.5329,-0.8352,0.1355,0.8457,0.5204,-0.1185,0.0285,0.1777,0.9837),
      ["Head"] = CFrame.new(-0.1139,-1.3746,-0.6316,0.9691,0.0935,0.2283,-0.1091,0.9924,0.0566,-0.2213,-0.0798,0.9719),
      ["RightUpperArm"] = CFrame.new(0.0000,0.0000,0.0000,1.0000,-0.0000,0.0000,0.0000,0.8485,0.5293,-0.0000,-0.5293,0.8485),
      ["RightLowerArm"] = CFrame.new(0.0000,0.0000,0.0000,1.0000,-0.0000,0.0000,0.0000,0.9203,-0.3911,0.0000,0.3911,0.9203),
      ["RightUpperLeg"] = CFrame.new(0.0599,0.4572,-0.0204,0.9718,-0.1721,0.1611,0.1688,0.0315,-0.9851,0.1644,0.9846,0.0596),
      ["RightLowerLeg"] = CFrame.new(0.0000,0.0000,0.0000,0.2241,0.9637,-0.1449,-0.9746,0.2216,-0.0333,-0.0000,0.1487,0.9889),
      ["LeftUpperLeg"] = CFrame.new(0.0009,0.4046,-0.0144,0.8993,0.4368,-0.0185,-0.0175,-0.0063,-0.9998,-0.4369,0.8995,0.0020),
      ["LeftLowerLeg"] = CFrame.new(0.0000,0.0000,0.0000,0.1319,-0.9901,0.0487,0.9913,0.1317,-0.0065,0.0000,0.0492,0.9988),
    }},
    {Time = 1.267, Data = {
      ["HumanoidRootPart"] = CFrame.new(0.0000,0.0000,0.0000,1.0000,0.0000,0.0000,0.0000,1.0000,0.0000,0.0000,0.0000,1.0000),
      ["LowerTorso"] = CFrame.new(0.0000,-1.9794,0.0000,1.0000,-0.0000,0.0000,0.0000,1.0000,-0.0000,0.0000,0.0000,1.0000),
      ["UpperTorso"] = CFrame.new(0.0000,0.0000,0.0000,1.0000,-0.0000,0.0000,0.0000,0.9882,-0.1532,0.0000,0.1532,0.9882),
      ["LeftUpperArm"] = CFrame.new(-0.0201,0.0242,0.1130,0.9761,-0.1904,-0.1048,-0.0977,0.0467,-0.9941,0.1942,0.9806,0.0270),
      ["LeftLowerArm"] = CFrame.new(0.0000,0.0000,0.0000,0.5286,-0.8375,0.1386,0.8483,0.5156,-0.1205,0.0295,0.1813,0.9830),
      ["Head"] = CFrame.new(-0.1139,-1.3746,-0.6316,0.9691,0.0935,0.2283,-0.1091,0.9924,0.0566,-0.2213,-0.0798,0.9719),
      ["RightUpperArm"] = CFrame.new(0.0000,0.0000,0.0000,1.0000,-0.0000,0.0000,0.0000,0.8485,0.5293,-0.0000,-0.5293,0.8485),
      ["RightLowerArm"] = CFrame.new(0.0000,0.0000,0.0000,1.0000,-0.0000,0.0000,0.0000,0.9203,-0.3911,0.0000,0.3911,0.9203),
      ["RightUpperLeg"] = CFrame.new(0.0599,0.4572,-0.0204,0.9718,-0.1721,0.1611,0.1688,0.0315,-0.9851,0.1644,0.9846,0.0596),
      ["RightLowerLeg"] = CFrame.new(0.0000,0.0000,0.0000,0.2241,0.9637,-0.1449,-0.9746,0.2216,-0.0333,-0.0000,0.1487,0.9889),
      ["LeftUpperLeg"] = CFrame.new(0.0009,0.4046,-0.0144,0.8993,0.4368,-0.0185,-0.0175,-0.0063,-0.9998,-0.4369,0.8995,0.0020),
      ["LeftLowerLeg"] = CFrame.new(0.0000,0.0000,0.0000,0.1319,-0.9901,0.0487,0.9913,0.1317,-0.0065,0.0000,0.0492,0.9988),
    }},
    {Time = 1.300, Data = {
      ["HumanoidRootPart"] = CFrame.new(0.0000,0.0000,0.0000,1.0000,0.0000,0.0000,0.0000,1.0000,0.0000,0.0000,0.0000,1.0000),
      ["LowerTorso"] = CFrame.new(0.0000,-1.9794,0.0000,1.0000,-0.0000,0.0000,0.0000,1.0000,-0.0000,0.0000,0.0000,1.0000),
      ["UpperTorso"] = CFrame.new(0.0000,0.0000,0.0000,1.0000,-0.0000,0.0000,0.0000,0.9882,-0.1532,0.0000,0.1532,0.9882),
      ["LeftUpperArm"] = CFrame.new(-0.0201,0.0242,0.1130,0.9761,-0.1904,-0.1048,-0.0977,0.0467,-0.9941,0.1942,0.9806,0.0270),
      ["LeftLowerArm"] = CFrame.new(0.0000,0.0000,0.0000,0.5243,-0.8397,0.1417,0.8510,0.5107,-0.1225,0.0305,0.1848,0.9823),
      ["Head"] = CFrame.new(-0.1139,-1.3746,-0.6316,0.9691,0.0935,0.2283,-0.1091,0.9924,0.0566,-0.2213,-0.0798,0.9719),
      ["RightUpperArm"] = CFrame.new(0.0000,0.0000,0.0000,1.0000,-0.0000,0.0000,0.0000,0.8485,0.5293,-0.0000,-0.5293,0.8485),
      ["RightLowerArm"] = CFrame.new(0.0000,0.0000,0.0000,1.0000,-0.0000,0.0000,0.0000,0.9203,-0.3911,0.0000,0.3911,0.9203),
      ["RightUpperLeg"] = CFrame.new(0.0599,0.4572,-0.0204,0.9718,-0.1721,0.1611,0.1688,0.0315,-0.9851,0.1644,0.9846,0.0596),
      ["RightLowerLeg"] = CFrame.new(0.0000,0.0000,0.0000,0.2241,0.9637,-0.1449,-0.9746,0.2216,-0.0333,-0.0000,0.1487,0.9889),
      ["LeftUpperLeg"] = CFrame.new(0.0009,0.4046,-0.0144,0.8993,0.4368,-0.0185,-0.0175,-0.0063,-0.9998,-0.4369,0.8995,0.0020),
      ["LeftLowerLeg"] = CFrame.new(0.0000,0.0000,0.0000,0.1319,-0.9901,0.0487,0.9913,0.1317,-0.0065,0.0000,0.0492,0.9988),
    }},
    {Time = 1.333, Data = {
      ["HumanoidRootPart"] = CFrame.new(0.0000,0.0000,0.0000,1.0000,0.0000,0.0000,0.0000,1.0000,0.0000,0.0000,0.0000,1.0000),
      ["LowerTorso"] = CFrame.new(0.0000,-1.9794,0.0000,1.0000,-0.0000,0.0000,0.0000,1.0000,-0.0000,0.0000,0.0000,1.0000),
      ["UpperTorso"] = CFrame.new(0.0000,0.0000,0.0000,1.0000,-0.0000,0.0000,0.0000,0.9882,-0.1532,0.0000,0.1532,0.9882),
      ["LeftUpperArm"] = CFrame.new(-0.0201,0.0242,0.1130,0.9761,-0.1904,-0.1048,-0.0977,0.0467,-0.9941,0.1942,0.9806,0.0270),
      ["LeftLowerArm"] = CFrame.new(0.0000,0.0000,0.0000,0.5200,-0.8418,0.1448,0.8536,0.5058,-0.1245,0.0315,0.1884,0.9816),
      ["Head"] = CFrame.new(-0.1139,-1.3746,-0.6316,0.9691,0.0935,0.2283,-0.1091,0.9924,0.0566,-0.2213,-0.0798,0.9719),
      ["RightUpperArm"] = CFrame.new(0.0000,0.0000,0.0000,1.0000,-0.0000,0.0000,0.0000,0.8485,0.5293,-0.0000,-0.5293,0.8485),
      ["RightLowerArm"] = CFrame.new(0.0000,0.0000,0.0000,1.0000,-0.0000,0.0000,0.0000,0.9203,-0.3911,0.0000,0.3911,0.9203),
      ["RightUpperLeg"] = CFrame.new(0.0599,0.4572,-0.0204,0.9718,-0.1721,0.1611,0.1688,0.0315,-0.9851,0.1644,0.9846,0.0596),
      ["RightLowerLeg"] = CFrame.new(0.0000,0.0000,0.0000,0.2241,0.9637,-0.1449,-0.9746,0.2216,-0.0333,-0.0000,0.1487,0.9889),
      ["LeftUpperLeg"] = CFrame.new(0.0009,0.4046,-0.0144,0.8993,0.4368,-0.0185,-0.0175,-0.0063,-0.9998,-0.4369,0.8995,0.0020),
      ["LeftLowerLeg"] = CFrame.new(0.0000,0.0000,0.0000,0.1319,-0.9901,0.0487,0.9913,0.1317,-0.0065,0.0000,0.0492,0.9988),
    }},
    {Time = 1.367, Data = {
      ["HumanoidRootPart"] = CFrame.new(0.0000,0.0000,0.0000,1.0000,0.0000,0.0000,0.0000,1.0000,0.0000,0.0000,0.0000,1.0000),
      ["LowerTorso"] = CFrame.new(0.0000,-1.9794,0.0000,1.0000,-0.0000,0.0000,0.0000,1.0000,-0.0000,0.0000,0.0000,1.0000),
      ["UpperTorso"] = CFrame.new(0.0000,0.0000,0.0000,1.0000,-0.0000,0.0000,0.0000,0.9882,-0.1532,0.0000,0.1532,0.9882),
      ["LeftUpperArm"] = CFrame.new(-0.0201,0.0242,0.1130,0.9761,-0.1904,-0.1048,-0.0977,0.0467,-0.9941,0.1942,0.9806,0.0270),
      ["LeftLowerArm"] = CFrame.new(0.0000,0.0000,0.0000,0.5156,-0.8439,0.1480,0.8562,0.5009,-0.1264,0.0326,0.1919,0.9809),
      ["Head"] = CFrame.new(-0.1139,-1.3746,-0.6316,0.9691,0.0935,0.2283,-0.1091,0.9924,0.0566,-0.2213,-0.0798,0.9719),
      ["RightUpperArm"] = CFrame.new(0.0000,0.0000,0.0000,1.0000,-0.0000,0.0000,0.0000,0.8485,0.5293,-0.0000,-0.5293,0.8485),
      ["RightLowerArm"] = CFrame.new(0.0000,0.0000,0.0000,1.0000,-0.0000,0.0000,0.0000,0.9203,-0.3911,0.0000,0.3911,0.9203),
      ["RightUpperLeg"] = CFrame.new(0.0599,0.4572,-0.0204,0.9718,-0.1721,0.1611,0.1688,0.0315,-0.9851,0.1644,0.9846,0.0596),
      ["RightLowerLeg"] = CFrame.new(0.0000,0.0000,0.0000,0.2241,0.9637,-0.1449,-0.9746,0.2216,-0.0333,-0.0000,0.1487,0.9889),
      ["LeftUpperLeg"] = CFrame.new(0.0009,0.4046,-0.0144,0.8993,0.4368,-0.0185,-0.0175,-0.0063,-0.9998,-0.4369,0.8995,0.0020),
      ["LeftLowerLeg"] = CFrame.new(0.0000,0.0000,0.0000,0.1319,-0.9901,0.0487,0.9913,0.1317,-0.0065,0.0000,0.0492,0.9988),
    }},
    {Time = 1.400, Data = {
      ["HumanoidRootPart"] = CFrame.new(0.0000,0.0000,0.0000,1.0000,0.0000,0.0000,0.0000,1.0000,0.0000,0.0000,0.0000,1.0000),
      ["LowerTorso"] = CFrame.new(0.0000,-1.9794,0.0000,1.0000,-0.0000,0.0000,0.0000,1.0000,-0.0000,0.0000,0.0000,1.0000),
      ["UpperTorso"] = CFrame.new(0.0000,0.0000,0.0000,1.0000,-0.0000,0.0000,0.0000,0.9882,-0.1532,0.0000,0.1532,0.9882),
      ["LeftUpperArm"] = CFrame.new(-0.0201,0.0242,0.1130,0.9761,-0.1904,-0.1048,-0.0977,0.0467,-0.9941,0.1942,0.9806,0.0270),
      ["LeftLowerArm"] = CFrame.new(0.0000,0.0000,0.0000,0.5113,-0.8460,0.1511,0.8588,0.4960,-0.1284,0.0337,0.1954,0.9801),
      ["Head"] = CFrame.new(-0.1139,-1.3746,-0.6316,0.9691,0.0935,0.2283,-0.1091,0.9924,0.0566,-0.2213,-0.0798,0.9719),
      ["RightUpperArm"] = CFrame.new(0.0000,0.0000,0.0000,1.0000,-0.0000,0.0000,0.0000,0.8485,0.5293,-0.0000,-0.5293,0.8485),
      ["RightLowerArm"] = CFrame.new(0.0000,0.0000,0.0000,1.0000,-0.0000,0.0000,0.0000,0.9203,-0.3911,0.0000,0.3911,0.9203),
      ["RightUpperLeg"] = CFrame.new(0.0599,0.4572,-0.0204,0.9718,-0.1721,0.1611,0.1688,0.0315,-0.9851,0.1644,0.9846,0.0596),
      ["RightLowerLeg"] = CFrame.new(0.0000,0.0000,0.0000,0.2241,0.9637,-0.1449,-0.9746,0.2216,-0.0333,-0.0000,0.1487,0.9889),
      ["LeftUpperLeg"] = CFrame.new(0.0009,0.4046,-0.0144,0.8993,0.4368,-0.0185,-0.0175,-0.0063,-0.9998,-0.4369,0.8995,0.0020),
      ["LeftLowerLeg"] = CFrame.new(0.0000,0.0000,0.0000,0.1319,-0.9901,0.0487,0.9913,0.1317,-0.0065,0.0000,0.0492,0.9988),
    }},
    {Time = 1.433, Data = {
      ["HumanoidRootPart"] = CFrame.new(0.0000,0.0000,0.0000,1.0000,0.0000,0.0000,0.0000,1.0000,0.0000,0.0000,0.0000,1.0000),
      ["LowerTorso"] = CFrame.new(0.0000,-1.9794,0.0000,1.0000,-0.0000,0.0000,0.0000,1.0000,-0.0000,0.0000,0.0000,1.0000),
      ["UpperTorso"] = CFrame.new(0.0000,0.0000,0.0000,1.0000,-0.0000,0.0000,0.0000,0.9882,-0.1532,0.0000,0.1532,0.9882),
      ["LeftUpperArm"] = CFrame.new(-0.0201,0.0242,0.1130,0.9761,-0.1904,-0.1048,-0.0977,0.0467,-0.9941,0.1942,0.9806,0.0270),
      ["LeftLowerArm"] = CFrame.new(0.0000,0.0000,0.0000,0.5069,-0.8481,0.1542,0.8613,0.4911,-0.1303,0.0348,0.1989,0.9794),
      ["Head"] = CFrame.new(-0.1139,-1.3746,-0.6316,0.9691,0.0935,0.2283,-0.1091,0.9924,0.0566,-0.2213,-0.0798,0.9719),
      ["RightUpperArm"] = CFrame.new(0.0000,0.0000,0.0000,1.0000,-0.0000,0.0000,0.0000,0.8485,0.5293,-0.0000,-0.5293,0.8485),
      ["RightLowerArm"] = CFrame.new(0.0000,0.0000,0.0000,1.0000,-0.0000,0.0000,0.0000,0.9203,-0.3911,0.0000,0.3911,0.9203),
      ["RightUpperLeg"] = CFrame.new(0.0599,0.4572,-0.0204,0.9718,-0.1721,0.1611,0.1688,0.0315,-0.9851,0.1644,0.9846,0.0596),
      ["RightLowerLeg"] = CFrame.new(0.0000,0.0000,0.0000,0.2241,0.9637,-0.1449,-0.9746,0.2216,-0.0333,-0.0000,0.1487,0.9889),
      ["LeftUpperLeg"] = CFrame.new(0.0009,0.4046,-0.0144,0.8993,0.4368,-0.0185,-0.0175,-0.0063,-0.9998,-0.4369,0.8995,0.0020),
      ["LeftLowerLeg"] = CFrame.new(0.0000,0.0000,0.0000,0.1319,-0.9901,0.0487,0.9913,0.1317,-0.0065,0.0000,0.0492,0.9988),
    }},
    {Time = 1.467, Data = {
      ["HumanoidRootPart"] = CFrame.new(0.0000,0.0000,0.0000,1.0000,0.0000,0.0000,0.0000,1.0000,0.0000,0.0000,0.0000,1.0000),
      ["LowerTorso"] = CFrame.new(0.0000,-1.9794,0.0000,1.0000,-0.0000,0.0000,0.0000,1.0000,-0.0000,0.0000,0.0000,1.0000),
      ["UpperTorso"] = CFrame.new(0.0000,0.0000,0.0000,1.0000,-0.0000,0.0000,0.0000,0.9882,-0.1532,0.0000,0.1532,0.9882),
      ["LeftUpperArm"] = CFrame.new(-0.0201,0.0242,0.1130,0.9761,-0.1904,-0.1048,-0.0977,0.0467,-0.9941,0.1942,0.9806,0.0270),
      ["LeftLowerArm"] = CFrame.new(0.0000,0.0000,0.0000,0.5025,-0.8502,0.1573,0.8638,0.4861,-0.1323,0.0360,0.2024,0.9786),
      ["Head"] = CFrame.new(-0.1139,-1.3746,-0.6316,0.9691,0.0935,0.2283,-0.1091,0.9924,0.0566,-0.2213,-0.0798,0.9719),
      ["RightUpperArm"] = CFrame.new(0.0000,0.0000,0.0000,1.0000,-0.0000,0.0000,0.0000,0.8485,0.5293,-0.0000,-0.5293,0.8485),
      ["RightLowerArm"] = CFrame.new(0.0000,0.0000,0.0000,1.0000,-0.0000,0.0000,0.0000,0.9203,-0.3911,0.0000,0.3911,0.9203),
      ["RightUpperLeg"] = CFrame.new(0.0599,0.4572,-0.0204,0.9718,-0.1721,0.1611,0.1688,0.0315,-0.9851,0.1644,0.9846,0.0596),
      ["RightLowerLeg"] = CFrame.new(0.0000,0.0000,0.0000,0.2241,0.9637,-0.1449,-0.9746,0.2216,-0.0333,-0.0000,0.1487,0.9889),
      ["LeftUpperLeg"] = CFrame.new(0.0009,0.4046,-0.0144,0.8993,0.4368,-0.0185,-0.0175,-0.0063,-0.9998,-0.4369,0.8995,0.0020),
      ["LeftLowerLeg"] = CFrame.new(0.0000,0.0000,0.0000,0.1319,-0.9901,0.0487,0.9913,0.1317,-0.0065,0.0000,0.0492,0.9988),
    }},
    {Time = 1.500, Data = {
      ["HumanoidRootPart"] = CFrame.new(0.0000,0.0000,0.0000,1.0000,0.0000,0.0000,0.0000,1.0000,0.0000,0.0000,0.0000,1.0000),
      ["LowerTorso"] = CFrame.new(0.0000,-1.9794,0.0000,1.0000,-0.0000,0.0000,0.0000,1.0000,-0.0000,0.0000,0.0000,1.0000),
      ["UpperTorso"] = CFrame.new(0.0000,0.0000,0.0000,1.0000,-0.0000,0.0000,0.0000,0.9882,-0.1532,0.0000,0.1532,0.9882),
      ["LeftUpperArm"] = CFrame.new(-0.0201,0.0242,0.1130,0.9761,-0.1904,-0.1048,-0.0977,0.0467,-0.9941,0.1942,0.9806,0.0270),
      ["LeftLowerArm"] = CFrame.new(0.0000,0.0000,0.0000,0.4981,-0.8522,0.1604,0.8663,0.4811,-0.1343,0.0372,0.2058,0.9779),
      ["Head"] = CFrame.new(-0.1139,-1.3746,-0.6316,0.9691,0.0935,0.2283,-0.1091,0.9924,0.0566,-0.2213,-0.0798,0.9719),
      ["RightUpperArm"] = CFrame.new(0.0000,0.0000,0.0000,1.0000,-0.0000,0.0000,0.0000,0.8485,0.5293,-0.0000,-0.5293,0.8485),
      ["RightLowerArm"] = CFrame.new(0.0000,0.0000,0.0000,1.0000,-0.0000,0.0000,0.0000,0.9203,-0.3911,0.0000,0.3911,0.9203),
      ["RightUpperLeg"] = CFrame.new(0.0599,0.4572,-0.0204,0.9718,-0.1721,0.1611,0.1688,0.0315,-0.9851,0.1644,0.9846,0.0596),
      ["RightLowerLeg"] = CFrame.new(0.0000,0.0000,0.0000,0.2241,0.9637,-0.1449,-0.9746,0.2216,-0.0333,-0.0000,0.1487,0.9889),
      ["LeftUpperLeg"] = CFrame.new(0.0009,0.4046,-0.0144,0.8993,0.4368,-0.0185,-0.0175,-0.0063,-0.9998,-0.4369,0.8995,0.0020),
      ["LeftLowerLeg"] = CFrame.new(0.0000,0.0000,0.0000,0.1319,-0.9901,0.0487,0.9913,0.1317,-0.0065,0.0000,0.0492,0.9988),
    }},
    {Time = 1.533, Data = {
      ["HumanoidRootPart"] = CFrame.new(0.0000,0.0000,0.0000,1.0000,0.0000,0.0000,0.0000,1.0000,0.0000,0.0000,0.0000,1.0000),
      ["LowerTorso"] = CFrame.new(0.0000,-1.9794,0.0000,1.0000,-0.0000,0.0000,0.0000,1.0000,-0.0000,0.0000,0.0000,1.0000),
      ["UpperTorso"] = CFrame.new(0.0000,0.0000,0.0000,1.0000,-0.0000,0.0000,0.0000,0.9882,-0.1532,0.0000,0.1532,0.9882),
      ["LeftUpperArm"] = CFrame.new(-0.0201,0.0242,0.1130,0.9761,-0.1904,-0.1048,-0.0977,0.0467,-0.9941,0.1942,0.9806,0.0270),
      ["LeftLowerArm"] = CFrame.new(0.0000,0.0000,0.0000,0.4937,-0.8541,0.1635,0.8688,0.4761,-0.1362,0.0385,0.2093,0.9771),
      ["Head"] = CFrame.new(-0.1139,-1.3746,-0.6316,0.9691,0.0935,0.2283,-0.1091,0.9924,0.0566,-0.2213,-0.0798,0.9719),
      ["RightUpperArm"] = CFrame.new(0.0000,0.0000,0.0000,1.0000,-0.0000,0.0000,0.0000,0.8485,0.5293,-0.0000,-0.5293,0.8485),
      ["RightLowerArm"] = CFrame.new(0.0000,0.0000,0.0000,1.0000,-0.0000,0.0000,0.0000,0.9203,-0.3911,0.0000,0.3911,0.9203),
      ["RightUpperLeg"] = CFrame.new(0.0599,0.4572,-0.0204,0.9718,-0.1721,0.1611,0.1688,0.0315,-0.9851,0.1644,0.9846,0.0596),
      ["RightLowerLeg"] = CFrame.new(0.0000,0.0000,0.0000,0.2241,0.9637,-0.1449,-0.9746,0.2216,-0.0333,-0.0000,0.1487,0.9889),
      ["LeftUpperLeg"] = CFrame.new(0.0009,0.4046,-0.0144,0.8993,0.4368,-0.0185,-0.0175,-0.0063,-0.9998,-0.4369,0.8995,0.0020),
      ["LeftLowerLeg"] = CFrame.new(0.0000,0.0000,0.0000,0.1319,-0.9901,0.0487,0.9913,0.1317,-0.0065,0.0000,0.0492,0.9988),
    }},
    {Time = 1.567, Data = {
      ["HumanoidRootPart"] = CFrame.new(0.0000,0.0000,0.0000,1.0000,0.0000,0.0000,0.0000,1.0000,0.0000,0.0000,0.0000,1.0000),
      ["LowerTorso"] = CFrame.new(0.0000,-1.9794,0.0000,1.0000,-0.0000,0.0000,0.0000,1.0000,-0.0000,0.0000,0.0000,1.0000),
      ["UpperTorso"] = CFrame.new(0.0000,0.0000,0.0000,1.0000,-0.0000,0.0000,0.0000,0.9882,-0.1532,0.0000,0.1532,0.9882),
      ["LeftUpperArm"] = CFrame.new(-0.0201,0.0242,0.1130,0.9761,-0.1904,-0.1048,-0.0977,0.0467,-0.9941,0.1942,0.9806,0.0270),
      ["LeftLowerArm"] = CFrame.new(0.0000,0.0000,0.0000,0.4892,-0.8561,0.1666,0.8712,0.4710,-0.1381,0.0398,0.2128,0.9763),
      ["Head"] = CFrame.new(-0.1139,-1.3746,-0.6316,0.9691,0.0935,0.2283,-0.1091,0.9924,0.0566,-0.2213,-0.0798,0.9719),
      ["RightUpperArm"] = CFrame.new(0.0000,0.0000,0.0000,1.0000,-0.0000,0.0000,0.0000,0.8485,0.5293,-0.0000,-0.5293,0.8485),
      ["RightLowerArm"] = CFrame.new(0.0000,0.0000,0.0000,1.0000,-0.0000,0.0000,0.0000,0.9203,-0.3911,0.0000,0.3911,0.9203),
      ["RightUpperLeg"] = CFrame.new(0.0599,0.4572,-0.0204,0.9718,-0.1721,0.1611,0.1688,0.0315,-0.9851,0.1644,0.9846,0.0596),
      ["RightLowerLeg"] = CFrame.new(0.0000,0.0000,0.0000,0.2241,0.9637,-0.1449,-0.9746,0.2216,-0.0333,-0.0000,0.1487,0.9889),
      ["LeftUpperLeg"] = CFrame.new(0.0009,0.4046,-0.0144,0.8993,0.4368,-0.0185,-0.0175,-0.0063,-0.9998,-0.4369,0.8995,0.0020),
      ["LeftLowerLeg"] = CFrame.new(0.0000,0.0000,0.0000,0.1319,-0.9901,0.0487,0.9913,0.1317,-0.0065,0.0000,0.0492,0.9988),
    }},
    {Time = 1.600, Data = {
      ["HumanoidRootPart"] = CFrame.new(0.0000,0.0000,0.0000,1.0000,0.0000,0.0000,0.0000,1.0000,0.0000,0.0000,0.0000,1.0000),
      ["LowerTorso"] = CFrame.new(0.0000,-1.9794,0.0000,1.0000,-0.0000,0.0000,0.0000,1.0000,-0.0000,0.0000,0.0000,1.0000),
      ["UpperTorso"] = CFrame.new(0.0000,0.0000,0.0000,1.0000,-0.0000,0.0000,0.0000,0.9882,-0.1532,0.0000,0.1532,0.9882),
      ["LeftUpperArm"] = CFrame.new(-0.0201,0.0242,0.1130,0.9761,-0.1904,-0.1048,-0.0977,0.0467,-0.9941,0.1942,0.9806,0.0270),
      ["LeftLowerArm"] = CFrame.new(0.0000,0.0000,0.0000,0.4848,-0.8580,0.1697,0.8737,0.4659,-0.1401,0.0411,0.2162,0.9755),
      ["Head"] = CFrame.new(-0.1139,-1.3746,-0.6316,0.9691,0.0935,0.2283,-0.1091,0.9924,0.0566,-0.2213,-0.0798,0.9719),
      ["RightUpperArm"] = CFrame.new(0.0000,0.0000,0.0000,1.0000,-0.0000,0.0000,0.0000,0.8485,0.5293,-0.0000,-0.5293,0.8485),
      ["RightLowerArm"] = CFrame.new(0.0000,0.0000,0.0000,1.0000,-0.0000,0.0000,0.0000,0.9203,-0.3911,0.0000,0.3911,0.9203),
      ["RightUpperLeg"] = CFrame.new(0.0599,0.4572,-0.0204,0.9718,-0.1721,0.1611,0.1688,0.0315,-0.9851,0.1644,0.9846,0.0596),
      ["RightLowerLeg"] = CFrame.new(0.0000,0.0000,0.0000,0.2241,0.9637,-0.1449,-0.9746,0.2216,-0.0333,-0.0000,0.1487,0.9889),
      ["LeftUpperLeg"] = CFrame.new(0.0009,0.4046,-0.0144,0.8993,0.4368,-0.0185,-0.0175,-0.0063,-0.9998,-0.4369,0.8995,0.0020),
      ["LeftLowerLeg"] = CFrame.new(0.0000,0.0000,0.0000,0.1319,-0.9901,0.0487,0.9913,0.1317,-0.0065,0.0000,0.0492,0.9988),
    }},
    {Time = 1.633, Data = {
      ["HumanoidRootPart"] = CFrame.new(0.0000,0.0000,0.0000,1.0000,0.0000,0.0000,0.0000,1.0000,0.0000,0.0000,0.0000,1.0000),
      ["LowerTorso"] = CFrame.new(0.0000,-1.9794,0.0000,1.0000,-0.0000,0.0000,0.0000,1.0000,-0.0000,0.0000,0.0000,1.0000),
      ["UpperTorso"] = CFrame.new(0.0000,0.0000,0.0000,1.0000,-0.0000,0.0000,0.0000,0.9882,-0.1532,0.0000,0.1532,0.9882),
      ["LeftUpperArm"] = CFrame.new(-0.0201,0.0242,0.1130,0.9761,-0.1904,-0.1048,-0.0977,0.0467,-0.9941,0.1942,0.9806,0.0270),
      ["LeftLowerArm"] = CFrame.new(0.0000,0.0000,0.0000,0.4803,-0.8599,0.1729,0.8761,0.4608,-0.1420,0.0425,0.2196,0.9747),
      ["Head"] = CFrame.new(-0.1139,-1.3746,-0.6316,0.9691,0.0935,0.2283,-0.1091,0.9924,0.0566,-0.2213,-0.0798,0.9719),
      ["RightUpperArm"] = CFrame.new(0.0000,0.0000,0.0000,1.0000,-0.0000,0.0000,0.0000,0.8485,0.5293,-0.0000,-0.5293,0.8485),
      ["RightLowerArm"] = CFrame.new(0.0000,0.0000,0.0000,1.0000,-0.0000,0.0000,0.0000,0.9203,-0.3911,0.0000,0.3911,0.9203),
      ["RightUpperLeg"] = CFrame.new(0.0599,0.4572,-0.0204,0.9718,-0.1721,0.1611,0.1688,0.0315,-0.9851,0.1644,0.9846,0.0596),
      ["RightLowerLeg"] = CFrame.new(0.0000,0.0000,0.0000,0.2241,0.9637,-0.1449,-0.9746,0.2216,-0.0333,-0.0000,0.1487,0.9889),
      ["LeftUpperLeg"] = CFrame.new(0.0009,0.4046,-0.0144,0.8993,0.4368,-0.0185,-0.0175,-0.0063,-0.9998,-0.4369,0.8995,0.0020),
      ["LeftLowerLeg"] = CFrame.new(0.0000,0.0000,0.0000,0.1319,-0.9901,0.0487,0.9913,0.1317,-0.0065,0.0000,0.0492,0.9988),
    }},
    {Time = 1.667, Data = {
      ["HumanoidRootPart"] = CFrame.new(0.0000,0.0000,0.0000,1.0000,0.0000,0.0000,0.0000,1.0000,0.0000,0.0000,0.0000,1.0000),
      ["LowerTorso"] = CFrame.new(0.0000,-1.9794,0.0000,1.0000,-0.0000,0.0000,0.0000,1.0000,-0.0000,0.0000,0.0000,1.0000),
      ["UpperTorso"] = CFrame.new(0.0000,0.0000,0.0000,1.0000,-0.0000,0.0000,0.0000,0.9882,-0.1532,0.0000,0.1532,0.9882),
      ["LeftUpperArm"] = CFrame.new(-0.0201,0.0242,0.1130,0.9761,-0.1904,-0.1048,-0.0977,0.0467,-0.9941,0.1942,0.9806,0.0270),
      ["LeftLowerArm"] = CFrame.new(0.0000,0.0000,0.0000,0.4759,-0.8617,0.1760,0.8784,0.4557,-0.1439,0.0439,0.2231,0.9738),
      ["Head"] = CFrame.new(-0.1139,-1.3746,-0.6316,0.9691,0.0935,0.2283,-0.1091,0.9924,0.0566,-0.2213,-0.0798,0.9719),
      ["RightUpperArm"] = CFrame.new(0.0000,0.0000,0.0000,1.0000,-0.0000,0.0000,0.0000,0.8485,0.5293,-0.0000,-0.5293,0.8485),
      ["RightLowerArm"] = CFrame.new(0.0000,0.0000,0.0000,1.0000,-0.0000,0.0000,0.0000,0.9203,-0.3911,0.0000,0.3911,0.9203),
      ["RightUpperLeg"] = CFrame.new(0.0599,0.4572,-0.0204,0.9718,-0.1721,0.1611,0.1688,0.0315,-0.9851,0.1644,0.9846,0.0596),
      ["RightLowerLeg"] = CFrame.new(0.0000,0.0000,0.0000,0.2241,0.9637,-0.1449,-0.9746,0.2216,-0.0333,-0.0000,0.1487,0.9889),
      ["LeftUpperLeg"] = CFrame.new(0.0009,0.4046,-0.0144,0.8993,0.4368,-0.0185,-0.0175,-0.0063,-0.9998,-0.4369,0.8995,0.0020),
      ["LeftLowerLeg"] = CFrame.new(0.0000,0.0000,0.0000,0.1319,-0.9901,0.0487,0.9913,0.1317,-0.0065,0.0000,0.0492,0.9988),
    }},
    {Time = 1.700, Data = {
      ["HumanoidRootPart"] = CFrame.new(0.0000,0.0000,0.0000,1.0000,0.0000,0.0000,0.0000,1.0000,0.0000,0.0000,0.0000,1.0000),
      ["LowerTorso"] = CFrame.new(0.0000,-1.9794,0.0000,1.0000,-0.0000,0.0000,0.0000,1.0000,-0.0000,0.0000,0.0000,1.0000),
      ["UpperTorso"] = CFrame.new(0.0000,0.0000,0.0000,1.0000,-0.0000,0.0000,0.0000,0.9882,-0.1532,0.0000,0.1532,0.9882),
      ["LeftUpperArm"] = CFrame.new(-0.0201,0.0242,0.1130,0.9761,-0.1904,-0.1048,-0.0977,0.0467,-0.9941,0.1942,0.9806,0.0270),
      ["LeftLowerArm"] = CFrame.new(0.0000,0.0000,0.0000,0.4714,-0.8636,0.1791,0.8808,0.4505,-0.1459,0.0453,0.2265,0.9730),
      ["Head"] = CFrame.new(-0.1139,-1.3746,-0.6316,0.9691,0.0935,0.2283,-0.1091,0.9924,0.0566,-0.2213,-0.0798,0.9719),
      ["RightUpperArm"] = CFrame.new(0.0000,0.0000,0.0000,1.0000,-0.0000,0.0000,0.0000,0.8485,0.5293,-0.0000,-0.5293,0.8485),
      ["RightLowerArm"] = CFrame.new(0.0000,0.0000,0.0000,1.0000,-0.0000,0.0000,0.0000,0.9203,-0.3911,0.0000,0.3911,0.9203),
      ["RightUpperLeg"] = CFrame.new(0.0599,0.4572,-0.0204,0.9718,-0.1721,0.1611,0.1688,0.0315,-0.9851,0.1644,0.9846,0.0596),
      ["RightLowerLeg"] = CFrame.new(0.0000,0.0000,0.0000,0.2241,0.9637,-0.1449,-0.9746,0.2216,-0.0333,-0.0000,0.1487,0.9889),
      ["LeftUpperLeg"] = CFrame.new(0.0009,0.4046,-0.0144,0.8993,0.4368,-0.0185,-0.0175,-0.0063,-0.9998,-0.4369,0.8995,0.0020),
      ["LeftLowerLeg"] = CFrame.new(0.0000,0.0000,0.0000,0.1319,-0.9901,0.0487,0.9913,0.1317,-0.0065,0.0000,0.0492,0.9988),
    }},
    {Time = 1.733, Data = {
      ["HumanoidRootPart"] = CFrame.new(0.0000,0.0000,0.0000,1.0000,0.0000,0.0000,0.0000,1.0000,0.0000,0.0000,0.0000,1.0000),
      ["LowerTorso"] = CFrame.new(0.0000,-1.9794,0.0000,1.0000,-0.0000,0.0000,0.0000,1.0000,-0.0000,0.0000,0.0000,1.0000),
      ["UpperTorso"] = CFrame.new(0.0000,0.0000,0.0000,1.0000,-0.0000,0.0000,0.0000,0.9882,-0.1532,0.0000,0.1532,0.9882),
      ["LeftUpperArm"] = CFrame.new(-0.0201,0.0242,0.1130,0.9761,-0.1904,-0.1048,-0.0977,0.0467,-0.9941,0.1942,0.9806,0.0270),
      ["LeftLowerArm"] = CFrame.new(0.0000,0.0000,0.0000,0.4669,-0.8653,0.1822,0.8831,0.4454,-0.1478,0.0468,0.2299,0.9721),
      ["Head"] = CFrame.new(-0.1139,-1.3746,-0.6316,0.9691,0.0935,0.2283,-0.1091,0.9924,0.0566,-0.2213,-0.0798,0.9719),
      ["RightUpperArm"] = CFrame.new(0.0000,0.0000,0.0000,1.0000,-0.0000,0.0000,0.0000,0.8485,0.5293,-0.0000,-0.5293,0.8485),
      ["RightLowerArm"] = CFrame.new(0.0000,0.0000,0.0000,1.0000,-0.0000,0.0000,0.0000,0.9203,-0.3911,0.0000,0.3911,0.9203),
      ["RightUpperLeg"] = CFrame.new(0.0599,0.4572,-0.0204,0.9718,-0.1721,0.1611,0.1688,0.0315,-0.9851,0.1644,0.9846,0.0596),
      ["RightLowerLeg"] = CFrame.new(0.0000,0.0000,0.0000,0.2241,0.9637,-0.1449,-0.9746,0.2216,-0.0333,-0.0000,0.1487,0.9889),
      ["LeftUpperLeg"] = CFrame.new(0.0009,0.4046,-0.0144,0.8993,0.4368,-0.0185,-0.0175,-0.0063,-0.9998,-0.4369,0.8995,0.0020),
      ["LeftLowerLeg"] = CFrame.new(0.0000,0.0000,0.0000,0.1319,-0.9901,0.0487,0.9913,0.1317,-0.0065,0.0000,0.0492,0.9988),
    }},
    {Time = 1.767, Data = {
      ["HumanoidRootPart"] = CFrame.new(0.0000,0.0000,0.0000,1.0000,0.0000,0.0000,0.0000,1.0000,0.0000,0.0000,0.0000,1.0000),
      ["LowerTorso"] = CFrame.new(0.0000,-1.9794,0.0000,1.0000,-0.0000,0.0000,0.0000,1.0000,-0.0000,0.0000,0.0000,1.0000),
      ["UpperTorso"] = CFrame.new(0.0000,0.0000,0.0000,1.0000,-0.0000,0.0000,0.0000,0.9882,-0.1532,0.0000,0.1532,0.9882),
      ["LeftUpperArm"] = CFrame.new(-0.0201,0.0242,0.1130,0.9761,-0.1904,-0.1048,-0.0977,0.0467,-0.9941,0.1942,0.9806,0.0270),
      ["LeftLowerArm"] = CFrame.new(0.0000,0.0000,0.0000,0.4624,-0.8671,0.1853,0.8854,0.4402,-0.1497,0.0483,0.2332,0.9712),
      ["Head"] = CFrame.new(-0.1139,-1.3746,-0.6316,0.9691,0.0935,0.2283,-0.1091,0.9924,0.0566,-0.2213,-0.0798,0.9719),
      ["RightUpperArm"] = CFrame.new(0.0000,0.0000,0.0000,1.0000,-0.0000,0.0000,0.0000,0.8485,0.5293,-0.0000,-0.5293,0.8485),
      ["RightLowerArm"] = CFrame.new(0.0000,0.0000,0.0000,1.0000,-0.0000,0.0000,0.0000,0.9203,-0.3911,0.0000,0.3911,0.9203),
      ["RightUpperLeg"] = CFrame.new(0.0599,0.4572,-0.0204,0.9718,-0.1721,0.1611,0.1688,0.0315,-0.9851,0.1644,0.9846,0.0596),
      ["RightLowerLeg"] = CFrame.new(0.0000,0.0000,0.0000,0.2241,0.9637,-0.1449,-0.9746,0.2216,-0.0333,-0.0000,0.1487,0.9889),
      ["LeftUpperLeg"] = CFrame.new(0.0009,0.4046,-0.0144,0.8993,0.4368,-0.0185,-0.0175,-0.0063,-0.9998,-0.4369,0.8995,0.0020),
      ["LeftLowerLeg"] = CFrame.new(0.0000,0.0000,0.0000,0.1319,-0.9901,0.0487,0.9913,0.1317,-0.0065,0.0000,0.0492,0.9988),
    }},
    {Time = 1.800, Data = {
      ["HumanoidRootPart"] = CFrame.new(0.0000,0.0000,0.0000,1.0000,0.0000,0.0000,0.0000,1.0000,0.0000,0.0000,0.0000,1.0000),
      ["LowerTorso"] = CFrame.new(0.0000,-1.9794,0.0000,1.0000,-0.0000,0.0000,0.0000,1.0000,-0.0000,0.0000,0.0000,1.0000),
      ["UpperTorso"] = CFrame.new(0.0000,0.0000,0.0000,1.0000,-0.0000,0.0000,0.0000,0.9882,-0.1532,0.0000,0.1532,0.9882),
      ["LeftUpperArm"] = CFrame.new(-0.0201,0.0242,0.1130,0.9761,-0.1904,-0.1048,-0.0977,0.0467,-0.9941,0.1942,0.9806,0.0270),
      ["LeftLowerArm"] = CFrame.new(0.0000,0.0000,0.0000,0.4579,-0.8688,0.1884,0.8876,0.4349,-0.1516,0.0498,0.2366,0.9703),
      ["Head"] = CFrame.new(-0.1139,-1.3746,-0.6316,0.9691,0.0935,0.2283,-0.1091,0.9924,0.0566,-0.2213,-0.0798,0.9719),
      ["RightUpperArm"] = CFrame.new(0.0000,0.0000,0.0000,1.0000,-0.0000,0.0000,0.0000,0.8485,0.5293,-0.0000,-0.5293,0.8485),
      ["RightLowerArm"] = CFrame.new(0.0000,0.0000,0.0000,1.0000,-0.0000,0.0000,0.0000,0.9203,-0.3911,0.0000,0.3911,0.9203),
      ["RightUpperLeg"] = CFrame.new(0.0599,0.4572,-0.0204,0.9718,-0.1721,0.1611,0.1688,0.0315,-0.9851,0.1644,0.9846,0.0596),
      ["RightLowerLeg"] = CFrame.new(0.0000,0.0000,0.0000,0.2241,0.9637,-0.1449,-0.9746,0.2216,-0.0333,-0.0000,0.1487,0.9889),
      ["LeftUpperLeg"] = CFrame.new(0.0009,0.4046,-0.0144,0.8993,0.4368,-0.0185,-0.0175,-0.0063,-0.9998,-0.4369,0.8995,0.0020),
      ["LeftLowerLeg"] = CFrame.new(0.0000,0.0000,0.0000,0.1319,-0.9901,0.0487,0.9913,0.1317,-0.0065,0.0000,0.0492,0.9988),
    }},
    {Time = 1.833, Data = {
      ["HumanoidRootPart"] = CFrame.new(0.0000,0.0000,0.0000,1.0000,0.0000,0.0000,0.0000,1.0000,0.0000,0.0000,0.0000,1.0000),
      ["LowerTorso"] = CFrame.new(0.0000,-1.9794,0.0000,1.0000,-0.0000,0.0000,0.0000,1.0000,-0.0000,0.0000,0.0000,1.0000),
      ["UpperTorso"] = CFrame.new(0.0000,0.0000,0.0000,1.0000,-0.0000,0.0000,0.0000,0.9882,-0.1532,0.0000,0.1532,0.9882),
      ["LeftUpperArm"] = CFrame.new(-0.0201,0.0242,0.1130,0.9761,-0.1904,-0.1048,-0.0977,0.0467,-0.9941,0.1942,0.9806,0.0270),
      ["LeftLowerArm"] = CFrame.new(0.0000,0.0000,0.0000,0.4534,-0.8705,0.1915,0.8898,0.4297,-0.1535,0.0514,0.2400,0.9694),
      ["Head"] = CFrame.new(-0.1139,-1.3746,-0.6316,0.9691,0.0935,0.2283,-0.1091,0.9924,0.0566,-0.2213,-0.0798,0.9719),
      ["RightUpperArm"] = CFrame.new(0.0000,0.0000,0.0000,1.0000,-0.0000,0.0000,0.0000,0.8485,0.5293,-0.0000,-0.5293,0.8485),
      ["RightLowerArm"] = CFrame.new(0.0000,0.0000,0.0000,1.0000,-0.0000,0.0000,0.0000,0.9203,-0.3911,0.0000,0.3911,0.9203),
      ["RightUpperLeg"] = CFrame.new(0.0599,0.4572,-0.0204,0.9718,-0.1721,0.1611,0.1688,0.0315,-0.9851,0.1644,0.9846,0.0596),
      ["RightLowerLeg"] = CFrame.new(0.0000,0.0000,0.0000,0.2241,0.9637,-0.1449,-0.9746,0.2216,-0.0333,-0.0000,0.1487,0.9889),
      ["LeftUpperLeg"] = CFrame.new(0.0009,0.4046,-0.0144,0.8993,0.4368,-0.0185,-0.0175,-0.0063,-0.9998,-0.4369,0.8995,0.0020),
      ["LeftLowerLeg"] = CFrame.new(0.0000,0.0000,0.0000,0.1319,-0.9901,0.0487,0.9913,0.1317,-0.0065,0.0000,0.0492,0.9988),
    }},
    {Time = 1.867, Data = {
      ["HumanoidRootPart"] = CFrame.new(0.0000,0.0000,0.0000,1.0000,0.0000,0.0000,0.0000,1.0000,0.0000,0.0000,0.0000,1.0000),
      ["LowerTorso"] = CFrame.new(0.0000,-1.9794,0.0000,1.0000,-0.0000,0.0000,0.0000,1.0000,-0.0000,0.0000,0.0000,1.0000),
      ["UpperTorso"] = CFrame.new(0.0000,0.0000,0.0000,1.0000,-0.0000,0.0000,0.0000,0.9882,-0.1532,0.0000,0.1532,0.9882),
      ["LeftUpperArm"] = CFrame.new(-0.0201,0.0242,0.1130,0.9761,-0.1904,-0.1048,-0.0977,0.0467,-0.9941,0.1942,0.9806,0.0270),
      ["LeftLowerArm"] = CFrame.new(0.0000,0.0000,0.0000,0.4489,-0.8722,0.1945,0.8920,0.4244,-0.1554,0.0530,0.2433,0.9685),
      ["Head"] = CFrame.new(-0.1139,-1.3746,-0.6316,0.9691,0.0935,0.2283,-0.1091,0.9924,0.0566,-0.2213,-0.0798,0.9719),
      ["RightUpperArm"] = CFrame.new(0.0000,0.0000,0.0000,1.0000,-0.0000,0.0000,0.0000,0.8485,0.5293,-0.0000,-0.5293,0.8485),
      ["RightLowerArm"] = CFrame.new(0.0000,0.0000,0.0000,1.0000,-0.0000,0.0000,0.0000,0.9203,-0.3911,0.0000,0.3911,0.9203),
      ["RightUpperLeg"] = CFrame.new(0.0599,0.4572,-0.0204,0.9718,-0.1721,0.1611,0.1688,0.0315,-0.9851,0.1644,0.9846,0.0596),
      ["RightLowerLeg"] = CFrame.new(0.0000,0.0000,0.0000,0.2241,0.9637,-0.1449,-0.9746,0.2216,-0.0333,-0.0000,0.1487,0.9889),
      ["LeftUpperLeg"] = CFrame.new(0.0009,0.4046,-0.0144,0.8993,0.4368,-0.0185,-0.0175,-0.0063,-0.9998,-0.4369,0.8995,0.0020),
      ["LeftLowerLeg"] = CFrame.new(0.0000,0.0000,0.0000,0.1319,-0.9901,0.0487,0.9913,0.1317,-0.0065,0.0000,0.0492,0.9988),
    }},
    {Time = 1.900, Data = {
      ["HumanoidRootPart"] = CFrame.new(0.0000,0.0000,0.0000,1.0000,0.0000,0.0000,0.0000,1.0000,0.0000,0.0000,0.0000,1.0000),
      ["LowerTorso"] = CFrame.new(0.0000,-1.9794,0.0000,1.0000,-0.0000,0.0000,0.0000,1.0000,-0.0000,0.0000,0.0000,1.0000),
      ["UpperTorso"] = CFrame.new(0.0000,0.0000,0.0000,1.0000,-0.0000,0.0000,0.0000,0.9882,-0.1532,0.0000,0.1532,0.9882),
      ["LeftUpperArm"] = CFrame.new(-0.0201,0.0242,0.1130,0.9761,-0.1904,-0.1048,-0.0977,0.0467,-0.9941,0.1942,0.9806,0.0270),
      ["LeftLowerArm"] = CFrame.new(0.0000,0.0000,0.0000,0.4443,-0.8738,0.1976,0.8942,0.4191,-0.1573,0.0547,0.2466,0.9676),
      ["Head"] = CFrame.new(-0.1139,-1.3746,-0.6316,0.9691,0.0935,0.2283,-0.1091,0.9924,0.0566,-0.2213,-0.0798,0.9719),
      ["RightUpperArm"] = CFrame.new(0.0000,0.0000,0.0000,1.0000,-0.0000,0.0000,0.0000,0.8485,0.5293,-0.0000,-0.5293,0.8485),
      ["RightLowerArm"] = CFrame.new(0.0000,0.0000,0.0000,1.0000,-0.0000,0.0000,0.0000,0.9203,-0.3911,0.0000,0.3911,0.9203),
      ["RightUpperLeg"] = CFrame.new(0.0599,0.4572,-0.0204,0.9718,-0.1721,0.1611,0.1688,0.0315,-0.9851,0.1644,0.9846,0.0596),
      ["RightLowerLeg"] = CFrame.new(0.0000,0.0000,0.0000,0.2241,0.9637,-0.1449,-0.9746,0.2216,-0.0333,-0.0000,0.1487,0.9889),
      ["LeftUpperLeg"] = CFrame.new(0.0009,0.4046,-0.0144,0.8993,0.4368,-0.0185,-0.0175,-0.0063,-0.9998,-0.4369,0.8995,0.0020),
      ["LeftLowerLeg"] = CFrame.new(0.0000,0.0000,0.0000,0.1319,-0.9901,0.0487,0.9913,0.1317,-0.0065,0.0000,0.0492,0.9988),
    }},
    {Time = 1.933, Data = {
      ["HumanoidRootPart"] = CFrame.new(0.0000,0.0000,0.0000,1.0000,0.0000,0.0000,0.0000,1.0000,0.0000,0.0000,0.0000,1.0000),
      ["LowerTorso"] = CFrame.new(0.0000,-1.9794,0.0000,1.0000,-0.0000,0.0000,0.0000,1.0000,-0.0000,0.0000,0.0000,1.0000),
      ["UpperTorso"] = CFrame.new(0.0000,0.0000,0.0000,1.0000,-0.0000,0.0000,0.0000,0.9882,-0.1532,0.0000,0.1532,0.9882),
      ["LeftUpperArm"] = CFrame.new(-0.0201,0.0242,0.1130,0.9761,-0.1904,-0.1048,-0.0977,0.0467,-0.9941,0.1942,0.9806,0.0270),
      ["LeftLowerArm"] = CFrame.new(0.0000,0.0000,0.0000,0.4398,-0.8754,0.2007,0.8963,0.4138,-0.1592,0.0563,0.2499,0.9666),
      ["Head"] = CFrame.new(-0.1139,-1.3746,-0.6316,0.9691,0.0935,0.2283,-0.1091,0.9924,0.0566,-0.2213,-0.0798,0.9719),
      ["RightUpperArm"] = CFrame.new(0.0000,0.0000,0.0000,1.0000,-0.0000,0.0000,0.0000,0.8485,0.5293,-0.0000,-0.5293,0.8485),
      ["RightLowerArm"] = CFrame.new(0.0000,0.0000,0.0000,1.0000,-0.0000,0.0000,0.0000,0.9203,-0.3911,0.0000,0.3911,0.9203),
      ["RightUpperLeg"] = CFrame.new(0.0599,0.4572,-0.0204,0.9718,-0.1721,0.1611,0.1688,0.0315,-0.9851,0.1644,0.9846,0.0596),
      ["RightLowerLeg"] = CFrame.new(0.0000,0.0000,0.0000,0.2241,0.9637,-0.1449,-0.9746,0.2216,-0.0333,-0.0000,0.1487,0.9889),
      ["LeftUpperLeg"] = CFrame.new(0.0009,0.4046,-0.0144,0.8993,0.4368,-0.0185,-0.0175,-0.0063,-0.9998,-0.4369,0.8995,0.0020),
      ["LeftLowerLeg"] = CFrame.new(0.0000,0.0000,0.0000,0.1319,-0.9901,0.0487,0.9913,0.1317,-0.0065,0.0000,0.0492,0.9988),
    }},
    {Time = 1.967, Data = {
      ["HumanoidRootPart"] = CFrame.new(0.0000,0.0000,0.0000,1.0000,0.0000,0.0000,0.0000,1.0000,0.0000,0.0000,0.0000,1.0000),
      ["LowerTorso"] = CFrame.new(0.0000,-1.9794,0.0000,1.0000,-0.0000,0.0000,0.0000,1.0000,-0.0000,0.0000,0.0000,1.0000),
      ["UpperTorso"] = CFrame.new(0.0000,0.0000,0.0000,1.0000,-0.0000,0.0000,0.0000,0.9882,-0.1532,0.0000,0.1532,0.9882),
      ["LeftUpperArm"] = CFrame.new(-0.0201,0.0242,0.1130,0.9761,-0.1904,-0.1048,-0.0977,0.0467,-0.9941,0.1942,0.9806,0.0270),
      ["LeftLowerArm"] = CFrame.new(0.0000,0.0000,0.0000,0.4352,-0.8770,0.2038,0.8985,0.4084,-0.1611,0.0581,0.2532,0.9657),
      ["Head"] = CFrame.new(-0.1139,-1.3746,-0.6316,0.9691,0.0935,0.2283,-0.1091,0.9924,0.0566,-0.2213,-0.0798,0.9719),
      ["RightUpperArm"] = CFrame.new(0.0000,0.0000,0.0000,1.0000,-0.0000,0.0000,0.0000,0.8485,0.5293,-0.0000,-0.5293,0.8485),
      ["RightLowerArm"] = CFrame.new(0.0000,0.0000,0.0000,1.0000,-0.0000,0.0000,0.0000,0.9203,-0.3911,0.0000,0.3911,0.9203),
      ["RightUpperLeg"] = CFrame.new(0.0599,0.4572,-0.0204,0.9718,-0.1721,0.1611,0.1688,0.0315,-0.9851,0.1644,0.9846,0.0596),
      ["RightLowerLeg"] = CFrame.new(0.0000,0.0000,0.0000,0.2241,0.9637,-0.1449,-0.9746,0.2216,-0.0333,-0.0000,0.1487,0.9889),
      ["LeftUpperLeg"] = CFrame.new(0.0009,0.4046,-0.0144,0.8993,0.4368,-0.0185,-0.0175,-0.0063,-0.9998,-0.4369,0.8995,0.0020),
      ["LeftLowerLeg"] = CFrame.new(0.0000,0.0000,0.0000,0.1319,-0.9901,0.0487,0.9913,0.1317,-0.0065,0.0000,0.0492,0.9988),
    }},
    {Time = 2.000, Data = {
      ["HumanoidRootPart"] = CFrame.new(0.0000,0.0000,0.0000,1.0000,0.0000,0.0000,0.0000,1.0000,0.0000,0.0000,0.0000,1.0000),
      ["LowerTorso"] = CFrame.new(0.0000,-1.9794,0.0000,1.0000,-0.0000,0.0000,0.0000,1.0000,-0.0000,0.0000,0.0000,1.0000),
      ["UpperTorso"] = CFrame.new(0.0000,0.0000,0.0000,1.0000,-0.0000,0.0000,0.0000,0.9882,-0.1532,0.0000,0.1532,0.9882),
      ["LeftUpperArm"] = CFrame.new(-0.0201,0.0242,0.1130,0.9761,-0.1904,-0.1048,-0.0977,0.0467,-0.9941,0.1942,0.9806,0.0270),
      ["LeftLowerArm"] = CFrame.new(0.0000,0.0000,0.0000,0.4306,-0.8785,0.2069,0.9005,0.4031,-0.1630,0.0598,0.2565,0.9647),
      ["Head"] = CFrame.new(-0.1139,-1.3746,-0.6316,0.9691,0.0935,0.2283,-0.1091,0.9924,0.0566,-0.2213,-0.0798,0.9719),
      ["RightUpperArm"] = CFrame.new(0.0000,0.0000,0.0000,1.0000,-0.0000,0.0000,0.0000,0.8485,0.5293,-0.0000,-0.5293,0.8485),
      ["RightLowerArm"] = CFrame.new(0.0000,0.0000,0.0000,1.0000,-0.0000,0.0000,0.0000,0.9203,-0.3911,0.0000,0.3911,0.9203),
      ["RightUpperLeg"] = CFrame.new(0.0599,0.4572,-0.0204,0.9718,-0.1721,0.1611,0.1688,0.0315,-0.9851,0.1644,0.9846,0.0596),
      ["RightLowerLeg"] = CFrame.new(0.0000,0.0000,0.0000,0.2241,0.9637,-0.1449,-0.9746,0.2216,-0.0333,-0.0000,0.1487,0.9889),
      ["LeftUpperLeg"] = CFrame.new(0.0009,0.4046,-0.0144,0.8993,0.4368,-0.0185,-0.0175,-0.0063,-0.9998,-0.4369,0.8995,0.0020),
      ["LeftLowerLeg"] = CFrame.new(0.0000,0.0000,0.0000,0.1319,-0.9901,0.0487,0.9913,0.1317,-0.0065,0.0000,0.0492,0.9988),
    }},
  }
}
