return {
  ["131461312085480"] = {
    {Time = 0.000, Data = {
      ["HumanoidRootPart"] = CFrame.new(0.0000,0.0000,0.0000,1.0000,0.0000,0.0000,0.0000,1.0000,0.0000,0.0000,0.0000,1.0000),
      ["LowerTorso"] = CFrame.new(0.0000,0.0000,0.0000,1.0000,-0.0000,0.0000,0.0000,0.9634,0.2682,-0.0000,-0.2682,0.9634),
      ["UpperTorso"] = CFrame.new(0.0000,0.0000,0.0000,1.0000,-0.0000,0.0000,0.0000,1.0000,0.0000,-0.0000,0.0000,1.0000),
      ["LeftUpperArm"] = CFrame.new(-0.0311,-0.2132,0.1498,0.9378,0.0632,0.3414,-0.2897,0.6846,0.6689,-0.1914,-0.7261,0.6603),
      ["LeftLowerArm"] = CFrame.new(-0.0005,0.0861,0.0492,1.0000,-0.0000,0.0000,0.0000,0.5075,-0.8617,0.0000,0.8617,0.5075),
      ["LeftHand"] = CFrame.new(0.0005,0.0001,0.0000,1.0000,-0.0000,0.0000,0.0000,1.0000,-0.0000,0.0000,0.0000,1.0000),
      ["RightUpperArm"] = CFrame.new(0.0827,-0.1408,0.2374,0.8309,0.0781,0.5509,-0.0153,0.9929,-0.1177,-0.5562,0.0894,0.8262),
      ["RightLowerArm"] = CFrame.new(0.0000,0.0896,0.0555,1.0000,-0.0000,0.0000,0.0000,0.4446,-0.8958,0.0000,0.8958,0.4446),
      ["RightHand"] = CFrame.new(-0.0005,0.0000,0.0000,1.0000,-0.0000,0.0000,0.0000,1.0000,-0.0000,0.0000,0.0000,1.0000),
      ["Head"] = CFrame.new(0.0000,0.0000,0.0000,1.0000,0.0000,0.0000,0.0000,1.0000,0.0000,0.0000,0.0000,1.0000),
      ["RightUpperLeg"] = CFrame.new(0.0000,0.1854,0.2511,1.0000,-0.0000,0.0000,0.0000,0.8858,-0.4641,0.0000,0.4641,0.8858),
      ["RightLowerLeg"] = CFrame.new(0.0000,0.1243,-0.1153,1.0000,-0.0000,0.0000,-0.0000,-0.1948,0.9808,0.0000,-0.9808,-0.1948),
      ["RightFoot"] = CFrame.new(0.0000,0.0339,-0.0001,1.0000,-0.0000,0.0000,0.0000,0.9999,0.0104,-0.0000,-0.0104,0.9999),
      ["LeftUpperLeg"] = CFrame.new(0.0000,0.0398,-0.3488,1.0000,-0.0000,0.0000,0.0000,0.7192,-0.6948,0.0000,0.6948,0.7192),
      ["LeftLowerLeg"] = CFrame.new(0.0000,0.0152,-0.0005,1.0000,-0.0000,0.0000,0.0000,0.9935,0.1139,-0.0000,-0.1139,0.9935),
      ["LeftFoot"] = CFrame.new(0.0000,0.0035,0.0000,1.0000,-0.0000,0.0000,0.0000,0.9277,0.3732,-0.0000,-0.3732,0.9277),
    }},
    {Time = 0.033, Data = {
      ["HumanoidRootPart"] = CFrame.new(0.0000,0.0000,0.0000,1.0000,0.0000,0.0000,0.0000,1.0000,0.0000,0.0000,0.0000,1.0000),
      ["LowerTorso"] = CFrame.new(0.0000,-0.0694,0.0000,1.0000,-0.0000,0.0000,0.0000,0.9634,0.2682,-0.0000,-0.2682,0.9634),
      ["UpperTorso"] = CFrame.new(0.0000,0.0000,0.0000,1.0000,-0.0061,0.0033,0.0060,0.9988,0.0481,-0.0036,-0.0481,0.9988),
      ["LeftUpperArm"] = CFrame.new(-0.0214,-0.1986,0.1490,0.9568,0.0821,0.2787,-0.2485,0.7284,0.6385,-0.1506,-0.6802,0.7174),
      ["LeftLowerArm"] = CFrame.new(-0.0005,0.0863,0.0495,1.0000,-0.0000,0.0000,0.0000,0.5041,-0.8637,0.0000,0.8637,0.5041),
      ["LeftHand"] = CFrame.new(0.0005,0.0001,0.0000,1.0000,-0.0000,0.0000,0.0000,1.0000,-0.0000,0.0000,0.0000,1.0000),
      ["RightUpperArm"] = CFrame.new(0.0661,-0.1290,0.2315,0.8645,0.0496,0.5002,-0.0269,0.9983,-0.0524,-0.5020,0.0318,0.8643),
      ["RightLowerArm"] = CFrame.new(0.0000,0.0883,0.0529,1.0000,-0.0000,0.0000,0.0000,0.4702,-0.8826,0.0000,0.8826,0.4702),
      ["RightHand"] = CFrame.new(-0.0005,0.0000,0.0000,1.0000,-0.0000,0.0000,0.0000,1.0000,-0.0000,0.0000,0.0000,1.0000),
      ["Head"] = CFrame.new(0.0000,0.0000,0.0000,1.0000,0.0000,0.0000,0.0000,1.0000,0.0000,0.0000,0.0000,1.0000),
      ["RightUpperLeg"] = CFrame.new(0.0000,0.1746,0.2067,1.0000,-0.0000,0.0000,0.0000,0.8127,-0.5827,0.0000,0.5827,0.8127),
      ["RightLowerLeg"] = CFrame.new(0.0000,0.1216,-0.1260,1.0000,-0.0000,0.0000,-0.0000,-0.3059,0.9521,0.0000,-0.9521,-0.3059),
      ["RightFoot"] = CFrame.new(0.0000,0.0345,-0.0001,1.0000,-0.0000,0.0000,0.0000,0.9967,-0.0810,0.0000,0.0810,0.9967),
      ["LeftUpperLeg"] = CFrame.new(0.0000,0.0506,-0.3043,1.0000,-0.0000,0.0000,0.0000,0.6675,-0.7446,0.0000,0.7446,0.6675),
      ["LeftLowerLeg"] = CFrame.new(0.0000,0.0445,-0.0063,1.0000,-0.0000,0.0000,0.0000,0.9351,0.3544,-0.0000,-0.3544,0.9351),
      ["LeftFoot"] = CFrame.new(0.0000,0.0092,0.0000,1.0000,-0.0000,0.0000,0.0000,0.9485,0.3167,-0.0000,-0.3167,0.9485),
    }},
    {Time = 0.067, Data = {
      ["HumanoidRootPart"] = CFrame.new(0.0000,0.0000,0.0000,1.0000,0.0000,0.0000,0.0000,1.0000,0.0000,0.0000,0.0000,1.0000),
      ["LowerTorso"] = CFrame.new(0.0000,-0.1982,0.0000,1.0000,-0.0000,0.0000,0.0000,0.9634,0.2682,-0.0000,-0.2682,0.9634),
      ["UpperTorso"] = CFrame.new(0.0000,0.0000,0.0000,0.9998,-0.0179,0.0088,0.0166,0.9904,0.1373,-0.0111,-0.1371,0.9905),
      ["LeftUpperArm"] = CFrame.new(-0.0055,-0.1647,0.1568,0.9881,0.1111,0.1064,-0.1511,0.8311,0.5352,-0.0290,-0.5449,0.8380),
      ["LeftLowerArm"] = CFrame.new(-0.0005,0.0868,0.0504,1.0000,-0.0000,0.0000,0.0000,0.4954,-0.8686,0.0000,0.8686,0.4954),
      ["LeftHand"] = CFrame.new(0.0005,0.0001,0.0000,1.0000,-0.0000,0.0000,0.0000,1.0000,-0.0000,0.0000,0.0000,1.0000),
      ["RightUpperArm"] = CFrame.new(0.0310,-0.1102,0.2096,0.9353,-0.0096,0.3537,-0.0348,0.9923,0.1188,-0.3521,-0.1234,0.9278),
      ["RightLowerArm"] = CFrame.new(0.0000,0.0845,0.0464,1.0000,-0.0000,0.0000,0.0000,0.5348,-0.8450,0.0000,0.8450,0.5348),
      ["RightHand"] = CFrame.new(-0.0005,0.0000,0.0000,1.0000,-0.0000,0.0000,0.0000,1.0000,-0.0000,0.0000,0.0000,1.0000),
      ["Head"] = CFrame.new(0.0000,0.0000,0.0000,1.0000,0.0000,0.0000,0.0000,1.0000,0.0000,0.0000,0.0000,1.0000),
      ["RightUpperLeg"] = CFrame.new(0.0000,0.1477,0.0956,1.0000,-0.0000,0.0000,0.0000,0.5281,-0.8492,0.0000,0.8492,0.5281),
      ["RightLowerLeg"] = CFrame.new(0.0000,0.1147,-0.1420,1.0000,-0.0000,0.0000,-0.0000,-0.4726,0.8813,0.0000,-0.8813,-0.4726),
      ["RightFoot"] = CFrame.new(0.0000,0.0355,-0.0001,1.0000,-0.0000,0.0000,0.0000,0.9872,-0.1593,0.0000,0.1593,0.9872),
      ["LeftUpperLeg"] = CFrame.new(0.0000,0.0776,-0.1933,1.0000,-0.0000,0.0000,0.0000,0.6793,-0.7339,0.0000,0.7339,0.6793),
      ["LeftLowerLeg"] = CFrame.new(0.0000,0.0736,-0.0194,1.0000,-0.0000,0.0000,0.0000,0.8012,0.5984,-0.0000,-0.5984,0.8012),
      ["LeftFoot"] = CFrame.new(0.0000,0.0148,0.0000,1.0000,-0.0000,0.0000,0.0000,0.9502,0.3118,-0.0000,-0.3118,0.9502),
    }},
    {Time = 0.100, Data = {
      ["HumanoidRootPart"] = CFrame.new(0.0000,0.0000,0.0000,1.0000,0.0000,0.0000,0.0000,1.0000,0.0000,0.0000,0.0000,1.0000),
      ["LowerTorso"] = CFrame.new(0.0000,-0.2676,0.0000,1.0000,-0.0000,0.0000,0.0000,0.9634,0.2682,-0.0000,-0.2682,0.9634),
      ["UpperTorso"] = CFrame.new(0.0000,0.0000,0.0000,0.9996,-0.0245,0.0112,0.0220,0.9825,0.1849,-0.0156,-0.1846,0.9827),
      ["LeftUpperArm"] = CFrame.new(-0.0062,-0.1331,0.1827,0.9858,0.1018,-0.1336,-0.0494,0.9360,0.3484,0.1605,-0.3369,0.9278),
      ["LeftLowerArm"] = CFrame.new(-0.0005,0.0874,0.0515,1.0000,-0.0000,0.0000,0.0000,0.4842,-0.8750,0.0000,0.8750,0.4842),
      ["LeftHand"] = CFrame.new(0.0005,0.0001,0.0000,1.0000,-0.0000,0.0000,0.0000,1.0000,-0.0000,0.0000,0.0000,1.0000),
      ["RightUpperArm"] = CFrame.new(0.0043,-0.1104,0.1741,0.9897,-0.0524,0.1335,0.0041,0.9406,0.3394,-0.1434,-0.3353,0.9311),
      ["RightLowerArm"] = CFrame.new(0.0000,0.0786,0.0380,1.0000,-0.0000,0.0000,0.0000,0.6191,-0.7853,0.0000,0.7853,0.6191),
      ["RightHand"] = CFrame.new(-0.0005,0.0000,0.0000,1.0000,-0.0000,0.0000,0.0000,1.0000,-0.0000,0.0000,0.0000,1.0000),
      ["Head"] = CFrame.new(0.0000,0.0000,0.0000,1.0000,0.0000,0.0000,0.0000,1.0000,0.0000,0.0000,0.0000,1.0000),
      ["RightUpperLeg"] = CFrame.new(0.0000,0.1126,-0.0488,1.0000,-0.0000,0.0000,0.0000,0.1248,-0.9922,0.0000,0.9922,0.1248),
      ["RightLowerLeg"] = CFrame.new(0.0000,0.1174,-0.1365,1.0000,-0.0000,0.0000,-0.0000,-0.4153,0.9097,0.0000,-0.9097,-0.4153),
      ["RightFoot"] = CFrame.new(0.0000,0.0351,-0.0001,1.0000,-0.0000,0.0000,0.0000,0.9991,-0.0419,0.0000,0.0419,0.9991),
      ["LeftUpperLeg"] = CFrame.new(0.0000,0.1126,-0.0489,1.0000,-0.0000,0.0000,0.0000,0.8237,-0.5670,0.0000,0.5670,0.8237),
      ["LeftLowerLeg"] = CFrame.new(0.0000,0.0736,-0.0194,1.0000,-0.0000,0.0000,0.0000,0.8012,0.5984,-0.0000,-0.5984,0.8012),
      ["LeftFoot"] = CFrame.new(0.0000,0.0148,0.0000,1.0000,-0.0000,0.0000,0.0000,0.8903,0.4554,-0.0000,-0.4554,0.8903),
    }},
    {Time = 0.133, Data = {
      ["HumanoidRootPart"] = CFrame.new(0.0000,0.0000,0.0000,1.0000,0.0000,0.0000,0.0000,1.0000,0.0000,0.0000,0.0000,1.0000),
      ["LowerTorso"] = CFrame.new(0.0000,-0.1982,0.0000,1.0000,-0.0000,0.0000,0.0000,0.9634,0.2682,-0.0000,-0.2682,0.9634),
      ["UpperTorso"] = CFrame.new(0.0000,0.0000,0.0000,0.9997,-0.0206,0.0101,0.0191,0.9903,0.1373,-0.0128,-0.1371,0.9905),
      ["LeftUpperArm"] = CFrame.new(-0.0324,-0.1236,0.2140,0.9325,0.0376,-0.3591,0.0081,0.9921,0.1250,0.3610,-0.1195,0.9249),
      ["LeftLowerArm"] = CFrame.new(-0.0005,0.0881,0.0526,1.0000,-0.0000,0.0000,0.0000,0.4728,-0.8812,0.0000,0.8812,0.4728),
      ["LeftHand"] = CFrame.new(0.0005,0.0001,0.0000,1.0000,-0.0000,0.0000,0.0000,1.0000,-0.0000,0.0000,0.0000,1.0000),
      ["RightUpperArm"] = CFrame.new(0.0026,-0.1380,0.1454,0.9939,-0.0551,-0.0959,0.0977,0.8434,0.5284,0.0518,-0.5345,0.8436),
      ["RightLowerArm"] = CFrame.new(0.0000,0.0713,0.0297,1.0000,-0.0000,0.0000,0.0000,0.7019,-0.7123,0.0000,0.7123,0.7019),
      ["RightHand"] = CFrame.new(-0.0005,0.0000,0.0000,1.0000,-0.0000,0.0000,0.0000,1.0000,-0.0000,0.0000,0.0000,1.0000),
      ["Head"] = CFrame.new(0.0000,0.0000,0.0000,1.0000,0.0000,0.0000,0.0000,1.0000,0.0000,0.0000,0.0000,1.0000),
      ["RightUpperLeg"] = CFrame.new(0.0000,0.0776,-0.1932,1.0000,-0.0000,0.0000,0.0000,0.1148,-0.9934,0.0000,0.9934,0.1148),
      ["RightLowerLeg"] = CFrame.new(0.0000,0.1257,-0.0928,1.0000,-0.0000,0.0000,0.0000,0.0397,0.9992,-0.0000,-0.9992,0.0397),
      ["RightFoot"] = CFrame.new(0.0000,0.0324,-0.0001,1.0000,-0.0000,0.0000,0.0000,0.9982,0.0592,-0.0000,-0.0592,0.9982),
      ["LeftUpperLeg"] = CFrame.new(0.0000,0.1477,0.0955,1.0000,-0.0000,0.0000,0.0000,0.8467,-0.5321,0.0000,0.5321,0.8467),
      ["LeftLowerLeg"] = CFrame.new(0.0000,0.1050,-0.0429,1.0000,-0.0000,0.0000,0.0000,0.5574,0.8302,-0.0000,-0.8302,0.5574),
      ["LeftFoot"] = CFrame.new(0.0000,0.0251,0.0000,1.0000,-0.0000,0.0000,0.0000,0.8915,0.4530,-0.0000,-0.4530,0.8915),
    }},
    {Time = 0.167, Data = {
      ["HumanoidRootPart"] = CFrame.new(0.0000,0.0000,0.0000,1.0000,0.0000,0.0000,0.0000,1.0000,0.0000,0.0000,0.0000,1.0000),
      ["LowerTorso"] = CFrame.new(0.0000,-0.0694,0.0000,1.0000,-0.0000,0.0000,0.0000,0.9634,0.2682,-0.0000,-0.2682,0.9634),
      ["UpperTorso"] = CFrame.new(0.0000,0.0000,0.0000,0.9999,-0.0114,0.0062,0.0111,0.9988,0.0482,-0.0068,-0.0481,0.9988),
      ["LeftUpperArm"] = CFrame.new(-0.0667,-0.1331,0.2326,0.8633,-0.0415,-0.5029,0.0187,0.9986,-0.0504,0.5043,0.0341,0.8628),
      ["LeftLowerArm"] = CFrame.new(-0.0005,0.0885,0.0535,1.0000,-0.0000,0.0000,0.0000,0.4640,-0.8858,0.0000,0.8858,0.4640),
      ["LeftHand"] = CFrame.new(0.0005,0.0001,0.0000,1.0000,-0.0000,0.0000,0.0000,1.0000,-0.0000,0.0000,0.0000,1.0000),
      ["RightUpperArm"] = CFrame.new(0.0183,-0.1782,0.1392,0.9632,-0.0419,-0.2654,0.2078,0.7423,0.6370,0.1703,-0.6687,0.7238),
      ["RightLowerArm"] = CFrame.new(0.0000,0.0647,0.0236,1.0000,-0.0000,0.0000,0.0000,0.7629,-0.6465,0.0000,0.6465,0.7629),
      ["RightHand"] = CFrame.new(-0.0005,0.0000,0.0000,1.0000,-0.0000,0.0000,0.0000,1.0000,-0.0000,0.0000,0.0000,1.0000),
      ["Head"] = CFrame.new(0.0000,0.0000,0.0000,1.0000,0.0000,0.0000,0.0000,1.0000,0.0000,0.0000,0.0000,1.0000),
      ["RightUpperLeg"] = CFrame.new(0.0000,0.0506,-0.3042,1.0000,-0.0000,0.0000,0.0000,0.3990,-0.9169,0.0000,0.9169,0.3990),
      ["RightLowerLeg"] = CFrame.new(0.0000,0.0938,-0.0326,1.0000,-0.0000,0.0000,0.0000,0.6661,0.7459,-0.0000,-0.7459,0.6661),
      ["RightFoot"] = CFrame.new(0.0000,0.0218,-0.0001,1.0000,-0.0000,0.0000,0.0000,0.9867,0.1623,-0.0000,-0.1623,0.9867),
      ["LeftUpperLeg"] = CFrame.new(0.0000,0.1746,0.2066,1.0000,-0.0000,0.0000,0.0000,0.8393,-0.5436,0.0000,0.5436,0.8393),
      ["LeftLowerLeg"] = CFrame.new(0.0000,0.1260,-0.0945,1.0000,-0.0000,0.0000,0.0000,0.0211,0.9998,-0.0000,-0.9998,0.0211),
      ["LeftFoot"] = CFrame.new(0.0000,0.0323,0.0000,1.0000,-0.0000,0.0000,0.0000,0.9793,0.2022,-0.0000,-0.2022,0.9793),
    }},
    {Time = 0.200, Data = {
      ["HumanoidRootPart"] = CFrame.new(0.0000,0.0000,0.0000,1.0000,0.0000,0.0000,0.0000,1.0000,0.0000,0.0000,0.0000,1.0000),
      ["LowerTorso"] = CFrame.new(0.0000,0.0000,0.0000,1.0000,-0.0000,0.0000,0.0000,0.9634,0.2682,-0.0000,-0.2682,0.9634),
      ["UpperTorso"] = CFrame.new(0.0000,0.0000,0.0000,1.0000,-0.0000,0.0000,0.0000,1.0000,-0.0000,-0.0000,0.0000,1.0000),
      ["LeftUpperArm"] = CFrame.new(-0.0827,-0.1408,0.2374,0.8309,-0.0781,-0.5509,0.0153,0.9929,-0.1177,0.5562,0.0894,0.8262),
      ["LeftLowerArm"] = CFrame.new(-0.0005,0.0887,0.0538,1.0000,-0.0000,0.0000,0.0000,0.4605,-0.8877,0.0000,0.8877,0.4605),
      ["LeftHand"] = CFrame.new(0.0005,0.0001,0.0000,1.0000,-0.0000,0.0000,0.0000,1.0000,-0.0000,0.0000,0.0000,1.0000),
      ["RightUpperArm"] = CFrame.new(0.0311,-0.2132,0.1498,0.9378,-0.0632,-0.3414,0.2897,0.6846,0.6689,0.1914,-0.7261,0.6603),
      ["RightLowerArm"] = CFrame.new(0.0000,0.0618,0.0213,1.0000,-0.0000,0.0000,0.0000,0.7864,-0.6177,0.0000,0.6177,0.7864),
      ["RightHand"] = CFrame.new(-0.0005,0.0000,0.0000,1.0000,-0.0000,0.0000,0.0000,1.0000,-0.0000,0.0000,0.0000,1.0000),
      ["Head"] = CFrame.new(0.0000,0.0000,0.0000,1.0000,0.0000,0.0000,0.0000,1.0000,0.0000,0.0000,0.0000,1.0000),
      ["RightUpperLeg"] = CFrame.new(0.0000,0.0398,-0.3487,1.0000,-0.0000,0.0000,0.0000,0.7192,-0.6948,0.0000,0.6948,0.7192),
      ["RightLowerLeg"] = CFrame.new(0.0000,0.0150,-0.0006,1.0000,-0.0000,0.0000,0.0000,0.9935,0.1139,-0.0000,-0.1139,0.9935),
      ["RightFoot"] = CFrame.new(0.0000,0.0037,-0.0001,1.0000,-0.0000,0.0000,0.0000,0.9277,0.3732,-0.0000,-0.3732,0.9277),
      ["LeftUpperLeg"] = CFrame.new(0.0000,0.1854,0.2510,1.0000,-0.0000,0.0000,0.0000,0.8858,-0.4641,0.0000,0.4641,0.8858),
      ["LeftLowerLeg"] = CFrame.new(0.0000,0.1245,-0.1152,1.0000,-0.0000,0.0000,-0.0000,-0.1948,0.9808,0.0000,-0.9808,-0.1948),
      ["LeftFoot"] = CFrame.new(0.0000,0.0337,0.0000,1.0000,-0.0000,0.0000,0.0000,0.9999,0.0104,-0.0000,-0.0104,0.9999),
    }},
    {Time = 0.233, Data = {
      ["HumanoidRootPart"] = CFrame.new(0.0000,0.0000,0.0000,1.0000,0.0000,0.0000,0.0000,1.0000,0.0000,0.0000,0.0000,1.0000),
      ["LowerTorso"] = CFrame.new(0.0000,-0.0804,0.0000,1.0000,-0.0000,0.0000,0.0000,0.9634,0.2682,-0.0000,-0.2682,0.9634),
      ["UpperTorso"] = CFrame.new(0.0000,0.0000,0.0000,0.9999,0.0114,-0.0062,-0.0111,0.9986,0.0515,0.0068,-0.0514,0.9987),
      ["LeftUpperArm"] = CFrame.new(-0.0463,-0.2158,0.1886,0.9072,0.0995,-0.4088,-0.1439,0.9864,-0.0793,0.3954,0.1308,0.9092),
      ["LeftLowerArm"] = CFrame.new(-0.0005,0.0885,0.0535,1.0000,-0.0000,0.0000,0.0000,0.4643,-0.8857,0.0000,0.8857,0.4643),
      ["LeftHand"] = CFrame.new(0.0005,0.0001,0.0000,1.0000,-0.0000,0.0000,0.0000,1.0000,-0.0000,0.0000,0.0000,1.0000),
      ["RightUpperArm"] = CFrame.new(0.0335,-0.2748,0.1471,0.9196,-0.1867,-0.3457,0.3638,0.7367,0.5700,0.1483,-0.6499,0.7454),
      ["RightLowerArm"] = CFrame.new(0.0000,0.0649,0.0238,1.0000,-0.0000,0.0000,0.0000,0.7610,-0.6488,0.0000,0.6488,0.7610),
      ["RightHand"] = CFrame.new(-0.0005,0.0000,0.0000,1.0000,-0.0000,0.0000,0.0000,1.0000,-0.0000,0.0000,0.0000,1.0000),
      ["Head"] = CFrame.new(0.0000,0.0000,0.0000,1.0000,0.0000,0.0000,0.0000,1.0000,0.0000,0.0000,0.0000,1.0000),
      ["RightUpperLeg"] = CFrame.new(0.0000,0.0515,-0.3005,1.0000,-0.0000,0.0000,0.0000,0.7378,-0.6750,0.0000,0.6750,0.7378),
      ["RightLowerLeg"] = CFrame.new(0.0000,0.0286,-0.0025,1.0000,-0.0000,0.0000,0.0000,0.9747,0.2234,-0.0000,-0.2234,0.9747),
      ["RightFoot"] = CFrame.new(0.0000,0.0065,-0.0001,1.0000,-0.0000,0.0000,0.0000,0.9270,0.3751,-0.0000,-0.3751,0.9270),
      ["LeftUpperLeg"] = CFrame.new(0.0000,0.1737,0.2029,1.0000,-0.0000,0.0000,0.0000,0.8049,-0.5934,0.0000,0.5934,0.8049),
      ["LeftLowerLeg"] = CFrame.new(0.0000,0.1220,-0.1253,1.0000,-0.0000,0.0000,-0.0000,-0.2997,0.9540,0.0000,-0.9540,-0.2997),
      ["LeftFoot"] = CFrame.new(0.0000,0.0343,0.0000,1.0000,-0.0000,0.0000,0.0000,0.9975,-0.0709,0.0000,0.0709,0.9975),
    }},
    {Time = 0.267, Data = {
      ["HumanoidRootPart"] = CFrame.new(0.0000,0.0000,0.0000,1.0000,0.0000,0.0000,0.0000,1.0000,0.0000,0.0000,0.0000,1.0000),
      ["LowerTorso"] = CFrame.new(0.0000,-0.2187,0.0000,1.0000,-0.0000,0.0000,0.0000,0.9634,0.2682,-0.0000,-0.2682,0.9634),
      ["UpperTorso"] = CFrame.new(0.0000,0.0000,0.0000,0.9998,0.0201,-0.0098,-0.0185,0.9900,0.1398,0.0125,-0.1396,0.9901),
      ["LeftUpperArm"] = CFrame.new(-0.0216,-0.2713,0.0905,0.9588,0.2730,-0.0786,-0.2769,0.9599,-0.0447,0.0632,0.0646,0.9959),
      ["LeftLowerArm"] = CFrame.new(-0.0005,0.0880,0.0525,1.0000,-0.0000,0.0000,0.0000,0.4737,-0.8807,0.0000,0.8807,0.4737),
      ["LeftHand"] = CFrame.new(0.0005,0.0001,0.0000,1.0000,-0.0000,0.0000,0.0000,1.0000,-0.0000,0.0000,0.0000,1.0000),
      ["RightUpperArm"] = CFrame.new(0.0397,-0.3776,0.1322,0.8806,-0.4262,-0.2069,0.4700,0.8407,0.2688,0.0594,-0.3340,0.9407),
      ["RightLowerArm"] = CFrame.new(0.0000,0.0719,0.0304,1.0000,-0.0000,0.0000,0.0000,0.6953,-0.7187,0.0000,0.7187,0.6953),
      ["RightHand"] = CFrame.new(-0.0005,0.0000,0.0000,1.0000,-0.0000,0.0000,0.0000,1.0000,-0.0000,0.0000,0.0000,1.0000),
      ["Head"] = CFrame.new(0.0000,0.0000,0.0000,1.0000,0.0000,0.0000,0.0000,1.0000,0.0000,0.0000,0.0000,1.0000),
      ["RightUpperLeg"] = CFrame.new(0.0000,0.0804,-0.1814,1.0000,-0.0000,0.0000,0.0000,0.7158,-0.6983,0.0000,0.6983,0.7158),
      ["RightLowerLeg"] = CFrame.new(0.0000,0.0736,-0.0196,1.0000,-0.0000,0.0000,0.0000,0.8004,0.5995,-0.0000,-0.5995,0.8004),
      ["RightFoot"] = CFrame.new(0.0000,0.0151,-0.0001,1.0000,-0.0000,0.0000,0.0000,0.9441,0.3298,-0.0000,-0.3298,0.9441),
      ["LeftUpperLeg"] = CFrame.new(0.0000,0.1448,0.0838,1.0000,-0.0000,0.0000,0.0000,0.5055,-0.8628,0.0000,0.8628,0.5055),
      ["LeftLowerLeg"] = CFrame.new(0.0000,0.1173,-0.1371,1.0000,-0.0000,0.0000,-0.0000,-0.4231,0.9061,0.0000,-0.9061,-0.4231),
      ["LeftFoot"] = CFrame.new(0.0000,0.0349,0.0000,1.0000,-0.0000,0.0000,0.0000,0.9941,-0.1087,0.0000,0.1087,0.9941),
    }},
    {Time = 0.300, Data = {
      ["HumanoidRootPart"] = CFrame.new(0.0000,0.0000,0.0000,1.0000,0.0000,0.0000,0.0000,1.0000,0.0000,0.0000,0.0000,1.0000),
      ["LowerTorso"] = CFrame.new(0.0000,-0.2623,0.0000,1.0000,-0.0000,0.0000,0.0000,0.9634,0.2682,-0.0000,-0.2682,0.9634),
      ["UpperTorso"] = CFrame.new(0.0000,0.0000,0.0000,0.9997,0.0221,-0.0104,-0.0200,0.9857,0.1674,0.0139,-0.1671,0.9858),
      ["LeftUpperArm"] = CFrame.new(-0.0271,-0.2588,0.0641,0.9475,0.2627,0.1825,-0.2905,0.9454,0.1475,-0.1338,-0.1928,0.9721),
      ["LeftLowerArm"] = CFrame.new(-0.0005,0.0874,0.0513,1.0000,-0.0000,0.0000,0.0000,0.4857,-0.8741,0.0000,0.8741,0.4857),
      ["LeftHand"] = CFrame.new(0.0005,0.0001,0.0000,1.0000,-0.0000,0.0000,0.0000,1.0000,-0.0000,0.0000,0.0000,1.0000),
      ["RightUpperArm"] = CFrame.new(0.0631,-0.4628,0.1588,0.8152,-0.5461,0.1931,0.5615,0.8269,-0.0321,-0.1421,0.1346,0.9807),
      ["RightLowerArm"] = CFrame.new(0.0000,0.0795,0.0391,1.0000,-0.0000,0.0000,0.0000,0.6077,-0.7941,0.0000,0.7941,0.6077),
      ["RightHand"] = CFrame.new(-0.0005,0.0000,0.0000,1.0000,-0.0000,0.0000,0.0000,1.0000,-0.0000,0.0000,0.0000,1.0000),
      ["Head"] = CFrame.new(0.0000,0.0000,0.0000,1.0000,0.0000,0.0000,0.0000,1.0000,0.0000,0.0000,0.0000,1.0000),
      ["RightUpperLeg"] = CFrame.new(0.0000,0.1174,-0.0292,1.0000,-0.0000,0.0000,0.0000,0.8559,-0.5171,0.0000,0.5171,0.8559),
      ["RightLowerLeg"] = CFrame.new(0.0000,0.0750,-0.0204,1.0000,-0.0000,0.0000,0.0000,0.7922,0.6102,-0.0000,-0.6102,0.7922),
      ["RightFoot"] = CFrame.new(0.0000,0.0155,-0.0001,1.0000,-0.0000,0.0000,0.0000,0.8775,0.4796,-0.0000,-0.4796,0.8775),
      ["LeftUpperLeg"] = CFrame.new(0.0000,0.1079,-0.0684,1.0000,-0.0000,0.0000,0.0000,0.1986,-0.9801,0.0000,0.9801,0.1986),
      ["LeftLowerLeg"] = CFrame.new(0.0000,0.1236,-0.1196,1.0000,-0.0000,0.0000,-0.0000,-0.2403,0.9707,0.0000,-0.9707,-0.2403),
      ["LeftFoot"] = CFrame.new(0.0000,0.0339,0.0000,1.0000,-0.0000,0.0000,0.0000,0.9998,0.0179,-0.0000,-0.0179,0.9998),
    }},
    {Time = 0.333, Data = {
      ["HumanoidRootPart"] = CFrame.new(0.0000,0.0000,0.0000,1.0000,0.0000,0.0000,0.0000,1.0000,0.0000,0.0000,0.0000,1.0000),
      ["LowerTorso"] = CFrame.new(0.0000,-0.1669,0.0000,1.0000,-0.0000,0.0000,0.0000,0.9634,0.2682,-0.0000,-0.2682,0.9634),
      ["UpperTorso"] = CFrame.new(0.0000,0.0000,0.0000,0.9999,0.0138,-0.0070,-0.0130,0.9942,0.1068,0.0085,-0.1067,0.9943),
      ["LeftUpperArm"] = CFrame.new(-0.0335,-0.2404,0.0952,0.9338,0.1708,0.3143,-0.2990,0.8550,0.4238,-0.1964,-0.4898,0.8495),
      ["LeftLowerArm"] = CFrame.new(-0.0005,0.0867,0.0502,1.0000,-0.0000,0.0000,0.0000,0.4972,-0.8676,0.0000,0.8676,0.4972),
      ["LeftHand"] = CFrame.new(0.0005,0.0001,0.0000,1.0000,-0.0000,0.0000,0.0000,1.0000,-0.0000,0.0000,0.0000,1.0000),
      ["RightUpperArm"] = CFrame.new(0.0712,-0.3708,0.2428,0.8101,-0.3078,0.4990,0.3781,0.9247,-0.0434,-0.4481,0.2239,0.8655),
      ["RightLowerArm"] = CFrame.new(0.0000,0.0854,0.0478,1.0000,-0.0000,0.0000,0.0000,0.5216,-0.8532,0.0000,0.8532,0.5216),
      ["RightHand"] = CFrame.new(-0.0005,0.0000,0.0000,1.0000,-0.0000,0.0000,0.0000,1.0000,-0.0000,0.0000,0.0000,1.0000),
      ["Head"] = CFrame.new(0.0000,0.0000,0.0000,1.0000,0.0000,0.0000,0.0000,1.0000,0.0000,0.0000,0.0000,1.0000),
      ["RightUpperLeg"] = CFrame.new(0.0000,0.1532,0.1183,1.0000,-0.0000,0.0000,0.0000,0.8450,-0.5348,0.0000,0.5348,0.8450),
      ["RightLowerLeg"] = CFrame.new(0.0000,0.1144,-0.0561,1.0000,-0.0000,0.0000,0.0000,0.4215,0.9068,-0.0000,-0.9068,0.4215),
      ["RightFoot"] = CFrame.new(0.0000,0.0283,-0.0001,1.0000,-0.0000,0.0000,0.0000,0.9175,0.3978,-0.0000,-0.3978,0.9175),
      ["LeftUpperLeg"] = CFrame.new(0.0000,0.0721,-0.2159,1.0000,-0.0000,0.0000,0.0000,0.2938,-0.9559,0.0000,0.9559,0.2938),
      ["LeftLowerLeg"] = CFrame.new(0.0000,0.1187,-0.0639,1.0000,-0.0000,0.0000,0.0000,0.3387,0.9409,-0.0000,-0.9409,0.3387),
      ["LeftFoot"] = CFrame.new(0.0000,0.0293,0.0000,1.0000,-0.0000,0.0000,0.0000,0.9925,0.1224,-0.0000,-0.1224,0.9925),
    }},
    {Time = 0.367, Data = {
      ["HumanoidRootPart"] = CFrame.new(0.0000,0.0000,0.0000,1.0000,0.0000,0.0000,0.0000,1.0000,0.0000,0.0000,0.0000,1.0000),
      ["LowerTorso"] = CFrame.new(0.0000,-0.0418,0.0000,1.0000,-0.0000,0.0000,0.0000,0.9634,0.2682,-0.0000,-0.2682,0.9634),
      ["UpperTorso"] = CFrame.new(0.0000,0.0000,0.0000,1.0000,0.0034,-0.0019,-0.0033,0.9996,0.0268,0.0020,-0.0268,0.9996),
      ["LeftUpperArm"] = CFrame.new(-0.0324,-0.2204,0.1367,0.9353,0.0858,0.3432,-0.2942,0.7274,0.6200,-0.1965,-0.6808,0.7056),
      ["LeftLowerArm"] = CFrame.new(-0.0005,0.0862,0.0494,1.0000,-0.0000,0.0000,0.0000,0.5053,-0.8629,0.0000,0.8629,0.5053),
      ["LeftHand"] = CFrame.new(0.0005,0.0001,0.0000,1.0000,-0.0000,0.0000,0.0000,1.0000,-0.0000,0.0000,0.0000,1.0000),
      ["RightUpperArm"] = CFrame.new(0.0761,-0.1916,0.2469,0.8320,0.0011,0.5547,0.0670,0.9925,-0.1025,-0.5507,0.1224,0.8257),
      ["RightLowerArm"] = CFrame.new(0.0000,0.0888,0.0538,1.0000,-0.0000,0.0000,0.0000,0.4606,-0.8876,0.0000,0.8876,0.4606),
      ["RightHand"] = CFrame.new(-0.0005,0.0000,0.0000,1.0000,-0.0000,0.0000,0.0000,1.0000,-0.0000,0.0000,0.0000,1.0000),
      ["Head"] = CFrame.new(0.0000,0.0000,0.0000,1.0000,0.0000,0.0000,0.0000,1.0000,0.0000,0.0000,0.0000,1.0000),
      ["RightUpperLeg"] = CFrame.new(0.0000,0.1786,0.2232,1.0000,-0.0000,0.0000,0.0000,0.8571,-0.5151,0.0000,0.5151,0.8571),
      ["RightLowerLeg"] = CFrame.new(0.0000,0.1258,-0.1032,1.0000,-0.0000,0.0000,-0.0000,-0.0693,0.9976,0.0000,-0.9976,-0.0693),
      ["RightFoot"] = CFrame.new(0.0000,0.0332,-0.0001,1.0000,-0.0000,0.0000,0.0000,0.9914,0.1306,-0.0000,-0.1306,0.9914),
      ["LeftUpperLeg"] = CFrame.new(0.0000,0.0466,-0.3208,1.0000,-0.0000,0.0000,0.0000,0.5762,-0.8173,0.0000,0.8173,0.5762),
      ["LeftLowerLeg"] = CFrame.new(0.0000,0.0587,-0.0117,1.0000,-0.0000,0.0000,0.0000,0.8803,0.4744,-0.0000,-0.4744,0.8803),
      ["LeftFoot"] = CFrame.new(0.0000,0.0118,0.0000,1.0000,-0.0000,0.0000,0.0000,0.9654,0.2608,-0.0000,-0.2608,0.9654),
    }},
    {Time = 0.392, Data = {
      ["HumanoidRootPart"] = CFrame.new(0.0000,0.0000,0.0000,1.0000,0.0000,0.0000,0.0000,1.0000,0.0000,0.0000,0.0000,1.0000),
      ["LowerTorso"] = CFrame.new(0.0000,0.0000,0.0000,1.0000,-0.0000,0.0000,0.0000,0.9634,0.2682,-0.0000,-0.2682,0.9634),
      ["UpperTorso"] = CFrame.new(0.0000,0.0000,0.0000,1.0000,-0.0000,0.0000,0.0000,1.0000,-0.0000,-0.0000,0.0000,1.0000),
      ["LeftUpperArm"] = CFrame.new(-0.0311,-0.2132,0.1498,0.9378,0.0632,0.3414,-0.2897,0.6846,0.6689,-0.1914,-0.7261,0.6603),
      ["LeftLowerArm"] = CFrame.new(-0.0005,0.0861,0.0492,1.0000,-0.0000,0.0000,0.0000,0.5075,-0.8617,0.0000,0.8617,0.5075),
      ["LeftHand"] = CFrame.new(0.0005,0.0001,0.0000,1.0000,-0.0000,0.0000,0.0000,1.0000,-0.0000,0.0000,0.0000,1.0000),
      ["RightUpperArm"] = CFrame.new(0.0827,-0.1408,0.2374,0.8309,0.0781,0.5509,-0.0153,0.9929,-0.1177,-0.5562,0.0894,0.8262),
      ["RightLowerArm"] = CFrame.new(0.0000,0.0896,0.0555,1.0000,-0.0000,0.0000,0.0000,0.4446,-0.8958,0.0000,0.8958,0.4446),
      ["RightHand"] = CFrame.new(-0.0005,0.0000,0.0000,1.0000,-0.0000,0.0000,0.0000,1.0000,-0.0000,0.0000,0.0000,1.0000),
      ["Head"] = CFrame.new(0.0000,0.0000,0.0000,1.0000,0.0000,0.0000,0.0000,1.0000,0.0000,0.0000,0.0000,1.0000),
      ["RightUpperLeg"] = CFrame.new(0.0000,0.1854,0.2511,1.0000,-0.0000,0.0000,0.0000,0.8858,-0.4641,0.0000,0.4641,0.8858),
      ["RightLowerLeg"] = CFrame.new(0.0000,0.1243,-0.1153,1.0000,-0.0000,0.0000,-0.0000,-0.1948,0.9808,0.0000,-0.9808,-0.1948),
      ["RightFoot"] = CFrame.new(0.0000,0.0339,-0.0001,1.0000,-0.0000,0.0000,0.0000,0.9999,0.0104,-0.0000,-0.0104,0.9999),
      ["LeftUpperLeg"] = CFrame.new(0.0000,0.0398,-0.3488,1.0000,-0.0000,0.0000,0.0000,0.7192,-0.6948,0.0000,0.6948,0.7192),
      ["LeftLowerLeg"] = CFrame.new(0.0000,0.0152,-0.0005,1.0000,-0.0000,0.0000,0.0000,0.9935,0.1139,-0.0000,-0.1139,0.9935),
      ["LeftFoot"] = CFrame.new(0.0000,0.0035,0.0000,1.0000,-0.0000,0.0000,0.0000,0.9277,0.3732,-0.0000,-0.3732,0.9277),
    }},
  }
}
