return {
  ["93064296072452"] = {
    {Time = 0.000, Data = {
      ["HumanoidRootPart"] = CFrame.new(0.0000,0.0000,0.0000,1.0000,0.0000,0.0000,0.0000,1.0000,0.0000,0.0000,0.0000,1.0000),
      ["LowerTorso"] = CFrame.new(0.0000,1.2944,0.0000,1.0000,-0.0000,0.0000,0.0000,1.0000,-0.0000,0.0000,0.0000,1.0000),
      ["UpperTorso"] = CFrame.new(0.0000,-0.0532,0.1976,1.0000,-0.0000,0.0000,0.0000,0.8835,0.4684,-0.0000,-0.4684,0.8835),
      ["LeftUpperArm"] = CFrame.new(0.0341,-0.8724,-0.5561,0.0244,0.0648,-0.9976,-0.9582,-0.2831,-0.0418,-0.2852,0.9569,0.0552),
      ["LeftLowerArm"] = CFrame.new(0.0000,0.0000,0.0000,1.0000,-0.0000,0.0000,0.0000,0.0051,-1.0000,0.0000,1.0000,0.0051),
      ["LeftHand"] = CFrame.new(0.0000,0.0000,0.0000,1.0000,0.0000,0.0000,0.0000,1.0000,0.0000,0.0000,0.0000,1.0000),
      ["RightUpperArm"] = CFrame.new(-0.0341,-0.8724,-0.5561,0.0244,-0.0648,0.9976,0.9582,-0.2831,-0.0418,0.2852,0.9569,0.0552),
      ["RightLowerArm"] = CFrame.new(0.0000,0.0000,0.0000,1.0000,-0.0000,0.0000,0.0000,0.0051,-1.0000,0.0000,1.0000,0.0051),
      ["RightHand"] = CFrame.new(0.0000,0.0000,0.0000,1.0000,0.0000,0.0000,0.0000,1.0000,0.0000,0.0000,0.0000,1.0000),
      ["Head"] = CFrame.new(-0.0000,0.6251,-1.8279,1.0000,-0.0000,-0.0000,0.0000,0.9397,-0.3420,0.0000,0.3420,0.9397),
      ["RightUpperLeg"] = CFrame.new(-0.0437,-0.1711,0.0675,0.5211,-0.4483,-0.7262,0.0177,0.8564,-0.5160,0.8533,0.2560,0.4542),
      ["RightLowerLeg"] = CFrame.new(0.0000,-0.0007,0.0000,1.0000,-0.0000,0.0000,0.0000,0.1744,0.9847,-0.0000,-0.9847,0.1744),
      ["RightFoot"] = CFrame.new(0.0000,0.0000,0.0000,0.9993,0.0265,0.0269,-0.0230,0.9924,-0.1209,-0.0299,0.1202,0.9923),
      ["LeftUpperLeg"] = CFrame.new(-0.1264,-0.4458,0.1062,0.0445,0.3522,0.9349,0.9938,0.0796,-0.0773,-0.1016,0.9325,-0.3464),
      ["LeftLowerLeg"] = CFrame.new(0.0000,-0.0007,0.0000,1.0000,-0.0000,0.0000,-0.0000,-0.3606,0.9327,0.0000,-0.9327,-0.3606),
      ["LeftFoot"] = CFrame.new(0.0000,0.0000,0.0000,0.9752,0.0985,0.1984,-0.1466,0.9585,0.2444,-0.1661,-0.2674,0.9492),
    }},
    {Time = 0.033, Data = {
      ["HumanoidRootPart"] = CFrame.new(0.0000,0.0000,0.0000,1.0000,0.0000,0.0000,0.0000,1.0000,0.0000,0.0000,0.0000,1.0000),
      ["LowerTorso"] = CFrame.new(0.0000,1.2923,0.0000,1.0000,-0.0000,0.0000,0.0000,1.0000,-0.0000,0.0000,0.0000,1.0000),
      ["UpperTorso"] = CFrame.new(0.0000,-0.0505,0.1976,1.0000,-0.0000,0.0000,0.0000,0.8855,0.4646,-0.0000,-0.4646,0.8855),
      ["LeftUpperArm"] = CFrame.new(0.0341,-0.8724,-0.5561,0.0244,0.0648,-0.9976,-0.9582,-0.2831,-0.0418,-0.2852,0.9569,0.0552),
      ["LeftLowerArm"] = CFrame.new(0.0000,0.0000,0.0000,1.0000,-0.0000,0.0000,0.0000,0.0051,-1.0000,0.0000,1.0000,0.0051),
      ["LeftHand"] = CFrame.new(0.0000,0.0000,0.0000,1.0000,0.0000,0.0000,0.0000,1.0000,0.0000,0.0000,0.0000,1.0000),
      ["RightUpperArm"] = CFrame.new(-0.0341,-0.8724,-0.5561,0.0244,-0.0648,0.9976,0.9582,-0.2831,-0.0418,0.2852,0.9569,0.0552),
      ["RightLowerArm"] = CFrame.new(0.0000,0.0000,0.0000,1.0000,-0.0000,0.0000,0.0000,0.0051,-1.0000,0.0000,1.0000,0.0051),
      ["RightHand"] = CFrame.new(0.0000,0.0000,0.0000,1.0000,0.0000,0.0000,0.0000,1.0000,0.0000,0.0000,0.0000,1.0000),
      ["Head"] = CFrame.new(0.4327,0.6031,-1.8041,1.0000,-0.0000,-0.0001,-0.0000,0.9394,-0.3428,0.0001,0.3428,0.9394),
      ["RightUpperLeg"] = CFrame.new(-0.0437,-0.1717,0.0675,0.5208,-0.4480,-0.7266,0.0178,0.8567,-0.5155,0.8535,0.2556,0.4542),
      ["RightLowerLeg"] = CFrame.new(0.0000,-0.0007,0.0000,1.0000,-0.0000,0.0000,0.0000,0.1757,0.9844,-0.0000,-0.9844,0.1757),
      ["RightFoot"] = CFrame.new(0.0000,0.0000,0.0000,0.9993,0.0264,0.0268,-0.0230,0.9925,-0.1201,-0.0298,0.1194,0.9924),
      ["LeftUpperLeg"] = CFrame.new(-0.1264,-0.4458,0.1062,0.0470,0.3516,0.9350,0.9939,0.0773,-0.0790,-0.1000,0.9330,-0.3458),
      ["LeftLowerLeg"] = CFrame.new(0.0000,-0.0007,0.0000,1.0000,-0.0000,0.0000,-0.0000,-0.3628,0.9319,0.0000,-0.9319,-0.3628),
      ["LeftFoot"] = CFrame.new(0.0000,0.0000,0.0000,0.9760,0.0973,0.1948,-0.1440,0.9595,0.2421,-0.1633,-0.2644,0.9505),
    }},
    {Time = 0.067, Data = {
      ["HumanoidRootPart"] = CFrame.new(0.0000,0.0000,0.0000,1.0000,0.0000,0.0000,0.0000,1.0000,0.0000,0.0000,0.0000,1.0000),
      ["LowerTorso"] = CFrame.new(0.0000,1.2864,0.0000,1.0000,-0.0000,0.0000,0.0000,1.0000,-0.0000,0.0000,0.0000,1.0000),
      ["UpperTorso"] = CFrame.new(0.0000,-0.0486,0.1976,1.0000,-0.0000,0.0000,0.0000,0.8876,0.4606,-0.0000,-0.4606,0.8876),
      ["LeftUpperArm"] = CFrame.new(0.0341,-0.8724,-0.5561,0.0244,0.0648,-0.9976,-0.9582,-0.2831,-0.0418,-0.2852,0.9569,0.0552),
      ["LeftLowerArm"] = CFrame.new(0.0000,0.0000,0.0000,1.0000,-0.0000,0.0000,0.0000,0.0051,-1.0000,0.0000,1.0000,0.0051),
      ["LeftHand"] = CFrame.new(0.0000,0.0000,0.0000,1.0000,0.0000,0.0000,0.0000,1.0000,0.0000,0.0000,0.0000,1.0000),
      ["RightUpperArm"] = CFrame.new(-0.0341,-0.8724,-0.5561,0.0244,-0.0648,0.9976,0.9582,-0.2831,-0.0418,0.2852,0.9569,0.0552),
      ["RightLowerArm"] = CFrame.new(0.0000,0.0000,0.0000,1.0000,-0.0000,0.0000,0.0000,0.0051,-1.0000,0.0000,1.0000,0.0051),
      ["RightHand"] = CFrame.new(0.0000,0.0000,0.0000,1.0000,0.0000,0.0000,0.0000,1.0000,0.0000,0.0000,0.0000,1.0000),
      ["Head"] = CFrame.new(0.8631,0.5403,-1.7351,1.0000,-0.0000,-0.0004,-0.0001,0.9385,-0.3452,0.0004,0.3452,0.9385),
      ["RightUpperLeg"] = CFrame.new(-0.0437,-0.1735,0.0675,0.5201,-0.4471,-0.7278,0.0179,0.8576,-0.5140,0.8539,0.2543,0.4540),
      ["RightLowerLeg"] = CFrame.new(0.0000,-0.0007,0.0000,1.0000,-0.0000,0.0000,0.0000,0.1794,0.9838,-0.0000,-0.9838,0.1794),
      ["RightFoot"] = CFrame.new(0.0000,0.0000,0.0000,0.9993,0.0261,0.0267,-0.0228,0.9928,-0.1178,-0.0296,0.1171,0.9927),
      ["LeftUpperLeg"] = CFrame.new(-0.1264,-0.4458,0.1062,0.0497,0.3510,0.9351,0.9939,0.0750,-0.0809,-0.0986,0.9334,-0.3451),
      ["LeftLowerLeg"] = CFrame.new(0.0000,-0.0007,0.0000,1.0000,-0.0000,0.0000,-0.0000,-0.3649,0.9310,0.0000,-0.9310,-0.3649),
      ["LeftFoot"] = CFrame.new(0.0000,0.0000,0.0000,0.9769,0.0959,0.1908,-0.1412,0.9604,0.2401,-0.1602,-0.2615,0.9518),
    }},
    {Time = 0.100, Data = {
      ["HumanoidRootPart"] = CFrame.new(0.0000,0.0000,0.0000,1.0000,0.0000,0.0000,0.0000,1.0000,0.0000,0.0000,0.0000,1.0000),
      ["LowerTorso"] = CFrame.new(0.0000,1.2770,0.0000,1.0000,-0.0000,0.0000,0.0000,1.0000,-0.0000,0.0000,0.0000,1.0000),
      ["UpperTorso"] = CFrame.new(0.0000,-0.0476,0.1976,1.0000,-0.0000,0.0000,0.0000,0.8899,0.4562,-0.0000,-0.4562,0.8899),
      ["LeftUpperArm"] = CFrame.new(0.0341,-0.8724,-0.5561,0.0244,0.0648,-0.9976,-0.9582,-0.2831,-0.0418,-0.2852,0.9569,0.0552),
      ["LeftLowerArm"] = CFrame.new(0.0000,0.0000,0.0000,1.0000,-0.0000,0.0000,0.0000,0.0051,-1.0000,0.0000,1.0000,0.0051),
      ["LeftHand"] = CFrame.new(0.0000,0.0000,0.0000,1.0000,0.0000,0.0000,0.0000,1.0000,0.0000,0.0000,0.0000,1.0000),
      ["RightUpperArm"] = CFrame.new(-0.0341,-0.8724,-0.5561,0.0244,-0.0648,0.9976,0.9582,-0.2831,-0.0418,0.2852,0.9569,0.0552),
      ["RightLowerArm"] = CFrame.new(0.0000,0.0000,0.0000,1.0000,-0.0000,0.0000,0.0000,0.0051,-1.0000,0.0000,1.0000,0.0051),
      ["RightHand"] = CFrame.new(0.0000,0.0000,0.0000,1.0000,0.0000,0.0000,0.0000,1.0000,0.0000,0.0000,0.0000,1.0000),
      ["Head"] = CFrame.new(1.2809,0.4410,-1.6245,1.0000,-0.0001,-0.0009,-0.0002,0.9371,-0.3490,0.0009,0.3490,0.9371),
      ["RightUpperLeg"] = CFrame.new(-0.0437,-0.1764,0.0675,0.5188,-0.4456,-0.7296,0.0182,0.8590,-0.5117,0.8547,0.2522,0.4537),
      ["RightLowerLeg"] = CFrame.new(0.0000,-0.0007,0.0000,1.0000,-0.0000,0.0000,0.0000,0.1852,0.9827,-0.0000,-0.9827,0.1852),
      ["RightFoot"] = CFrame.new(0.0000,0.0000,0.0000,0.9993,0.0255,0.0264,-0.0224,0.9932,-0.1139,-0.0291,0.1132,0.9931),
      ["LeftUpperLeg"] = CFrame.new(-0.1264,-0.4458,0.1062,0.0525,0.3504,0.9351,0.9939,0.0729,-0.0831,-0.0973,0.9338,-0.3444),
      ["LeftLowerLeg"] = CFrame.new(0.0000,-0.0007,0.0000,1.0000,-0.0000,0.0000,-0.0000,-0.3669,0.9303,0.0000,-0.9303,-0.3669),
      ["LeftFoot"] = CFrame.new(0.0000,0.0000,0.0000,0.9779,0.0944,0.1865,-0.1382,0.9613,0.2382,-0.1568,-0.2587,0.9532),
    }},
    {Time = 0.133, Data = {
      ["HumanoidRootPart"] = CFrame.new(0.0000,0.0000,0.0000,1.0000,0.0000,0.0000,0.0000,1.0000,0.0000,0.0000,0.0000,1.0000),
      ["LowerTorso"] = CFrame.new(0.0000,1.2647,0.0000,1.0000,-0.0000,0.0000,0.0000,1.0000,-0.0000,0.0000,0.0000,1.0000),
      ["UpperTorso"] = CFrame.new(0.0000,-0.0476,0.1976,1.0000,-0.0000,0.0000,0.0000,0.8922,0.4516,-0.0000,-0.4516,0.8922),
      ["LeftUpperArm"] = CFrame.new(0.0341,-0.8724,-0.5561,0.0244,0.0648,-0.9976,-0.9582,-0.2831,-0.0418,-0.2852,0.9569,0.0552),
      ["LeftLowerArm"] = CFrame.new(0.0000,0.0000,0.0000,1.0000,-0.0000,0.0000,0.0000,0.0051,-1.0000,0.0000,1.0000,0.0051),
      ["LeftHand"] = CFrame.new(0.0000,0.0000,0.0000,1.0000,0.0000,0.0000,0.0000,1.0000,0.0000,0.0000,0.0000,1.0000),
      ["RightUpperArm"] = CFrame.new(-0.0341,-0.8724,-0.5561,0.0244,-0.0648,0.9976,0.9582,-0.2831,-0.0418,0.2852,0.9569,0.0552),
      ["RightLowerArm"] = CFrame.new(0.0000,0.0000,0.0000,1.0000,-0.0000,0.0000,0.0000,0.0051,-1.0000,0.0000,1.0000,0.0051),
      ["RightHand"] = CFrame.new(0.0000,0.0000,0.0000,1.0000,0.0000,0.0000,0.0000,1.0000,0.0000,0.0000,0.0000,1.0000),
      ["Head"] = CFrame.new(1.6759,0.3100,-1.4758,1.0000,-0.0001,-0.0015,-0.0004,0.9353,-0.3539,0.0014,0.3539,0.9353),
      ["RightUpperLeg"] = CFrame.new(-0.0437,-0.1802,0.0675,0.5171,-0.4436,-0.7320,0.0185,0.8608,-0.5085,0.8557,0.2494,0.4534),
      ["RightLowerLeg"] = CFrame.new(0.0000,-0.0007,0.0000,1.0000,-0.0000,0.0000,0.0000,0.1930,0.9812,-0.0000,-0.9812,0.1930),
      ["RightFoot"] = CFrame.new(0.0000,0.0000,0.0000,0.9994,0.0245,0.0259,-0.0216,0.9939,-0.1083,-0.0284,0.1077,0.9938),
      ["LeftUpperLeg"] = CFrame.new(-0.1264,-0.4458,0.1062,0.0556,0.3498,0.9352,0.9938,0.0711,-0.0857,-0.0965,0.9341,-0.3436),
      ["LeftLowerLeg"] = CFrame.new(0.0000,-0.0007,0.0000,1.0000,-0.0000,0.0000,-0.0000,-0.3686,0.9296,0.0000,-0.9296,-0.3686),
      ["LeftFoot"] = CFrame.new(0.0000,0.0000,0.0000,0.9789,0.0927,0.1820,-0.1351,0.9622,0.2365,-0.1532,-0.2561,0.9544),
    }},
    {Time = 0.167, Data = {
      ["HumanoidRootPart"] = CFrame.new(0.0000,0.0000,0.0000,1.0000,0.0000,0.0000,0.0000,1.0000,0.0000,0.0000,0.0000,1.0000),
      ["LowerTorso"] = CFrame.new(0.0000,1.2498,0.0000,1.0000,-0.0000,0.0000,0.0000,1.0000,-0.0000,0.0000,0.0000,1.0000),
      ["UpperTorso"] = CFrame.new(0.0000,-0.0488,0.1976,1.0000,-0.0000,0.0000,0.0000,0.8946,0.4469,-0.0000,-0.4469,0.8946),
      ["LeftUpperArm"] = CFrame.new(0.0341,-0.8724,-0.5561,0.0244,0.0648,-0.9976,-0.9582,-0.2831,-0.0418,-0.2852,0.9569,0.0552),
      ["LeftLowerArm"] = CFrame.new(0.0000,0.0000,0.0000,1.0000,-0.0000,0.0000,0.0000,0.0051,-1.0000,0.0000,1.0000,0.0051),
      ["LeftHand"] = CFrame.new(0.0000,0.0000,0.0000,1.0000,0.0000,0.0000,0.0000,1.0000,0.0000,0.0000,0.0000,1.0000),
      ["RightUpperArm"] = CFrame.new(-0.0341,-0.8724,-0.5561,0.0244,-0.0648,0.9976,0.9582,-0.2831,-0.0418,0.2852,0.9569,0.0552),
      ["RightLowerArm"] = CFrame.new(0.0000,0.0000,0.0000,1.0000,-0.0000,0.0000,0.0000,0.0051,-1.0000,0.0000,1.0000,0.0051),
      ["RightHand"] = CFrame.new(0.0000,0.0000,0.0000,1.0000,0.0000,0.0000,0.0000,1.0000,0.0000,0.0000,0.0000,1.0000),
      ["Head"] = CFrame.new(2.0381,0.1517,-1.2925,1.0000,-0.0002,-0.0023,-0.0007,0.9330,-0.3598,0.0022,0.3598,0.9330),
      ["RightUpperLeg"] = CFrame.new(-0.0437,-0.1848,0.0675,0.5151,-0.4411,-0.7349,0.0189,0.8631,-0.5047,0.8569,0.2461,0.4529),
      ["RightLowerLeg"] = CFrame.new(0.0000,-0.0007,0.0000,1.0000,-0.0000,0.0000,0.0000,0.2024,0.9793,-0.0000,-0.9793,0.2024),
      ["RightFoot"] = CFrame.new(0.0000,0.0000,0.0000,0.9994,0.0231,0.0252,-0.0204,0.9947,-0.1011,-0.0274,0.1006,0.9946),
      ["LeftUpperLeg"] = CFrame.new(-0.1264,-0.4458,0.1062,0.0588,0.3492,0.9352,0.9936,0.0697,-0.0885,-0.0961,0.9345,-0.3429),
      ["LeftLowerLeg"] = CFrame.new(0.0000,-0.0007,0.0000,1.0000,-0.0000,0.0000,-0.0000,-0.3701,0.9290,0.0000,-0.9290,-0.3701),
      ["LeftFoot"] = CFrame.new(0.0000,0.0000,0.0000,0.9800,0.0908,0.1773,-0.1318,0.9630,0.2351,-0.1494,-0.2538,0.9557),
    }},
    {Time = 0.200, Data = {
      ["HumanoidRootPart"] = CFrame.new(0.0000,0.0000,0.0000,1.0000,0.0000,0.0000,0.0000,1.0000,0.0000,0.0000,0.0000,1.0000),
      ["LowerTorso"] = CFrame.new(0.0000,1.2328,0.0000,1.0000,-0.0000,0.0000,0.0000,1.0000,-0.0000,0.0000,0.0000,1.0000),
      ["UpperTorso"] = CFrame.new(0.0000,-0.0511,0.1976,1.0000,-0.0000,0.0000,0.0000,0.8969,0.4421,-0.0000,-0.4421,0.8969),
      ["LeftUpperArm"] = CFrame.new(0.0341,-0.8724,-0.5561,0.0244,0.0648,-0.9976,-0.9582,-0.2831,-0.0418,-0.2852,0.9569,0.0552),
      ["LeftLowerArm"] = CFrame.new(0.0000,0.0000,0.0000,1.0000,-0.0000,0.0000,0.0000,0.0051,-1.0000,0.0000,1.0000,0.0051),
      ["LeftHand"] = CFrame.new(0.0000,0.0000,0.0000,1.0000,0.0000,0.0000,0.0000,1.0000,0.0000,0.0000,0.0000,1.0000),
      ["RightUpperArm"] = CFrame.new(-0.0341,-0.8724,-0.5561,0.0244,-0.0648,0.9976,0.9582,-0.2831,-0.0418,0.2852,0.9569,0.0552),
      ["RightLowerArm"] = CFrame.new(0.0000,0.0000,0.0000,1.0000,-0.0000,0.0000,0.0000,0.0051,-1.0000,0.0000,1.0000,0.0051),
      ["RightHand"] = CFrame.new(0.0000,0.0000,0.0000,1.0000,0.0000,0.0000,0.0000,1.0000,0.0000,0.0000,0.0000,1.0000),
      ["Head"] = CFrame.new(2.3573,-0.0294,-1.0783,1.0000,-0.0002,-0.0031,-0.0009,0.9304,-0.3666,0.0030,0.3666,0.9304),
      ["RightUpperLeg"] = CFrame.new(-0.0437,-0.1901,0.0675,0.5127,-0.4382,-0.7383,0.0194,0.8656,-0.5003,0.8583,0.2422,0.4523),
      ["RightLowerLeg"] = CFrame.new(0.0000,-0.0007,0.0000,1.0000,-0.0000,0.0000,0.0000,0.2131,0.9770,-0.0000,-0.9770,0.2131),
      ["RightFoot"] = CFrame.new(0.0000,0.0000,0.0000,0.9995,0.0210,0.0241,-0.0187,0.9956,-0.0922,-0.0259,0.0917,0.9954),
      ["LeftUpperLeg"] = CFrame.new(-0.1264,-0.4458,0.1062,0.0622,0.3486,0.9352,0.9934,0.0687,-0.0917,-0.0962,0.9347,-0.3421),
      ["LeftLowerLeg"] = CFrame.new(0.0000,-0.0007,0.0000,1.0000,-0.0000,0.0000,-0.0000,-0.3713,0.9285,0.0000,-0.9285,-0.3713),
      ["LeftFoot"] = CFrame.new(0.0000,0.0000,0.0000,0.9810,0.0889,0.1724,-0.1284,0.9637,0.2340,-0.1454,-0.2517,0.9568),
    }},
    {Time = 0.233, Data = {
      ["HumanoidRootPart"] = CFrame.new(0.0000,0.0000,0.0000,1.0000,0.0000,0.0000,0.0000,1.0000,0.0000,0.0000,0.0000,1.0000),
      ["LowerTorso"] = CFrame.new(0.0000,1.2140,0.0000,1.0000,-0.0000,0.0000,0.0000,1.0000,-0.0000,0.0000,0.0000,1.0000),
      ["UpperTorso"] = CFrame.new(0.0000,-0.0544,0.1976,1.0000,-0.0000,0.0000,0.0000,0.8992,0.4375,-0.0000,-0.4375,0.8992),
      ["LeftUpperArm"] = CFrame.new(0.0341,-0.8724,-0.5561,0.0244,0.0648,-0.9976,-0.9582,-0.2831,-0.0418,-0.2852,0.9569,0.0552),
      ["LeftLowerArm"] = CFrame.new(0.0000,0.0000,0.0000,1.0000,-0.0000,0.0000,0.0000,0.0051,-1.0000,0.0000,1.0000,0.0051),
      ["LeftHand"] = CFrame.new(0.0000,0.0000,0.0000,1.0000,0.0000,0.0000,0.0000,1.0000,0.0000,0.0000,0.0000,1.0000),
      ["RightUpperArm"] = CFrame.new(-0.0341,-0.8724,-0.5561,0.0244,-0.0648,0.9976,0.9582,-0.2831,-0.0418,0.2852,0.9569,0.0552),
      ["RightLowerArm"] = CFrame.new(0.0000,0.0000,0.0000,1.0000,-0.0000,0.0000,0.0000,0.0051,-1.0000,0.0000,1.0000,0.0051),
      ["RightHand"] = CFrame.new(0.0000,0.0000,0.0000,1.0000,0.0000,0.0000,0.0000,1.0000,0.0000,0.0000,0.0000,1.0000),
      ["Head"] = CFrame.new(2.6232,-0.2286,-0.8366,1.0000,-0.0003,-0.0041,-0.0012,0.9274,-0.3740,0.0039,0.3740,0.9274),
      ["RightUpperLeg"] = CFrame.new(-0.0437,-0.1959,0.0675,0.5101,-0.4350,-0.7420,0.0199,0.8684,-0.4954,0.8599,0.2379,0.4517),
      ["RightLowerLeg"] = CFrame.new(0.0000,-0.0007,0.0000,1.0000,-0.0000,0.0000,0.0000,0.2251,0.9743,-0.0000,-0.9743,0.2251),
      ["RightFoot"] = CFrame.new(0.0000,0.0000,0.0000,0.9996,0.0182,0.0226,-0.0163,0.9965,-0.0816,-0.0240,0.0812,0.9964),
      ["LeftUpperLeg"] = CFrame.new(-0.1264,-0.4458,0.1062,0.0658,0.3481,0.9352,0.9931,0.0684,-0.0953,-0.0971,0.9350,-0.3412),
      ["LeftLowerLeg"] = CFrame.new(0.0000,-0.0007,0.0000,1.0000,-0.0000,0.0000,-0.0000,-0.3721,0.9282,0.0000,-0.9282,-0.3721),
      ["LeftFoot"] = CFrame.new(0.0000,0.0000,0.0000,0.9820,0.0868,0.1675,-0.1250,0.9643,0.2333,-0.1413,-0.2501,0.9579),
    }},
    {Time = 0.267, Data = {
      ["HumanoidRootPart"] = CFrame.new(0.0000,0.0000,0.0000,1.0000,0.0000,0.0000,0.0000,1.0000,0.0000,0.0000,0.0000,1.0000),
      ["LowerTorso"] = CFrame.new(0.0000,1.1940,0.0000,1.0000,-0.0000,0.0000,0.0000,1.0000,-0.0000,0.0000,0.0000,1.0000),
      ["UpperTorso"] = CFrame.new(0.0000,-0.0585,0.1976,1.0000,-0.0000,0.0000,0.0000,0.9013,0.4332,-0.0000,-0.4332,0.9013),
      ["LeftUpperArm"] = CFrame.new(0.0341,-0.8724,-0.5561,0.0244,0.0648,-0.9976,-0.9582,-0.2831,-0.0418,-0.2852,0.9569,0.0552),
      ["LeftLowerArm"] = CFrame.new(0.0000,0.0000,0.0000,1.0000,-0.0000,0.0000,0.0000,0.0051,-1.0000,0.0000,1.0000,0.0051),
      ["LeftHand"] = CFrame.new(0.0000,0.0000,0.0000,1.0000,0.0000,0.0000,0.0000,1.0000,0.0000,0.0000,0.0000,1.0000),
      ["RightUpperArm"] = CFrame.new(-0.0341,-0.8724,-0.5561,0.0244,-0.0648,0.9976,0.9582,-0.2831,-0.0418,0.2852,0.9569,0.0552),
      ["RightLowerArm"] = CFrame.new(0.0000,0.0000,0.0000,1.0000,-0.0000,0.0000,0.0000,0.0051,-1.0000,0.0000,1.0000,0.0051),
      ["RightHand"] = CFrame.new(0.0000,0.0000,0.0000,1.0000,0.0000,0.0000,0.0000,1.0000,0.0000,0.0000,0.0000,1.0000),
      ["Head"] = CFrame.new(2.8258,-0.4414,-0.5711,1.0000,-0.0004,-0.0051,-0.0016,0.9242,-0.3820,0.0049,0.3820,0.9242),
      ["RightUpperLeg"] = CFrame.new(-0.0437,-0.2021,0.0675,0.5073,-0.4315,-0.7460,0.0205,0.8714,-0.4901,0.8615,0.2334,0.4509),
      ["RightLowerLeg"] = CFrame.new(0.0000,-0.0007,0.0000,1.0000,-0.0000,0.0000,0.0000,0.2379,0.9713,-0.0000,-0.9713,0.2379),
      ["RightFoot"] = CFrame.new(0.0000,0.0000,0.0000,0.9997,0.0147,0.0206,-0.0132,0.9975,-0.0692,-0.0216,0.0689,0.9974),
      ["LeftUpperLeg"] = CFrame.new(-0.1264,-0.4458,0.1062,0.0695,0.3476,0.9351,0.9927,0.0687,-0.0993,-0.0987,0.9351,-0.3403),
      ["LeftLowerLeg"] = CFrame.new(0.0000,-0.0007,0.0000,1.0000,-0.0000,0.0000,-0.0000,-0.3725,0.9280,0.0000,-0.9280,-0.3725),
      ["LeftFoot"] = CFrame.new(0.0000,0.0000,0.0000,0.9831,0.0846,0.1625,-0.1216,0.9648,0.2331,-0.1371,-0.2489,0.9588),
    }},
    {Time = 0.300, Data = {
      ["HumanoidRootPart"] = CFrame.new(0.0000,0.0000,0.0000,1.0000,0.0000,0.0000,0.0000,1.0000,0.0000,0.0000,0.0000,1.0000),
      ["LowerTorso"] = CFrame.new(0.0000,1.1731,0.0000,1.0000,-0.0000,0.0000,0.0000,1.0000,-0.0000,0.0000,0.0000,1.0000),
      ["UpperTorso"] = CFrame.new(0.0000,-0.0632,0.1976,1.0000,-0.0000,0.0000,0.0000,0.9032,0.4293,-0.0000,-0.4293,0.9032),
      ["LeftUpperArm"] = CFrame.new(0.0341,-0.8724,-0.5561,0.0244,0.0648,-0.9976,-0.9582,-0.2831,-0.0418,-0.2852,0.9569,0.0552),
      ["LeftLowerArm"] = CFrame.new(0.0000,0.0000,0.0000,1.0000,-0.0000,0.0000,0.0000,0.0051,-1.0000,0.0000,1.0000,0.0051),
      ["LeftHand"] = CFrame.new(0.0000,0.0000,0.0000,1.0000,0.0000,0.0000,0.0000,1.0000,0.0000,0.0000,0.0000,1.0000),
      ["RightUpperArm"] = CFrame.new(-0.0341,-0.8724,-0.5561,0.0244,-0.0648,0.9976,0.9582,-0.2831,-0.0418,0.2852,0.9569,0.0552),
      ["RightLowerArm"] = CFrame.new(0.0000,0.0000,0.0000,1.0000,-0.0000,0.0000,0.0000,0.0051,-1.0000,0.0000,1.0000,0.0051),
      ["RightHand"] = CFrame.new(0.0000,0.0000,0.0000,1.0000,0.0000,0.0000,0.0000,1.0000,0.0000,0.0000,0.0000,1.0000),
      ["Head"] = CFrame.new(2.9547,-0.6633,-0.2853,1.0000,-0.0005,-0.0062,-0.0019,0.9207,-0.3902,0.0059,0.3902,0.9207),
      ["RightUpperLeg"] = CFrame.new(-0.0437,-0.2086,0.0675,0.5044,-0.4277,-0.7501,0.0211,0.8745,-0.4845,0.8632,0.2286,0.4501),
      ["RightLowerLeg"] = CFrame.new(0.0000,-0.0007,0.0000,1.0000,-0.0000,0.0000,0.0000,0.2513,0.9679,-0.0000,-0.9679,0.2513),
      ["RightFoot"] = CFrame.new(0.0000,0.0000,0.0000,0.9998,0.0103,0.0181,-0.0093,0.9984,-0.0550,-0.0186,0.0548,0.9983),
      ["LeftUpperLeg"] = CFrame.new(-0.1264,-0.4458,0.1062,0.0733,0.3472,0.9349,0.9922,0.0698,-0.1037,-0.1012,0.9352,-0.3393),
      ["LeftLowerLeg"] = CFrame.new(0.0000,-0.0007,0.0000,1.0000,-0.0000,0.0000,-0.0000,-0.3725,0.9281,0.0000,-0.9281,-0.3725),
      ["LeftFoot"] = CFrame.new(0.0000,0.0000,0.0000,0.9841,0.0824,0.1576,-0.1182,0.9652,0.2333,-0.1329,-0.2482,0.9596),
    }},
    {Time = 0.333, Data = {
      ["HumanoidRootPart"] = CFrame.new(0.0000,0.0000,0.0000,1.0000,0.0000,0.0000,0.0000,1.0000,0.0000,0.0000,0.0000,1.0000),
      ["LowerTorso"] = CFrame.new(0.0000,1.1518,0.0000,1.0000,-0.0000,0.0000,0.0000,1.0000,-0.0000,0.0000,0.0000,1.0000),
      ["UpperTorso"] = CFrame.new(0.0000,-0.0686,0.1976,1.0000,-0.0000,0.0000,0.0000,0.9047,0.4260,-0.0000,-0.4260,0.9047),
      ["LeftUpperArm"] = CFrame.new(0.0341,-0.8724,-0.5561,0.0244,0.0648,-0.9976,-0.9582,-0.2831,-0.0418,-0.2852,0.9569,0.0552),
      ["LeftLowerArm"] = CFrame.new(0.0000,0.0000,0.0000,1.0000,-0.0000,0.0000,0.0000,0.0051,-1.0000,0.0000,1.0000,0.0051),
      ["LeftHand"] = CFrame.new(0.0000,0.0000,0.0000,1.0000,0.0000,0.0000,0.0000,1.0000,0.0000,0.0000,0.0000,1.0000),
      ["RightUpperArm"] = CFrame.new(-0.0341,-0.8724,-0.5561,0.0244,-0.0648,0.9976,0.9582,-0.2831,-0.0418,0.2852,0.9569,0.0552),
      ["RightLowerArm"] = CFrame.new(0.0000,0.0000,0.0000,1.0000,-0.0000,0.0000,0.0000,0.0051,-1.0000,0.0000,1.0000,0.0051),
      ["RightHand"] = CFrame.new(0.0000,0.0000,0.0000,1.0000,0.0000,0.0000,0.0000,1.0000,0.0000,0.0000,0.0000,1.0000),
      ["Head"] = CFrame.new(3.0000,-0.8898,0.0173,1.0000,-0.0006,-0.0073,-0.0023,0.9171,-0.3986,0.0069,0.3986,0.9171),
      ["RightUpperLeg"] = CFrame.new(-0.0437,-0.2152,0.0675,0.5014,-0.4237,-0.7544,0.0216,0.8777,-0.4787,0.8650,0.2237,0.4492),
      ["RightLowerLeg"] = CFrame.new(0.0000,-0.0007,0.0000,1.0000,-0.0000,0.0000,0.0000,0.2651,0.9642,-0.0000,-0.9642,0.2651),
      ["RightFoot"] = CFrame.new(0.0000,0.0000,0.0000,0.9999,0.0050,0.0149,-0.0044,0.9992,-0.0390,-0.0151,0.0389,0.9991),
      ["LeftUpperLeg"] = CFrame.new(-0.1264,-0.4458,0.1062,0.0772,0.3468,0.9348,0.9915,0.0718,-0.1086,-0.1048,0.9352,-0.3383),
      ["LeftLowerLeg"] = CFrame.new(0.0000,-0.0007,0.0000,1.0000,-0.0000,0.0000,-0.0000,-0.3718,0.9283,0.0000,-0.9283,-0.3718),
      ["LeftFoot"] = CFrame.new(0.0000,0.0000,0.0000,0.9850,0.0801,0.1527,-0.1148,0.9654,0.2340,-0.1286,-0.2481,0.9602),
    }},
    {Time = 0.367, Data = {
      ["HumanoidRootPart"] = CFrame.new(0.0000,0.0000,0.0000,1.0000,0.0000,0.0000,0.0000,1.0000,0.0000,0.0000,0.0000,1.0000),
      ["LowerTorso"] = CFrame.new(0.0000,1.1305,0.0000,1.0000,-0.0000,0.0000,0.0000,1.0000,-0.0000,0.0000,0.0000,1.0000),
      ["UpperTorso"] = CFrame.new(0.0000,-0.0744,0.1976,1.0000,-0.0000,0.0000,0.0000,0.9059,0.4235,-0.0000,-0.4235,0.9059),
      ["LeftUpperArm"] = CFrame.new(0.0341,-0.8724,-0.5561,0.0244,0.0648,-0.9976,-0.9582,-0.2831,-0.0418,-0.2852,0.9569,0.0552),
      ["LeftLowerArm"] = CFrame.new(0.0000,0.0000,0.0000,1.0000,-0.0000,0.0000,0.0000,0.0051,-1.0000,0.0000,1.0000,0.0051),
      ["LeftHand"] = CFrame.new(0.0000,0.0000,0.0000,1.0000,0.0000,0.0000,0.0000,1.0000,0.0000,0.0000,0.0000,1.0000),
      ["RightUpperArm"] = CFrame.new(-0.0341,-0.8724,-0.5561,0.0244,-0.0648,0.9976,0.9582,-0.2831,-0.0418,0.2852,0.9569,0.0552),
      ["RightLowerArm"] = CFrame.new(0.0000,0.0000,0.0000,1.0000,-0.0000,0.0000,0.0000,0.0051,-1.0000,0.0000,1.0000,0.0051),
      ["RightHand"] = CFrame.new(0.0000,0.0000,0.0000,1.0000,0.0000,0.0000,0.0000,1.0000,0.0000,0.0000,0.0000,1.0000),
      ["Head"] = CFrame.new(2.9565,-1.1163,0.3322,1.0000,-0.0008,-0.0084,-0.0027,0.9134,-0.4070,0.0080,0.4070,0.9134),
      ["RightUpperLeg"] = CFrame.new(-0.0437,-0.2218,0.0675,0.4987,-0.4196,-0.7585,0.0221,0.8809,-0.4728,0.8665,0.2190,0.4486),
      ["RightLowerLeg"] = CFrame.new(0.0000,-0.0007,0.0000,1.0000,-0.0000,0.0000,0.0000,0.2789,0.9603,-0.0000,-0.9603,0.2789),
      ["RightFoot"] = CFrame.new(0.0000,0.0000,0.0000,0.9999,-0.0028,0.0100,0.0030,0.9998,-0.0217,-0.0099,0.0218,0.9997),
      ["LeftUpperLeg"] = CFrame.new(-0.1264,-0.4458,0.1062,0.0801,0.3466,0.9346,0.9907,0.0760,-0.1131,-0.1103,0.9349,-0.3373),
      ["LeftLowerLeg"] = CFrame.new(0.0000,-0.0007,0.0000,1.0000,-0.0000,0.0000,-0.0000,-0.3706,0.9288,0.0000,-0.9288,-0.3706),
      ["LeftFoot"] = CFrame.new(0.0000,0.0000,0.0000,0.9856,0.0787,0.1497,-0.1128,0.9654,0.2350,-0.1260,-0.2485,0.9604),
    }},
    {Time = 0.400, Data = {
      ["HumanoidRootPart"] = CFrame.new(0.0000,0.0000,0.0000,1.0000,0.0000,0.0000,0.0000,1.0000,0.0000,0.0000,0.0000,1.0000),
      ["LowerTorso"] = CFrame.new(0.0000,1.1096,0.0000,1.0000,-0.0000,0.0000,0.0000,1.0000,-0.0000,0.0000,0.0000,1.0000),
      ["UpperTorso"] = CFrame.new(0.0000,-0.0804,0.1976,1.0000,-0.0000,0.0000,0.0000,0.9067,0.4219,-0.0000,-0.4219,0.9067),
      ["LeftUpperArm"] = CFrame.new(0.0341,-0.8724,-0.5561,0.0244,0.0648,-0.9976,-0.9582,-0.2831,-0.0418,-0.2852,0.9569,0.0552),
      ["LeftLowerArm"] = CFrame.new(0.0000,0.0000,0.0000,1.0000,-0.0000,0.0000,0.0000,0.0051,-1.0000,0.0000,1.0000,0.0051),
      ["LeftHand"] = CFrame.new(0.0000,0.0000,0.0000,1.0000,0.0000,0.0000,0.0000,1.0000,0.0000,0.0000,0.0000,1.0000),
      ["RightUpperArm"] = CFrame.new(-0.0341,-0.8724,-0.5561,0.0244,-0.0648,0.9976,0.9582,-0.2831,-0.0418,0.2852,0.9569,0.0552),
      ["RightLowerArm"] = CFrame.new(0.0000,0.0000,0.0000,1.0000,-0.0000,0.0000,0.0000,0.0051,-1.0000,0.0000,1.0000,0.0051),
      ["RightHand"] = CFrame.new(0.0000,0.0000,0.0000,1.0000,0.0000,0.0000,0.0000,1.0000,0.0000,0.0000,0.0000,1.0000),
      ["Head"] = CFrame.new(2.8320,-1.3382,0.6515,1.0000,-0.0009,-0.0094,-0.0031,0.9098,-0.4151,0.0090,0.4151,0.9097),
      ["RightUpperLeg"] = CFrame.new(-0.0437,-0.2282,0.0675,0.4968,-0.4151,-0.7622,0.0224,0.8840,-0.4669,0.8676,0.2148,0.4485),
      ["RightLowerLeg"] = CFrame.new(0.0000,-0.0007,0.0000,1.0000,-0.0000,0.0000,0.0000,0.2926,0.9562,-0.0000,-0.9562,0.2926),
      ["RightFoot"] = CFrame.new(0.0000,0.0000,0.0000,0.9999,-0.0140,0.0025,0.0141,0.9999,-0.0041,-0.0024,0.0042,1.0000),
      ["LeftUpperLeg"] = CFrame.new(-0.1264,-0.4458,0.1062,0.0811,0.3467,0.9345,0.9897,0.0832,-0.1168,-0.1182,0.9343,-0.3364),
      ["LeftLowerLeg"] = CFrame.new(0.0000,-0.0007,0.0000,1.0000,-0.0000,0.0000,-0.0000,-0.3688,0.9295,0.0000,-0.9295,-0.3688),
      ["LeftFoot"] = CFrame.new(0.0000,0.0000,0.0000,0.9856,0.0788,0.1499,-0.1130,0.9652,0.2359,-0.1261,-0.2495,0.9601),
    }},
    {Time = 0.433, Data = {
      ["HumanoidRootPart"] = CFrame.new(0.0000,0.0000,0.0000,1.0000,0.0000,0.0000,0.0000,1.0000,0.0000,0.0000,0.0000,1.0000),
      ["LowerTorso"] = CFrame.new(0.0000,1.0896,0.0000,1.0000,-0.0000,0.0000,0.0000,1.0000,-0.0000,0.0000,0.0000,1.0000),
      ["UpperTorso"] = CFrame.new(0.0000,-0.0866,0.1976,1.0000,-0.0000,0.0000,0.0000,0.9069,0.4213,-0.0000,-0.4213,0.9069),
      ["LeftUpperArm"] = CFrame.new(0.0341,-0.8724,-0.5561,0.0244,0.0648,-0.9976,-0.9582,-0.2831,-0.0418,-0.2852,0.9569,0.0552),
      ["LeftLowerArm"] = CFrame.new(0.0000,0.0000,0.0000,1.0000,-0.0000,0.0000,0.0000,0.0051,-1.0000,0.0000,1.0000,0.0051),
      ["LeftHand"] = CFrame.new(0.0000,0.0000,0.0000,1.0000,0.0000,0.0000,0.0000,1.0000,0.0000,0.0000,0.0000,1.0000),
      ["RightUpperArm"] = CFrame.new(-0.0341,-0.8724,-0.5561,0.0244,-0.0648,0.9976,0.9582,-0.2831,-0.0418,0.2852,0.9569,0.0552),
      ["RightLowerArm"] = CFrame.new(0.0000,0.0000,0.0000,1.0000,-0.0000,0.0000,0.0000,0.0051,-1.0000,0.0000,1.0000,0.0051),
      ["RightHand"] = CFrame.new(0.0000,0.0000,0.0000,1.0000,0.0000,0.0000,0.0000,1.0000,0.0000,0.0000,0.0000,1.0000),
      ["Head"] = CFrame.new(2.6355,-1.5511,0.9663,0.9999,-0.0011,-0.0104,-0.0035,0.9062,-0.4229,0.0099,0.4229,0.9061),
      ["RightUpperLeg"] = CFrame.new(-0.0437,-0.2344,0.0675,0.4955,-0.4105,-0.7655,0.0226,0.8871,-0.4611,0.8683,0.2112,0.4488),
      ["RightLowerLeg"] = CFrame.new(0.0000,-0.0007,0.0000,1.0000,-0.0000,0.0000,0.0000,0.3057,0.9521,-0.0000,-0.9521,0.3057),
      ["RightFoot"] = CFrame.new(0.0000,0.0000,0.0000,0.9996,-0.0276,-0.0069,0.0277,0.9995,0.0132,0.0066,-0.0134,0.9999),
      ["LeftUpperLeg"] = CFrame.new(-0.1264,-0.4458,0.1062,0.0805,0.3470,0.9344,0.9885,0.0924,-0.1195,-0.1278,0.9333,-0.3355),
      ["LeftLowerLeg"] = CFrame.new(0.0000,-0.0007,0.0000,1.0000,-0.0000,0.0000,-0.0000,-0.3666,0.9304,0.0000,-0.9304,-0.3666),
      ["LeftFoot"] = CFrame.new(0.0000,0.0000,0.0000,0.9850,0.0800,0.1528,-0.1151,0.9647,0.2369,-0.1284,-0.2509,0.9595),
    }},
    {Time = 0.467, Data = {
      ["HumanoidRootPart"] = CFrame.new(0.0000,0.0000,0.0000,1.0000,0.0000,0.0000,0.0000,1.0000,0.0000,0.0000,0.0000,1.0000),
      ["LowerTorso"] = CFrame.new(0.0000,1.0708,0.0000,1.0000,-0.0000,0.0000,0.0000,1.0000,-0.0000,0.0000,0.0000,1.0000),
      ["UpperTorso"] = CFrame.new(0.0000,-0.0929,0.1976,1.0000,-0.0000,0.0000,0.0000,0.9067,0.4218,-0.0000,-0.4218,0.9067),
      ["LeftUpperArm"] = CFrame.new(0.0341,-0.8724,-0.5561,0.0244,0.0648,-0.9976,-0.9582,-0.2831,-0.0418,-0.2852,0.9569,0.0552),
      ["LeftLowerArm"] = CFrame.new(0.0000,0.0000,0.0000,1.0000,-0.0000,0.0000,0.0000,0.0051,-1.0000,0.0000,1.0000,0.0051),
      ["LeftHand"] = CFrame.new(0.0000,0.0000,0.0000,1.0000,0.0000,0.0000,0.0000,1.0000,0.0000,0.0000,0.0000,1.0000),
      ["RightUpperArm"] = CFrame.new(-0.0341,-0.8724,-0.5561,0.0244,-0.0648,0.9976,0.9582,-0.2831,-0.0418,0.2852,0.9569,0.0552),
      ["RightLowerArm"] = CFrame.new(0.0000,0.0000,0.0000,1.0000,-0.0000,0.0000,0.0000,0.0051,-1.0000,0.0000,1.0000,0.0051),
      ["RightHand"] = CFrame.new(0.0000,0.0000,0.0000,1.0000,0.0000,0.0000,0.0000,1.0000,0.0000,0.0000,0.0000,1.0000),
      ["Head"] = CFrame.new(2.3760,-1.7503,1.2678,0.9999,-0.0012,-0.0114,-0.0038,0.9027,-0.4302,0.0108,0.4302,0.9027),
      ["RightUpperLeg"] = CFrame.new(-0.0437,-0.2402,0.0675,0.4950,-0.4058,-0.7683,0.0226,0.8899,-0.4555,0.8686,0.2081,0.4497),
      ["RightLowerLeg"] = CFrame.new(0.0000,-0.0007,0.0000,1.0000,-0.0000,0.0000,0.0000,0.3183,0.9480,-0.0000,-0.9480,0.3183),
      ["RightFoot"] = CFrame.new(0.0000,0.0000,0.0000,0.9989,-0.0426,-0.0178,0.0431,0.9986,0.0297,0.0165,-0.0304,0.9994),
      ["LeftUpperLeg"] = CFrame.new(-0.1264,-0.4458,0.1062,0.0787,0.3474,0.9344,0.9872,0.1030,-0.1214,-0.1384,0.9321,-0.3348),
      ["LeftLowerLeg"] = CFrame.new(0.0000,-0.0007,0.0000,1.0000,-0.0000,0.0000,-0.0000,-0.3640,0.9314,0.0000,-0.9314,-0.3640),
      ["LeftFoot"] = CFrame.new(0.0000,0.0000,0.0000,0.9841,0.0821,0.1575,-0.1186,0.9640,0.2379,-0.1323,-0.2528,0.9584),
    }},
    {Time = 0.500, Data = {
      ["HumanoidRootPart"] = CFrame.new(0.0000,0.0000,0.0000,1.0000,0.0000,0.0000,0.0000,1.0000,0.0000,0.0000,0.0000,1.0000),
      ["LowerTorso"] = CFrame.new(0.0000,1.0538,0.0000,1.0000,-0.0000,0.0000,0.0000,1.0000,-0.0000,0.0000,0.0000,1.0000),
      ["UpperTorso"] = CFrame.new(0.0000,-0.0991,0.1976,1.0000,-0.0000,0.0000,0.0000,0.9060,0.4232,-0.0000,-0.4232,0.9060),
      ["LeftUpperArm"] = CFrame.new(0.0341,-0.8724,-0.5561,0.0244,0.0648,-0.9976,-0.9582,-0.2831,-0.0418,-0.2852,0.9569,0.0552),
      ["LeftLowerArm"] = CFrame.new(0.0000,0.0000,0.0000,1.0000,-0.0000,0.0000,0.0000,0.0051,-1.0000,0.0000,1.0000,0.0051),
      ["LeftHand"] = CFrame.new(0.0000,0.0000,0.0000,1.0000,0.0000,0.0000,0.0000,1.0000,0.0000,0.0000,0.0000,1.0000),
      ["RightUpperArm"] = CFrame.new(-0.0341,-0.8724,-0.5561,0.0244,-0.0648,0.9976,0.9582,-0.2831,-0.0418,0.2852,0.9569,0.0552),
      ["RightLowerArm"] = CFrame.new(0.0000,0.0000,0.0000,1.0000,-0.0000,0.0000,0.0000,0.0051,-1.0000,0.0000,1.0000,0.0051),
      ["RightHand"] = CFrame.new(0.0000,0.0000,0.0000,1.0000,0.0000,0.0000,0.0000,1.0000,0.0000,0.0000,0.0000,1.0000),
      ["Head"] = CFrame.new(2.0625,-1.9313,1.5472,0.9999,-0.0013,-0.0123,-0.0041,0.8996,-0.4368,0.0116,0.4368,0.8995),
      ["RightUpperLeg"] = CFrame.new(-0.0437,-0.2455,0.0675,0.4950,-0.4014,-0.7706,0.0225,0.8925,-0.4505,0.8686,0.2056,0.4508),
      ["RightLowerLeg"] = CFrame.new(0.0000,-0.0007,0.0000,1.0000,-0.0000,0.0000,0.0000,0.3296,0.9441,-0.0000,-0.9441,0.3296),
      ["RightFoot"] = CFrame.new(0.0000,0.0000,0.0000,0.9979,-0.0580,-0.0294,0.0593,0.9972,0.0446,0.0267,-0.0462,0.9986),
      ["LeftUpperLeg"] = CFrame.new(-0.1264,-0.4458,0.1062,0.0761,0.3480,0.9344,0.9859,0.1140,-0.1227,-0.1492,0.9305,-0.3344),
      ["LeftLowerLeg"] = CFrame.new(0.0000,-0.0007,0.0000,1.0000,-0.0000,0.0000,-0.0000,-0.3612,0.9325,0.0000,-0.9325,-0.3612),
      ["LeftFoot"] = CFrame.new(0.0000,0.0000,0.0000,0.9829,0.0848,0.1635,-0.1229,0.9632,0.2390,-0.1372,-0.2550,0.9571),
    }},
    {Time = 0.533, Data = {
      ["HumanoidRootPart"] = CFrame.new(0.0000,0.0000,0.0000,1.0000,0.0000,0.0000,0.0000,1.0000,0.0000,0.0000,0.0000,1.0000),
      ["LowerTorso"] = CFrame.new(0.0000,1.0389,0.0000,1.0000,-0.0000,0.0000,0.0000,1.0000,-0.0000,0.0000,0.0000,1.0000),
      ["UpperTorso"] = CFrame.new(0.0000,-0.1050,0.1976,1.0000,-0.0000,0.0000,0.0000,0.9050,0.4254,-0.0000,-0.4254,0.9050),
      ["LeftUpperArm"] = CFrame.new(0.0341,-0.8724,-0.5561,0.0244,0.0648,-0.9976,-0.9582,-0.2831,-0.0418,-0.2852,0.9569,0.0552),
      ["LeftLowerArm"] = CFrame.new(0.0000,0.0000,0.0000,1.0000,-0.0000,0.0000,0.0000,0.0051,-1.0000,0.0000,1.0000,0.0051),
      ["LeftHand"] = CFrame.new(0.0000,0.0000,0.0000,1.0000,0.0000,0.0000,0.0000,1.0000,0.0000,0.0000,0.0000,1.0000),
      ["RightUpperArm"] = CFrame.new(-0.0341,-0.8724,-0.5561,0.0244,-0.0648,0.9976,0.9582,-0.2831,-0.0418,0.2852,0.9569,0.0552),
      ["RightLowerArm"] = CFrame.new(0.0000,0.0000,0.0000,1.0000,-0.0000,0.0000,0.0000,0.0051,-1.0000,0.0000,1.0000,0.0051),
      ["RightHand"] = CFrame.new(0.0000,0.0000,0.0000,1.0000,0.0000,0.0000,0.0000,1.0000,0.0000,0.0000,0.0000,1.0000),
      ["Head"] = CFrame.new(1.7040,-2.0896,1.7955,0.9999,-0.0015,-0.0130,-0.0044,0.8967,-0.4425,0.0123,0.4425,0.8967),
      ["RightUpperLeg"] = CFrame.new(-0.0437,-0.2501,0.0675,0.4954,-0.3974,-0.7724,0.0223,0.8948,-0.4460,0.8684,0.2037,0.4522),
      ["RightLowerLeg"] = CFrame.new(0.0000,-0.0007,0.0000,1.0000,-0.0000,0.0000,0.0000,0.3395,0.9406,-0.0000,-0.9406,0.3395),
      ["RightFoot"] = CFrame.new(0.0000,0.0000,0.0000,0.9965,-0.0729,-0.0409,0.0752,0.9955,0.0575,0.0366,-0.0603,0.9975),
      ["LeftUpperLeg"] = CFrame.new(-0.1264,-0.4458,0.1062,0.0729,0.3486,0.9344,0.9845,0.1247,-0.1234,-0.1596,0.9289,-0.3341),
      ["LeftLowerLeg"] = CFrame.new(0.0000,-0.0007,0.0000,1.0000,-0.0000,0.0000,-0.0000,-0.3581,0.9337,0.0000,-0.9337,-0.3581),
      ["LeftFoot"] = CFrame.new(0.0000,0.0000,0.0000,0.9815,0.0876,0.1700,-0.1275,0.9623,0.2404,-0.1425,-0.2576,0.9557),
    }},
    {Time = 0.567, Data = {
      ["HumanoidRootPart"] = CFrame.new(0.0000,0.0000,0.0000,1.0000,0.0000,0.0000,0.0000,1.0000,0.0000,0.0000,0.0000,1.0000),
      ["LowerTorso"] = CFrame.new(0.0000,1.0266,0.0000,1.0000,-0.0000,0.0000,0.0000,1.0000,-0.0000,0.0000,0.0000,1.0000),
      ["UpperTorso"] = CFrame.new(0.0000,-0.1106,0.1976,1.0000,-0.0000,0.0000,0.0000,0.9036,0.4283,-0.0000,-0.4283,0.9036),
      ["LeftUpperArm"] = CFrame.new(0.0341,-0.8724,-0.5561,0.0244,0.0648,-0.9976,-0.9582,-0.2831,-0.0418,-0.2852,0.9569,0.0552),
      ["LeftLowerArm"] = CFrame.new(0.0000,0.0000,0.0000,1.0000,-0.0000,0.0000,0.0000,0.0051,-1.0000,0.0000,1.0000,0.0051),
      ["LeftHand"] = CFrame.new(0.0000,0.0000,0.0000,1.0000,0.0000,0.0000,0.0000,1.0000,0.0000,0.0000,0.0000,1.0000),
      ["RightUpperArm"] = CFrame.new(-0.0341,-0.8724,-0.5561,0.0244,-0.0648,0.9976,0.9582,-0.2831,-0.0418,0.2852,0.9569,0.0552),
      ["RightLowerArm"] = CFrame.new(0.0000,0.0000,0.0000,1.0000,-0.0000,0.0000,0.0000,0.0051,-1.0000,0.0000,1.0000,0.0051),
      ["RightHand"] = CFrame.new(0.0000,0.0000,0.0000,1.0000,0.0000,0.0000,0.0000,1.0000,0.0000,0.0000,0.0000,1.0000),
      ["Head"] = CFrame.new(1.3095,-2.2207,2.0041,0.9999,-0.0016,-0.0136,-0.0047,0.8944,-0.4473,0.0129,0.4473,0.8943),
      ["RightUpperLeg"] = CFrame.new(-0.0437,-0.2539,0.0675,0.4962,-0.3938,-0.7737,0.0221,0.8966,-0.4422,0.8679,0.2024,0.4536),
      ["RightLowerLeg"] = CFrame.new(0.0000,-0.0007,0.0000,1.0000,-0.0000,0.0000,0.0000,0.3478,0.9376,-0.0000,-0.9376,0.3478),
      ["RightFoot"] = CFrame.new(0.0000,0.0000,0.0000,0.9949,-0.0865,-0.0518,0.0900,0.9936,0.0678,0.0456,-0.0721,0.9964),
      ["LeftUpperLeg"] = CFrame.new(-0.1264,-0.4458,0.1062,0.0697,0.3493,0.9344,0.9832,0.1344,-0.1236,-0.1687,0.9273,-0.3341),
      ["LeftLowerLeg"] = CFrame.new(0.0000,-0.0007,0.0000,1.0000,-0.0000,0.0000,-0.0000,-0.3550,0.9349,0.0000,-0.9349,-0.3550),
      ["LeftFoot"] = CFrame.new(0.0000,0.0000,0.0000,0.9802,0.0903,0.1764,-0.1321,0.9613,0.2419,-0.1477,-0.2604,0.9541),
    }},
    {Time = 0.600, Data = {
      ["HumanoidRootPart"] = CFrame.new(0.0000,0.0000,0.0000,1.0000,0.0000,0.0000,0.0000,1.0000,0.0000,0.0000,0.0000,1.0000),
      ["LowerTorso"] = CFrame.new(0.0000,1.0172,0.0000,1.0000,-0.0000,0.0000,0.0000,1.0000,-0.0000,0.0000,0.0000,1.0000),
      ["UpperTorso"] = CFrame.new(0.0000,-0.1157,0.1976,1.0000,-0.0000,0.0000,0.0000,0.9020,0.4317,-0.0000,-0.4317,0.9020),
      ["LeftUpperArm"] = CFrame.new(0.0341,-0.8724,-0.5561,0.0244,0.0648,-0.9976,-0.9582,-0.2831,-0.0418,-0.2852,0.9569,0.0552),
      ["LeftLowerArm"] = CFrame.new(0.0000,0.0000,0.0000,1.0000,-0.0000,0.0000,0.0000,0.0051,-1.0000,0.0000,1.0000,0.0051),
      ["LeftHand"] = CFrame.new(0.0000,0.0000,0.0000,1.0000,0.0000,0.0000,0.0000,1.0000,0.0000,0.0000,0.0000,1.0000),
      ["RightUpperArm"] = CFrame.new(-0.0341,-0.8724,-0.5561,0.0244,-0.0648,0.9976,0.9582,-0.2831,-0.0418,0.2852,0.9569,0.0552),
      ["RightLowerArm"] = CFrame.new(0.0000,0.0000,0.0000,1.0000,-0.0000,0.0000,0.0000,0.0051,-1.0000,0.0000,1.0000,0.0051),
      ["RightHand"] = CFrame.new(0.0000,0.0000,0.0000,1.0000,0.0000,0.0000,0.0000,1.0000,0.0000,0.0000,0.0000,1.0000),
      ["Head"] = CFrame.new(0.8880,-2.3199,2.1640,0.9999,-0.0017,-0.0141,-0.0049,0.8926,-0.4508,0.0133,0.4509,0.8925),
      ["RightUpperLeg"] = CFrame.new(-0.0437,-0.2568,0.0675,0.4972,-0.3910,-0.7746,0.0218,0.8981,-0.4393,0.8674,0.2015,0.4550),
      ["RightLowerLeg"] = CFrame.new(0.0000,-0.0007,0.0000,1.0000,-0.0000,0.0000,0.0000,0.3540,0.9352,-0.0000,-0.9352,0.3540),
      ["RightFoot"] = CFrame.new(0.0000,0.0000,0.0000,0.9933,-0.0980,-0.0610,0.1025,0.9919,0.0752,0.0531,-0.0809,0.9953),
      ["LeftUpperLeg"] = CFrame.new(-0.1264,-0.4458,0.1062,0.0668,0.3499,0.9344,0.9821,0.1422,-0.1234,-0.1760,0.9259,-0.3341),
      ["LeftLowerLeg"] = CFrame.new(0.0000,-0.0007,0.0000,1.0000,-0.0000,0.0000,-0.0000,-0.3519,0.9360,0.0000,-0.9360,-0.3519),
      ["LeftFoot"] = CFrame.new(0.0000,0.0000,0.0000,0.9789,0.0926,0.1819,-0.1361,0.9602,0.2438,-0.1521,-0.2634,0.9526),
    }},
    {Time = 0.633, Data = {
      ["HumanoidRootPart"] = CFrame.new(0.0000,0.0000,0.0000,1.0000,0.0000,0.0000,0.0000,1.0000,0.0000,0.0000,0.0000,1.0000),
      ["LowerTorso"] = CFrame.new(0.0000,1.0113,0.0000,1.0000,-0.0000,0.0000,0.0000,1.0000,-0.0000,0.0000,0.0000,1.0000),
      ["UpperTorso"] = CFrame.new(0.0000,-0.1201,0.1976,1.0000,-0.0000,0.0000,0.0000,0.9001,0.4357,-0.0000,-0.4357,0.9001),
      ["LeftUpperArm"] = CFrame.new(0.0341,-0.8724,-0.5561,0.0244,0.0648,-0.9976,-0.9582,-0.2831,-0.0418,-0.2852,0.9569,0.0552),
      ["LeftLowerArm"] = CFrame.new(0.0000,0.0000,0.0000,1.0000,-0.0000,0.0000,0.0000,0.0051,-1.0000,0.0000,1.0000,0.0051),
      ["LeftHand"] = CFrame.new(0.0000,0.0000,0.0000,1.0000,0.0000,0.0000,0.0000,1.0000,0.0000,0.0000,0.0000,1.0000),
      ["RightUpperArm"] = CFrame.new(-0.0341,-0.8724,-0.5561,0.0244,-0.0648,0.9976,0.9582,-0.2831,-0.0418,0.2852,0.9569,0.0552),
      ["RightLowerArm"] = CFrame.new(0.0000,0.0000,0.0000,1.0000,-0.0000,0.0000,0.0000,0.0051,-1.0000,0.0000,1.0000,0.0051),
      ["RightHand"] = CFrame.new(0.0000,0.0000,0.0000,1.0000,0.0000,0.0000,0.0000,1.0000,0.0000,0.0000,0.0000,1.0000),
      ["Head"] = CFrame.new(0.4485,-2.3828,2.2664,0.9999,-0.0017,-0.0144,-0.0050,0.8914,-0.4531,0.0136,0.4531,0.8913),
      ["RightUpperLeg"] = CFrame.new(-0.0437,-0.2587,0.0675,0.4981,-0.3891,-0.7749,0.0216,0.8990,-0.4375,0.8669,0.2012,0.4561),
      ["RightLowerLeg"] = CFrame.new(0.0000,-0.0007,0.0000,1.0000,-0.0000,0.0000,0.0000,0.3580,0.9337,-0.0000,-0.9337,0.3580),
      ["RightFoot"] = CFrame.new(0.0000,0.0000,0.0000,0.9920,-0.1067,-0.0679,0.1120,0.9906,0.0791,0.0588,-0.0860,0.9946),
      ["LeftUpperLeg"] = CFrame.new(-0.1264,-0.4458,0.1062,0.0645,0.3505,0.9343,0.9814,0.1474,-0.1230,-0.1808,0.9249,-0.3345),
      ["LeftLowerLeg"] = CFrame.new(0.0000,-0.0007,0.0000,1.0000,-0.0000,0.0000,-0.0000,-0.3490,0.9371,0.0000,-0.9371,-0.3490),
      ["LeftFoot"] = CFrame.new(0.0000,0.0000,0.0000,0.9781,0.0940,0.1859,-0.1390,0.9592,0.2461,-0.1552,-0.2665,0.9512),
    }},
    {Time = 0.667, Data = {
      ["HumanoidRootPart"] = CFrame.new(0.0000,0.0000,0.0000,1.0000,0.0000,0.0000,0.0000,1.0000,0.0000,0.0000,0.0000,1.0000),
      ["LowerTorso"] = CFrame.new(0.0000,1.0092,0.0000,1.0000,-0.0000,0.0000,0.0000,1.0000,-0.0000,0.0000,0.0000,1.0000),
      ["UpperTorso"] = CFrame.new(0.0000,-0.1238,0.1976,1.0000,-0.0000,0.0000,0.0000,0.8980,0.4400,-0.0000,-0.4400,0.8980),
      ["LeftUpperArm"] = CFrame.new(0.0341,-0.8724,-0.5561,0.0244,0.0648,-0.9976,-0.9582,-0.2831,-0.0418,-0.2852,0.9569,0.0552),
      ["LeftLowerArm"] = CFrame.new(0.0000,0.0000,0.0000,1.0000,-0.0000,0.0000,0.0000,0.0051,-1.0000,0.0000,1.0000,0.0051),
      ["LeftHand"] = CFrame.new(0.0000,0.0000,0.0000,1.0000,0.0000,0.0000,0.0000,1.0000,0.0000,0.0000,0.0000,1.0000),
      ["RightUpperArm"] = CFrame.new(-0.0341,-0.8724,-0.5561,0.0244,-0.0648,0.9976,0.9582,-0.2831,-0.0418,0.2852,0.9569,0.0552),
      ["RightLowerArm"] = CFrame.new(0.0000,0.0000,0.0000,1.0000,-0.0000,0.0000,0.0000,0.0051,-1.0000,0.0000,1.0000,0.0051),
      ["RightHand"] = CFrame.new(0.0000,0.0000,0.0000,1.0000,0.0000,0.0000,0.0000,1.0000,0.0000,0.0000,0.0000,1.0000),
      ["Head"] = CFrame.new(0.0000,-2.4047,2.3026,0.9999,-0.0017,-0.0145,-0.0051,0.8910,-0.4539,0.0137,0.4539,0.8909),
      ["RightUpperLeg"] = CFrame.new(-0.0437,-0.2593,0.0675,0.4988,-0.3883,-0.7749,0.0214,0.8993,-0.4368,0.8665,0.2013,0.4569),
      ["RightLowerLeg"] = CFrame.new(0.0000,-0.0007,0.0000,1.0000,-0.0000,0.0000,0.0000,0.3594,0.9332,-0.0000,-0.9332,0.3594),
      ["RightFoot"] = CFrame.new(0.0000,0.0000,0.0000,0.9912,-0.1117,-0.0716,0.1173,0.9899,0.0791,0.0621,-0.0868,0.9943),
      ["LeftUpperLeg"] = CFrame.new(-0.1264,-0.4458,0.1062,0.0633,0.3510,0.9342,0.9812,0.1492,-0.1226,-0.1824,0.9244,-0.3350),
      ["LeftLowerLeg"] = CFrame.new(0.0000,-0.0007,0.0000,1.0000,-0.0000,0.0000,-0.0000,-0.3463,0.9381,0.0000,-0.9381,-0.3463),
      ["LeftFoot"] = CFrame.new(0.0000,0.0000,0.0000,0.9777,0.0943,0.1877,-0.1402,0.9583,0.2490,-0.1563,-0.2697,0.9502),
    }},
    {Time = 0.700, Data = {
      ["HumanoidRootPart"] = CFrame.new(0.0000,0.0000,0.0000,1.0000,0.0000,0.0000,0.0000,1.0000,0.0000,0.0000,0.0000,1.0000),
      ["LowerTorso"] = CFrame.new(0.0000,1.0111,0.0000,1.0000,-0.0000,0.0000,0.0000,1.0000,-0.0000,0.0000,0.0000,1.0000),
      ["UpperTorso"] = CFrame.new(0.0000,-0.1266,0.1976,1.0000,-0.0000,0.0000,0.0000,0.8958,0.4445,-0.0000,-0.4445,0.8958),
      ["LeftUpperArm"] = CFrame.new(0.0341,-0.8724,-0.5561,0.0244,0.0648,-0.9976,-0.9582,-0.2831,-0.0418,-0.2852,0.9569,0.0552),
      ["LeftLowerArm"] = CFrame.new(0.0000,0.0000,0.0000,1.0000,-0.0000,0.0000,0.0000,0.0051,-1.0000,0.0000,1.0000,0.0051),
      ["LeftHand"] = CFrame.new(0.0000,0.0000,0.0000,1.0000,0.0000,0.0000,0.0000,1.0000,0.0000,0.0000,0.0000,1.0000),
      ["RightUpperArm"] = CFrame.new(-0.0341,-0.8724,-0.5561,0.0244,-0.0648,0.9976,0.9582,-0.2831,-0.0418,0.2852,0.9569,0.0552),
      ["RightLowerArm"] = CFrame.new(0.0000,0.0000,0.0000,1.0000,-0.0000,0.0000,0.0000,0.0051,-1.0000,0.0000,1.0000,0.0051),
      ["RightHand"] = CFrame.new(0.0000,0.0000,0.0000,1.0000,0.0000,0.0000,0.0000,1.0000,0.0000,0.0000,0.0000,1.0000),
      ["Head"] = CFrame.new(-0.4485,-2.3848,2.2753,0.9999,-0.0017,-0.0144,-0.0051,0.8914,-0.4532,0.0136,0.4532,0.8913),
      ["RightUpperLeg"] = CFrame.new(-0.0437,-0.2587,0.0675,0.4995,-0.3885,-0.7743,0.0213,0.8990,-0.4374,0.8660,0.2020,0.4573),
      ["RightLowerLeg"] = CFrame.new(0.0000,-0.0007,0.0000,1.0000,-0.0000,0.0000,0.0000,0.3581,0.9337,-0.0000,-0.9337,0.3581),
      ["RightFoot"] = CFrame.new(0.0000,0.0000,0.0000,0.9907,-0.1143,-0.0733,0.1198,0.9898,0.0766,0.0638,-0.0846,0.9944),
      ["LeftUpperLeg"] = CFrame.new(-0.1264,-0.4458,0.1062,0.0628,0.3515,0.9341,0.9813,0.1489,-0.1220,-0.1820,0.9242,-0.3356),
      ["LeftLowerLeg"] = CFrame.new(0.0000,-0.0007,0.0000,1.0000,-0.0000,0.0000,-0.0000,-0.3438,0.9390,0.0000,-0.9390,-0.3438),
      ["LeftFoot"] = CFrame.new(0.0000,0.0000,0.0000,0.9777,0.0938,0.1877,-0.1403,0.9574,0.2523,-0.1561,-0.2730,0.9493),
    }},
    {Time = 0.733, Data = {
      ["HumanoidRootPart"] = CFrame.new(0.0000,0.0000,0.0000,1.0000,0.0000,0.0000,0.0000,1.0000,0.0000,0.0000,0.0000,1.0000),
      ["LowerTorso"] = CFrame.new(0.0000,1.0165,0.0000,1.0000,-0.0000,0.0000,0.0000,1.0000,-0.0000,0.0000,0.0000,1.0000),
      ["UpperTorso"] = CFrame.new(0.0000,-0.1284,0.1976,1.0000,-0.0000,0.0000,0.0000,0.8934,0.4492,-0.0000,-0.4492,0.8934),
      ["LeftUpperArm"] = CFrame.new(0.0341,-0.8724,-0.5561,0.0244,0.0648,-0.9976,-0.9582,-0.2831,-0.0418,-0.2852,0.9569,0.0552),
      ["LeftLowerArm"] = CFrame.new(0.0000,0.0000,0.0000,1.0000,-0.0000,0.0000,0.0000,0.0051,-1.0000,0.0000,1.0000,0.0051),
      ["LeftHand"] = CFrame.new(0.0000,0.0000,0.0000,1.0000,0.0000,0.0000,0.0000,1.0000,0.0000,0.0000,0.0000,1.0000),
      ["RightUpperArm"] = CFrame.new(-0.0341,-0.8724,-0.5561,0.0244,-0.0648,0.9976,0.9582,-0.2831,-0.0418,0.2852,0.9569,0.0552),
      ["RightLowerArm"] = CFrame.new(0.0000,0.0000,0.0000,1.0000,-0.0000,0.0000,0.0000,0.0051,-1.0000,0.0000,1.0000,0.0051),
      ["RightHand"] = CFrame.new(0.0000,0.0000,0.0000,1.0000,0.0000,0.0000,0.0000,1.0000,0.0000,0.0000,0.0000,1.0000),
      ["Head"] = CFrame.new(-0.8880,-2.3275,2.1973,0.9999,-0.0016,-0.0141,-0.0049,0.8925,-0.4511,0.0134,0.4511,0.8924),
      ["RightUpperLeg"] = CFrame.new(-0.0437,-0.2571,0.0675,0.5006,-0.3896,-0.7731,0.0210,0.8982,-0.4390,0.8654,0.2035,0.4579),
      ["RightLowerLeg"] = CFrame.new(0.0000,-0.0007,0.0000,1.0000,-0.0000,0.0000,0.0000,0.3545,0.9351,-0.0000,-0.9351,0.3545),
      ["RightFoot"] = CFrame.new(0.0000,0.0000,0.0000,0.9904,-0.1162,-0.0744,0.1216,0.9899,0.0731,0.0652,-0.0814,0.9945),
      ["LeftUpperLeg"] = CFrame.new(-0.1264,-0.4458,0.1062,0.0623,0.3520,0.9339,0.9815,0.1482,-0.1214,-0.1811,0.9242,-0.3363),
      ["LeftLowerLeg"] = CFrame.new(0.0000,-0.0007,0.0000,1.0000,-0.0000,0.0000,-0.0000,-0.3414,0.9399,0.0000,-0.9399,-0.3414),
      ["LeftFoot"] = CFrame.new(0.0000,0.0000,0.0000,0.9779,0.0930,0.1872,-0.1399,0.9565,0.2559,-0.1553,-0.2764,0.9484),
    }},
    {Time = 0.767, Data = {
      ["HumanoidRootPart"] = CFrame.new(0.0000,0.0000,0.0000,1.0000,0.0000,0.0000,0.0000,1.0000,0.0000,0.0000,0.0000,1.0000),
      ["LowerTorso"] = CFrame.new(0.0000,1.0250,0.0000,1.0000,-0.0000,0.0000,0.0000,1.0000,-0.0000,0.0000,0.0000,1.0000),
      ["UpperTorso"] = CFrame.new(0.0000,-0.1290,0.1976,1.0000,-0.0000,0.0000,0.0000,0.8910,0.4540,-0.0000,-0.4540,0.8910),
      ["LeftUpperArm"] = CFrame.new(0.0341,-0.8724,-0.5561,0.0244,0.0648,-0.9976,-0.9582,-0.2831,-0.0418,-0.2852,0.9569,0.0552),
      ["LeftLowerArm"] = CFrame.new(0.0000,0.0000,0.0000,1.0000,-0.0000,0.0000,0.0000,0.0051,-1.0000,0.0000,1.0000,0.0051),
      ["LeftHand"] = CFrame.new(0.0000,0.0000,0.0000,1.0000,0.0000,0.0000,0.0000,1.0000,0.0000,0.0000,0.0000,1.0000),
      ["RightUpperArm"] = CFrame.new(-0.0341,-0.8724,-0.5561,0.0244,-0.0648,0.9976,0.9582,-0.2831,-0.0418,0.2852,0.9569,0.0552),
      ["RightLowerArm"] = CFrame.new(0.0000,0.0000,0.0000,1.0000,-0.0000,0.0000,0.0000,0.0051,-1.0000,0.0000,1.0000,0.0051),
      ["RightHand"] = CFrame.new(0.0000,0.0000,0.0000,1.0000,0.0000,0.0000,0.0000,1.0000,0.0000,0.0000,0.0000,1.0000),
      ["Head"] = CFrame.new(-1.3095,-2.2369,2.0738,0.9999,-0.0016,-0.0137,-0.0047,0.8941,-0.4478,0.0130,0.4479,0.8940),
      ["RightUpperLeg"] = CFrame.new(-0.0437,-0.2544,0.0675,0.5020,-0.3914,-0.7713,0.0208,0.8970,-0.4416,0.8646,0.2057,0.4584),
      ["RightLowerLeg"] = CFrame.new(0.0000,-0.0007,0.0000,1.0000,-0.0000,0.0000,0.0000,0.3488,0.9372,-0.0000,-0.9372,0.3488),
      ["RightFoot"] = CFrame.new(0.0000,0.0000,0.0000,0.9902,-0.1174,-0.0750,0.1226,0.9901,0.0686,0.0662,-0.0771,0.9948),
      ["LeftUpperLeg"] = CFrame.new(-0.1264,-0.4458,0.1062,0.0618,0.3525,0.9338,0.9818,0.1470,-0.1205,-0.1798,0.9242,-0.3370),
      ["LeftLowerLeg"] = CFrame.new(0.0000,-0.0007,0.0000,1.0000,-0.0000,0.0000,-0.0000,-0.3390,0.9408,0.0000,-0.9408,-0.3390),
      ["LeftFoot"] = CFrame.new(0.0000,0.0000,0.0000,0.9782,0.0919,0.1863,-0.1392,0.9557,0.2595,-0.1542,-0.2797,0.9476),
    }},
    {Time = 0.800, Data = {
      ["HumanoidRootPart"] = CFrame.new(0.0000,0.0000,0.0000,1.0000,0.0000,0.0000,0.0000,1.0000,0.0000,0.0000,0.0000,1.0000),
      ["LowerTorso"] = CFrame.new(0.0000,1.0363,0.0000,1.0000,-0.0000,0.0000,0.0000,1.0000,-0.0000,0.0000,0.0000,1.0000),
      ["UpperTorso"] = CFrame.new(0.0000,-0.1285,0.1976,1.0000,-0.0000,0.0000,0.0000,0.8886,0.4586,-0.0000,-0.4586,0.8886),
      ["LeftUpperArm"] = CFrame.new(0.0341,-0.8724,-0.5561,0.0244,0.0648,-0.9976,-0.9582,-0.2831,-0.0418,-0.2852,0.9569,0.0552),
      ["LeftLowerArm"] = CFrame.new(0.0000,0.0000,0.0000,1.0000,-0.0000,0.0000,0.0000,0.0051,-1.0000,0.0000,1.0000,0.0051),
      ["LeftHand"] = CFrame.new(0.0000,0.0000,0.0000,1.0000,0.0000,0.0000,0.0000,1.0000,0.0000,0.0000,0.0000,1.0000),
      ["RightUpperArm"] = CFrame.new(-0.0341,-0.8724,-0.5561,0.0244,-0.0648,0.9976,0.9582,-0.2831,-0.0418,0.2852,0.9569,0.0552),
      ["RightLowerArm"] = CFrame.new(0.0000,0.0000,0.0000,1.0000,-0.0000,0.0000,0.0000,0.0051,-1.0000,0.0000,1.0000,0.0051),
      ["RightHand"] = CFrame.new(0.0000,0.0000,0.0000,1.0000,0.0000,0.0000,0.0000,1.0000,0.0000,0.0000,0.0000,1.0000),
      ["Head"] = CFrame.new(-1.7040,-2.1168,1.9101,0.9999,-0.0015,-0.0131,-0.0045,0.8963,-0.4435,0.0124,0.4435,0.8962),
      ["RightUpperLeg"] = CFrame.new(-0.0437,-0.2509,0.0675,0.5036,-0.3938,-0.7690,0.0205,0.8953,-0.4450,0.8637,0.2084,0.4590),
      ["RightLowerLeg"] = CFrame.new(0.0000,-0.0007,0.0000,1.0000,-0.0000,0.0000,0.0000,0.3412,0.9400,-0.0000,-0.9400,0.3412),
      ["RightFoot"] = CFrame.new(0.0000,0.0000,0.0000,0.9902,-0.1180,-0.0752,0.1229,0.9904,0.0631,0.0670,-0.0717,0.9952),
      ["LeftUpperLeg"] = CFrame.new(-0.1264,-0.4458,0.1062,0.0613,0.3530,0.9336,0.9821,0.1454,-0.1195,-0.1779,0.9243,-0.3378),
      ["LeftLowerLeg"] = CFrame.new(0.0000,-0.0007,0.0000,1.0000,-0.0000,0.0000,-0.0000,-0.3369,0.9415,0.0000,-0.9415,-0.3369),
      ["LeftFoot"] = CFrame.new(0.0000,0.0000,0.0000,0.9785,0.0909,0.1852,-0.1384,0.9548,0.2629,-0.1529,-0.2829,0.9469),
    }},
    {Time = 0.833, Data = {
      ["HumanoidRootPart"] = CFrame.new(0.0000,0.0000,0.0000,1.0000,0.0000,0.0000,0.0000,1.0000,0.0000,0.0000,0.0000,1.0000),
      ["LowerTorso"] = CFrame.new(0.0000,1.0500,0.0000,1.0000,-0.0000,0.0000,0.0000,1.0000,-0.0000,0.0000,0.0000,1.0000),
      ["UpperTorso"] = CFrame.new(0.0000,-0.1270,0.1976,1.0000,-0.0000,0.0000,0.0000,0.8863,0.4631,-0.0000,-0.4631,0.8863),
      ["LeftUpperArm"] = CFrame.new(0.0341,-0.8724,-0.5561,0.0244,0.0648,-0.9976,-0.9582,-0.2831,-0.0418,-0.2852,0.9569,0.0552),
      ["LeftLowerArm"] = CFrame.new(0.0000,0.0000,0.0000,1.0000,-0.0000,0.0000,0.0000,0.0051,-1.0000,0.0000,1.0000,0.0051),
      ["LeftHand"] = CFrame.new(0.0000,0.0000,0.0000,1.0000,0.0000,0.0000,0.0000,1.0000,0.0000,0.0000,0.0000,1.0000),
      ["RightUpperArm"] = CFrame.new(-0.0341,-0.8724,-0.5561,0.0244,-0.0648,0.9976,0.9582,-0.2831,-0.0418,0.2852,0.9569,0.0552),
      ["RightLowerArm"] = CFrame.new(0.0000,0.0000,0.0000,1.0000,-0.0000,0.0000,0.0000,0.0051,-1.0000,0.0000,1.0000,0.0051),
      ["RightHand"] = CFrame.new(0.0000,0.0000,0.0000,1.0000,0.0000,0.0000,0.0000,1.0000,0.0000,0.0000,0.0000,1.0000),
      ["Head"] = CFrame.new(-2.0625,-1.9712,1.7116,0.9999,-0.0014,-0.0124,-0.0042,0.8989,-0.4382,0.0118,0.4382,0.8988),
      ["RightUpperLeg"] = CFrame.new(-0.0437,-0.2467,0.0675,0.5055,-0.3967,-0.7662,0.0201,0.8932,-0.4491,0.8626,0.2116,0.4595),
      ["RightLowerLeg"] = CFrame.new(0.0000,-0.0007,0.0000,1.0000,-0.0000,0.0000,0.0000,0.3321,0.9433,-0.0000,-0.9433,0.3321),
      ["RightFoot"] = CFrame.new(0.0000,0.0000,0.0000,0.9902,-0.1181,-0.0748,0.1224,0.9909,0.0566,0.0674,-0.0652,0.9956),
      ["LeftUpperLeg"] = CFrame.new(-0.1264,-0.4458,0.1062,0.0607,0.3534,0.9335,0.9826,0.1434,-0.1181,-0.1756,0.9244,-0.3386),
      ["LeftLowerLeg"] = CFrame.new(0.0000,-0.0007,0.0000,1.0000,-0.0000,0.0000,-0.0000,-0.3351,0.9422,0.0000,-0.9422,-0.3351),
      ["LeftFoot"] = CFrame.new(0.0000,0.0000,0.0000,0.9788,0.0898,0.1840,-0.1376,0.9541,0.2662,-0.1517,-0.2858,0.9462),
    }},
    {Time = 0.867, Data = {
      ["HumanoidRootPart"] = CFrame.new(0.0000,0.0000,0.0000,1.0000,0.0000,0.0000,0.0000,1.0000,0.0000,0.0000,0.0000,1.0000),
      ["LowerTorso"] = CFrame.new(0.0000,1.0658,0.0000,1.0000,-0.0000,0.0000,0.0000,1.0000,-0.0000,0.0000,0.0000,1.0000),
      ["UpperTorso"] = CFrame.new(0.0000,-0.1247,0.1976,1.0000,-0.0000,0.0000,0.0000,0.8841,0.4674,-0.0000,-0.4674,0.8841),
      ["LeftUpperArm"] = CFrame.new(0.0341,-0.8724,-0.5561,0.0244,0.0648,-0.9976,-0.9582,-0.2831,-0.0418,-0.2852,0.9569,0.0552),
      ["LeftLowerArm"] = CFrame.new(0.0000,0.0000,0.0000,1.0000,-0.0000,0.0000,0.0000,0.0051,-1.0000,0.0000,1.0000,0.0051),
      ["LeftHand"] = CFrame.new(0.0000,0.0000,0.0000,1.0000,0.0000,0.0000,0.0000,1.0000,0.0000,0.0000,0.0000,1.0000),
      ["RightUpperArm"] = CFrame.new(-0.0341,-0.8724,-0.5561,0.0244,-0.0648,0.9976,0.9582,-0.2831,-0.0418,0.2852,0.9569,0.0552),
      ["RightLowerArm"] = CFrame.new(0.0000,0.0000,0.0000,1.0000,-0.0000,0.0000,0.0000,0.0051,-1.0000,0.0000,1.0000,0.0051),
      ["RightHand"] = CFrame.new(0.0000,0.0000,0.0000,1.0000,0.0000,0.0000,0.0000,1.0000,0.0000,0.0000,0.0000,1.0000),
      ["Head"] = CFrame.new(-2.3760,-1.8041,1.4837,0.9999,-0.0012,-0.0117,-0.0039,0.9018,-0.4321,0.0110,0.4322,0.9017),
      ["RightUpperLeg"] = CFrame.new(-0.0437,-0.2418,0.0675,0.5076,-0.3999,-0.7631,0.0197,0.8909,-0.4538,0.8613,0.2153,0.4601),
      ["RightLowerLeg"] = CFrame.new(0.0000,-0.0007,0.0000,1.0000,-0.0000,0.0000,0.0000,0.3216,0.9469,-0.0000,-0.9469,0.3216),
      ["RightFoot"] = CFrame.new(0.0000,0.0000,0.0000,0.9903,-0.1175,-0.0740,0.1213,0.9914,0.0490,0.0676,-0.0575,0.9961),
      ["LeftUpperLeg"] = CFrame.new(-0.1264,-0.4458,0.1062,0.0600,0.3538,0.9334,0.9831,0.1409,-0.1166,-0.1728,0.9246,-0.3394),
      ["LeftLowerLeg"] = CFrame.new(0.0000,-0.0007,0.0000,1.0000,-0.0000,0.0000,-0.0000,-0.3337,0.9427,0.0000,-0.9427,-0.3337),
      ["LeftFoot"] = CFrame.new(0.0000,0.0000,0.0000,0.9791,0.0888,0.1830,-0.1368,0.9534,0.2690,-0.1506,-0.2884,0.9456),
    }},
    {Time = 0.900, Data = {
      ["HumanoidRootPart"] = CFrame.new(0.0000,0.0000,0.0000,1.0000,0.0000,0.0000,0.0000,1.0000,0.0000,0.0000,0.0000,1.0000),
      ["LowerTorso"] = CFrame.new(0.0000,1.0832,0.0000,1.0000,-0.0000,0.0000,0.0000,1.0000,-0.0000,0.0000,0.0000,1.0000),
      ["UpperTorso"] = CFrame.new(0.0000,-0.1216,0.1976,1.0000,-0.0000,0.0000,0.0000,0.8820,0.4713,-0.0000,-0.4713,0.8820),
      ["LeftUpperArm"] = CFrame.new(0.0341,-0.8724,-0.5561,0.0244,0.0648,-0.9976,-0.9582,-0.2831,-0.0418,-0.2852,0.9569,0.0552),
      ["LeftLowerArm"] = CFrame.new(0.0000,0.0000,0.0000,1.0000,-0.0000,0.0000,0.0000,0.0051,-1.0000,0.0000,1.0000,0.0051),
      ["LeftHand"] = CFrame.new(0.0000,0.0000,0.0000,1.0000,0.0000,0.0000,0.0000,1.0000,0.0000,0.0000,0.0000,1.0000),
      ["RightUpperArm"] = CFrame.new(-0.0341,-0.8724,-0.5561,0.0244,-0.0648,0.9976,0.9582,-0.2831,-0.0418,0.2852,0.9569,0.0552),
      ["RightLowerArm"] = CFrame.new(0.0000,0.0000,0.0000,1.0000,-0.0000,0.0000,0.0000,0.0051,-1.0000,0.0000,1.0000,0.0051),
      ["RightHand"] = CFrame.new(0.0000,0.0000,0.0000,1.0000,0.0000,0.0000,0.0000,1.0000,0.0000,0.0000,0.0000,1.0000),
      ["Head"] = CFrame.new(-2.6355,-1.6192,1.2317,0.9999,-0.0011,-0.0108,-0.0036,0.9050,-0.4254,0.0102,0.4254,0.9049),
      ["RightUpperLeg"] = CFrame.new(-0.0437,-0.2364,0.0675,0.5099,-0.4036,-0.7597,0.0193,0.8883,-0.4590,0.8600,0.2194,0.4607),
      ["RightLowerLeg"] = CFrame.new(0.0000,-0.0007,0.0000,1.0000,-0.0000,0.0000,0.0000,0.3100,0.9507,-0.0000,-0.9507,0.3100),
      ["RightFoot"] = CFrame.new(0.0000,0.0000,0.0000,0.9905,-0.1165,-0.0726,0.1196,0.9920,0.0403,0.0673,-0.0486,0.9965),
      ["LeftUpperLeg"] = CFrame.new(-0.1264,-0.4458,0.1062,0.0591,0.3542,0.9333,0.9838,0.1380,-0.1147,-0.1694,0.9249,-0.3403),
      ["LeftLowerLeg"] = CFrame.new(0.0000,-0.0007,0.0000,1.0000,-0.0000,0.0000,-0.0000,-0.3328,0.9430,0.0000,-0.9430,-0.3328),
      ["LeftFoot"] = CFrame.new(0.0000,0.0000,0.0000,0.9793,0.0881,0.1823,-0.1362,0.9528,0.2712,-0.1498,-0.2904,0.9451),
    }},
    {Time = 0.933, Data = {
      ["HumanoidRootPart"] = CFrame.new(0.0000,0.0000,0.0000,1.0000,0.0000,0.0000,0.0000,1.0000,0.0000,0.0000,0.0000,1.0000),
      ["LowerTorso"] = CFrame.new(0.0000,1.1019,0.0000,1.0000,-0.0000,0.0000,0.0000,1.0000,-0.0000,0.0000,0.0000,1.0000),
      ["UpperTorso"] = CFrame.new(0.0000,-0.1178,0.1976,1.0000,-0.0000,0.0000,0.0000,0.8800,0.4749,-0.0000,-0.4749,0.8800),
      ["LeftUpperArm"] = CFrame.new(0.0341,-0.8724,-0.5561,0.0244,0.0648,-0.9976,-0.9582,-0.2831,-0.0418,-0.2852,0.9569,0.0552),
      ["LeftLowerArm"] = CFrame.new(0.0000,0.0000,0.0000,1.0000,-0.0000,0.0000,0.0000,0.0051,-1.0000,0.0000,1.0000,0.0051),
      ["LeftHand"] = CFrame.new(0.0000,0.0000,0.0000,1.0000,0.0000,0.0000,0.0000,1.0000,0.0000,0.0000,0.0000,1.0000),
      ["RightUpperArm"] = CFrame.new(-0.0341,-0.8724,-0.5561,0.0244,-0.0648,0.9976,0.9582,-0.2831,-0.0418,0.2852,0.9569,0.0552),
      ["RightLowerArm"] = CFrame.new(0.0000,0.0000,0.0000,1.0000,-0.0000,0.0000,0.0000,0.0051,-1.0000,0.0000,1.0000,0.0051),
      ["RightHand"] = CFrame.new(0.0000,0.0000,0.0000,1.0000,0.0000,0.0000,0.0000,1.0000,0.0000,0.0000,0.0000,1.0000),
      ["Head"] = CFrame.new(-2.8320,-1.4206,0.9610,1.0000,-0.0010,-0.0098,-0.0032,0.9084,-0.4181,0.0093,0.4182,0.9083),
      ["RightUpperLeg"] = CFrame.new(-0.0437,-0.2306,0.0675,0.5123,-0.4074,-0.7560,0.0188,0.8855,-0.4643,0.8586,0.2236,0.4613),
      ["RightLowerLeg"] = CFrame.new(0.0000,-0.0007,0.0000,1.0000,-0.0000,0.0000,0.0000,0.2977,0.9547,-0.0000,-0.9547,0.2977),
      ["RightFoot"] = CFrame.new(0.0000,0.0000,0.0000,0.9909,-0.1149,-0.0708,0.1173,0.9926,0.0305,0.0667,-0.0385,0.9970),
      ["LeftUpperLeg"] = CFrame.new(-0.1264,-0.4458,0.1062,0.0581,0.3544,0.9333,0.9845,0.1347,-0.1124,-0.1655,0.9254,-0.3411),
      ["LeftLowerLeg"] = CFrame.new(0.0000,-0.0007,0.0000,1.0000,-0.0000,0.0000,-0.0000,-0.3325,0.9431,0.0000,-0.9431,-0.3325),
      ["LeftFoot"] = CFrame.new(0.0000,0.0000,0.0000,0.9794,0.0877,0.1821,-0.1360,0.9524,0.2727,-0.1495,-0.2919,0.9447),
    }},
    {Time = 0.967, Data = {
      ["HumanoidRootPart"] = CFrame.new(0.0000,0.0000,0.0000,1.0000,0.0000,0.0000,0.0000,1.0000,0.0000,0.0000,0.0000,1.0000),
      ["LowerTorso"] = CFrame.new(0.0000,1.1215,0.0000,1.0000,-0.0000,0.0000,0.0000,1.0000,-0.0000,0.0000,0.0000,1.0000),
      ["UpperTorso"] = CFrame.new(0.0000,-0.1135,0.1976,1.0000,-0.0000,0.0000,0.0000,0.8784,0.4780,-0.0000,-0.4780,0.8784),
      ["LeftUpperArm"] = CFrame.new(0.0341,-0.8724,-0.5561,0.0244,0.0648,-0.9976,-0.9582,-0.2831,-0.0418,-0.2852,0.9569,0.0552),
      ["LeftLowerArm"] = CFrame.new(0.0000,0.0000,0.0000,1.0000,-0.0000,0.0000,0.0000,0.0051,-1.0000,0.0000,1.0000,0.0051),
      ["LeftHand"] = CFrame.new(0.0000,0.0000,0.0000,1.0000,0.0000,0.0000,0.0000,1.0000,0.0000,0.0000,0.0000,1.0000),
      ["RightUpperArm"] = CFrame.new(-0.0341,-0.8724,-0.5561,0.0244,-0.0648,0.9976,0.9582,-0.2831,-0.0418,0.2852,0.9569,0.0552),
      ["RightLowerArm"] = CFrame.new(0.0000,0.0000,0.0000,1.0000,-0.0000,0.0000,0.0000,0.0051,-1.0000,0.0000,1.0000,0.0051),
      ["RightHand"] = CFrame.new(0.0000,0.0000,0.0000,1.0000,0.0000,0.0000,0.0000,1.0000,0.0000,0.0000,0.0000,1.0000),
      ["Head"] = CFrame.new(-2.9565,-1.2122,0.6769,1.0000,-0.0008,-0.0088,-0.0029,0.9119,-0.4105,0.0084,0.4105,0.9118),
      ["RightUpperLeg"] = CFrame.new(-0.0437,-0.2246,0.0675,0.5149,-0.4112,-0.7522,0.0183,0.8825,-0.4699,0.8571,0.2281,0.4619),
      ["RightLowerLeg"] = CFrame.new(0.0000,-0.0007,0.0000,1.0000,-0.0000,0.0000,0.0000,0.2848,0.9586,-0.0000,-0.9586,0.2848),
      ["RightFoot"] = CFrame.new(0.0000,0.0000,0.0000,0.9913,-0.1128,-0.0685,0.1144,0.9932,0.0195,0.0658,-0.0271,0.9975),
      ["LeftUpperLeg"] = CFrame.new(-0.1264,-0.4458,0.1062,0.0569,0.3546,0.9333,0.9853,0.1308,-0.1098,-0.1610,0.9258,-0.3419),
      ["LeftLowerLeg"] = CFrame.new(0.0000,-0.0007,0.0000,1.0000,-0.0000,0.0000,-0.0000,-0.3328,0.9430,0.0000,-0.9430,-0.3328),
      ["LeftFoot"] = CFrame.new(0.0000,0.0000,0.0000,0.9793,0.0877,0.1827,-0.1363,0.9522,0.2734,-0.1499,-0.2927,0.9444),
    }},
    {Time = 1.000, Data = {
      ["HumanoidRootPart"] = CFrame.new(0.0000,0.0000,0.0000,1.0000,0.0000,0.0000,0.0000,1.0000,0.0000,0.0000,0.0000,1.0000),
      ["LowerTorso"] = CFrame.new(0.0000,1.1416,0.0000,1.0000,-0.0000,0.0000,0.0000,1.0000,-0.0000,0.0000,0.0000,1.0000),
      ["UpperTorso"] = CFrame.new(0.0000,-0.1087,0.1976,1.0000,-0.0000,0.0000,0.0000,0.8770,0.4805,-0.0000,-0.4805,0.8770),
      ["LeftUpperArm"] = CFrame.new(0.0341,-0.8724,-0.5561,0.0244,0.0648,-0.9976,-0.9582,-0.2831,-0.0418,-0.2852,0.9569,0.0552),
      ["LeftLowerArm"] = CFrame.new(0.0000,0.0000,0.0000,1.0000,-0.0000,0.0000,0.0000,0.0051,-1.0000,0.0000,1.0000,0.0051),
      ["LeftHand"] = CFrame.new(0.0000,0.0000,0.0000,1.0000,0.0000,0.0000,0.0000,1.0000,0.0000,0.0000,0.0000,1.0000),
      ["RightUpperArm"] = CFrame.new(-0.0341,-0.8724,-0.5561,0.0244,-0.0648,0.9976,0.9582,-0.2831,-0.0418,0.2852,0.9569,0.0552),
      ["RightLowerArm"] = CFrame.new(0.0000,0.0000,0.0000,1.0000,-0.0000,0.0000,0.0000,0.0051,-1.0000,0.0000,1.0000,0.0051),
      ["RightHand"] = CFrame.new(0.0000,0.0000,0.0000,1.0000,0.0000,0.0000,0.0000,1.0000,0.0000,0.0000,0.0000,1.0000),
      ["Head"] = CFrame.new(-3.0000,-0.9979,0.3847,1.0000,-0.0007,-0.0078,-0.0025,0.9154,-0.4026,0.0074,0.4026,0.9153),
      ["RightUpperLeg"] = CFrame.new(-0.0437,-0.2183,0.0675,0.5174,-0.4151,-0.7483,0.0179,0.8795,-0.4755,0.8556,0.2327,0.4624),
      ["RightLowerLeg"] = CFrame.new(0.0000,-0.0007,0.0000,1.0000,-0.0000,0.0000,0.0000,0.2717,0.9624,-0.0000,-0.9624,0.2717),
      ["RightFoot"] = CFrame.new(0.0000,0.0000,0.0000,0.9918,-0.1098,-0.0653,0.1105,0.9938,0.0072,0.0641,-0.0144,0.9978),
      ["LeftUpperLeg"] = CFrame.new(-0.1264,-0.4458,0.1062,0.0555,0.3548,0.9333,0.9862,0.1266,-0.1068,-0.1560,0.9264,-0.3428),
      ["LeftLowerLeg"] = CFrame.new(0.0000,-0.0007,0.0000,1.0000,-0.0000,0.0000,-0.0000,-0.3338,0.9426,0.0000,-0.9426,-0.3338),
      ["LeftFoot"] = CFrame.new(0.0000,0.0000,0.0000,0.9789,0.0883,0.1840,-0.1372,0.9521,0.2731,-0.1511,-0.2926,0.9442),
    }},
    {Time = 1.033, Data = {
      ["HumanoidRootPart"] = CFrame.new(0.0000,0.0000,0.0000,1.0000,0.0000,0.0000,0.0000,1.0000,0.0000,0.0000,0.0000,1.0000),
      ["LowerTorso"] = CFrame.new(0.0000,1.1620,0.0000,1.0000,-0.0000,0.0000,0.0000,1.0000,-0.0000,0.0000,0.0000,1.0000),
      ["UpperTorso"] = CFrame.new(0.0000,-0.1035,0.1976,1.0000,-0.0000,0.0000,0.0000,0.8759,0.4824,-0.0000,-0.4824,0.8759),
      ["LeftUpperArm"] = CFrame.new(0.0341,-0.8724,-0.5561,0.0244,0.0648,-0.9976,-0.9582,-0.2831,-0.0418,-0.2852,0.9569,0.0552),
      ["LeftLowerArm"] = CFrame.new(0.0000,0.0000,0.0000,1.0000,-0.0000,0.0000,0.0000,0.0051,-1.0000,0.0000,1.0000,0.0051),
      ["LeftHand"] = CFrame.new(0.0000,0.0000,0.0000,1.0000,0.0000,0.0000,0.0000,1.0000,0.0000,0.0000,0.0000,1.0000),
      ["RightUpperArm"] = CFrame.new(-0.0341,-0.8724,-0.5561,0.0244,-0.0648,0.9976,0.9582,-0.2831,-0.0418,0.2852,0.9569,0.0552),
      ["RightLowerArm"] = CFrame.new(0.0000,0.0000,0.0000,1.0000,-0.0000,0.0000,0.0000,0.0051,-1.0000,0.0000,1.0000,0.0051),
      ["RightHand"] = CFrame.new(0.0000,0.0000,0.0000,1.0000,0.0000,0.0000,0.0000,1.0000,0.0000,0.0000,0.0000,1.0000),
      ["Head"] = CFrame.new(-2.9657,-0.7817,0.0899,1.0000,-0.0006,-0.0068,-0.0021,0.9188,-0.3946,0.0064,0.3946,0.9188),
      ["RightUpperLeg"] = CFrame.new(-0.0437,-0.2120,0.0675,0.5191,-0.4193,-0.7448,0.0175,0.8765,-0.4812,0.8545,0.2367,0.4623),
      ["RightLowerLeg"] = CFrame.new(0.0000,-0.0007,0.0000,1.0000,-0.0000,0.0000,0.0000,0.2585,0.9660,-0.0000,-0.9660,0.2585),
      ["RightFoot"] = CFrame.new(0.0000,0.0000,0.0000,0.9929,-0.1028,-0.0592,0.1026,0.9947,-0.0064,0.0595,0.0003,0.9982),
      ["LeftUpperLeg"] = CFrame.new(-0.1264,-0.4458,0.1062,0.0537,0.3548,0.9334,0.9872,0.1220,-0.1032,-0.1505,0.9269,-0.3437),
      ["LeftLowerLeg"] = CFrame.new(0.0000,-0.0007,0.0000,1.0000,-0.0000,0.0000,-0.0000,-0.3354,0.9421,0.0000,-0.9421,-0.3354),
      ["LeftFoot"] = CFrame.new(0.0000,0.0000,0.0000,0.9785,0.0892,0.1861,-0.1386,0.9522,0.2721,-0.1530,-0.2920,0.9441),
    }},
    {Time = 1.067, Data = {
      ["HumanoidRootPart"] = CFrame.new(0.0000,0.0000,0.0000,1.0000,0.0000,0.0000,0.0000,1.0000,0.0000,0.0000,0.0000,1.0000),
      ["LowerTorso"] = CFrame.new(0.0000,1.1821,0.0000,1.0000,-0.0000,0.0000,0.0000,1.0000,-0.0000,0.0000,0.0000,1.0000),
      ["UpperTorso"] = CFrame.new(0.0000,-0.0981,0.1976,1.0000,-0.0000,0.0000,0.0000,0.8753,0.4836,-0.0000,-0.4836,0.8753),
      ["LeftUpperArm"] = CFrame.new(0.0341,-0.8724,-0.5561,0.0244,0.0648,-0.9976,-0.9582,-0.2831,-0.0418,-0.2852,0.9569,0.0552),
      ["LeftLowerArm"] = CFrame.new(0.0000,0.0000,0.0000,1.0000,-0.0000,0.0000,0.0000,0.0051,-1.0000,0.0000,1.0000,0.0051),
      ["LeftHand"] = CFrame.new(0.0000,0.0000,0.0000,1.0000,0.0000,0.0000,0.0000,1.0000,0.0000,0.0000,0.0000,1.0000),
      ["RightUpperArm"] = CFrame.new(-0.0341,-0.8724,-0.5561,0.0244,-0.0648,0.9976,0.9582,-0.2831,-0.0418,0.2852,0.9569,0.0552),
      ["RightLowerArm"] = CFrame.new(0.0000,0.0000,0.0000,1.0000,-0.0000,0.0000,0.0000,0.0051,-1.0000,0.0000,1.0000,0.0051),
      ["RightHand"] = CFrame.new(0.0000,0.0000,0.0000,1.0000,0.0000,0.0000,0.0000,1.0000,0.0000,0.0000,0.0000,1.0000),
      ["Head"] = CFrame.new(-2.8666,-0.5674,-0.2022,1.0000,-0.0005,-0.0057,-0.0018,0.9222,-0.3867,0.0055,0.3867,0.9222),
      ["RightUpperLeg"] = CFrame.new(-0.0437,-0.2058,0.0675,0.5202,-0.4236,-0.7416,0.0174,0.8734,-0.4867,0.8539,0.2403,0.4617),
      ["RightLowerLeg"] = CFrame.new(0.0000,-0.0007,0.0000,1.0000,-0.0000,0.0000,0.0000,0.2455,0.9694,-0.0000,-0.9694,0.2455),
      ["RightFoot"] = CFrame.new(0.0000,0.0000,0.0000,0.9945,-0.0919,-0.0505,0.0910,0.9956,-0.0210,0.0522,0.0163,0.9985),
      ["LeftUpperLeg"] = CFrame.new(-0.1264,-0.4458,0.1062,0.0517,0.3548,0.9335,0.9881,0.1172,-0.0993,-0.1447,0.9276,-0.3446),
      ["LeftLowerLeg"] = CFrame.new(0.0000,-0.0007,0.0000,1.0000,-0.0000,0.0000,-0.0000,-0.3373,0.9414,0.0000,-0.9414,-0.3373),
      ["LeftFoot"] = CFrame.new(0.0000,0.0000,0.0000,0.9779,0.0905,0.1887,-0.1403,0.9525,0.2703,-0.1553,-0.2908,0.9441),
    }},
    {Time = 1.100, Data = {
      ["HumanoidRootPart"] = CFrame.new(0.0000,0.0000,0.0000,1.0000,0.0000,0.0000,0.0000,1.0000,0.0000,0.0000,0.0000,1.0000),
      ["LowerTorso"] = CFrame.new(0.0000,1.2017,0.0000,1.0000,-0.0000,0.0000,0.0000,1.0000,-0.0000,0.0000,0.0000,1.0000),
      ["UpperTorso"] = CFrame.new(0.0000,-0.0925,0.1976,1.0000,-0.0000,0.0000,0.0000,0.8750,0.4840,-0.0000,-0.4840,0.8750),
      ["LeftUpperArm"] = CFrame.new(0.0341,-0.8724,-0.5561,0.0244,0.0648,-0.9976,-0.9582,-0.2831,-0.0418,-0.2852,0.9569,0.0552),
      ["LeftLowerArm"] = CFrame.new(0.0000,0.0000,0.0000,1.0000,-0.0000,0.0000,0.0000,0.0051,-1.0000,0.0000,1.0000,0.0051),
      ["LeftHand"] = CFrame.new(0.0000,0.0000,0.0000,1.0000,0.0000,0.0000,0.0000,1.0000,0.0000,0.0000,0.0000,1.0000),
      ["RightUpperArm"] = CFrame.new(-0.0341,-0.8724,-0.5561,0.0244,-0.0648,0.9976,0.9582,-0.2831,-0.0418,0.2852,0.9569,0.0552),
      ["RightLowerArm"] = CFrame.new(0.0000,0.0000,0.0000,1.0000,-0.0000,0.0000,0.0000,0.0051,-1.0000,0.0000,1.0000,0.0051),
      ["RightHand"] = CFrame.new(0.0000,0.0000,0.0000,1.0000,0.0000,0.0000,0.0000,1.0000,0.0000,0.0000,0.0000,1.0000),
      ["Head"] = CFrame.new(-2.7085,-0.3590,-0.4863,1.0000,-0.0004,-0.0047,-0.0014,0.9254,-0.3789,0.0045,0.3789,0.9254),
      ["RightUpperLeg"] = CFrame.new(-0.0437,-0.1997,0.0675,0.5208,-0.4279,-0.7387,0.0173,0.8704,-0.4920,0.8535,0.2434,0.4607),
      ["RightLowerLeg"] = CFrame.new(0.0000,-0.0007,0.0000,1.0000,-0.0000,0.0000,0.0000,0.2329,0.9725,-0.0000,-0.9725,0.2329),
      ["RightFoot"] = CFrame.new(0.0000,0.0000,0.0000,0.9961,-0.0781,-0.0400,0.0767,0.9964,-0.0361,0.0427,0.0329,0.9985),
      ["LeftUpperLeg"] = CFrame.new(-0.1264,-0.4458,0.1062,0.0496,0.3548,0.9336,0.9891,0.1123,-0.0953,-0.1387,0.9282,-0.3454),
      ["LeftLowerLeg"] = CFrame.new(0.0000,-0.0007,0.0000,1.0000,-0.0000,0.0000,-0.0000,-0.3396,0.9406,0.0000,-0.9406,-0.3396),
      ["LeftFoot"] = CFrame.new(0.0000,0.0000,0.0000,0.9772,0.0919,0.1915,-0.1422,0.9529,0.2681,-0.1578,-0.2892,0.9442),
    }},
    {Time = 1.133, Data = {
      ["HumanoidRootPart"] = CFrame.new(0.0000,0.0000,0.0000,1.0000,0.0000,0.0000,0.0000,1.0000,0.0000,0.0000,0.0000,1.0000),
      ["LowerTorso"] = CFrame.new(0.0000,1.2204,0.0000,1.0000,-0.0000,0.0000,0.0000,1.0000,-0.0000,0.0000,0.0000,1.0000),
      ["UpperTorso"] = CFrame.new(0.0000,-0.0868,0.1976,1.0000,-0.0000,0.0000,0.0000,0.8752,0.4838,-0.0000,-0.4838,0.8752),
      ["LeftUpperArm"] = CFrame.new(0.0341,-0.8724,-0.5561,0.0244,0.0648,-0.9976,-0.9582,-0.2831,-0.0418,-0.2852,0.9569,0.0552),
      ["LeftLowerArm"] = CFrame.new(0.0000,0.0000,0.0000,1.0000,-0.0000,0.0000,0.0000,0.0051,-1.0000,0.0000,1.0000,0.0051),
      ["LeftHand"] = CFrame.new(0.0000,0.0000,0.0000,1.0000,0.0000,0.0000,0.0000,1.0000,0.0000,0.0000,0.0000,1.0000),
      ["RightUpperArm"] = CFrame.new(-0.0341,-0.8724,-0.5561,0.0244,-0.0648,0.9976,0.9582,-0.2831,-0.0418,0.2852,0.9569,0.0552),
      ["RightLowerArm"] = CFrame.new(0.0000,0.0000,0.0000,1.0000,-0.0000,0.0000,0.0000,0.0051,-1.0000,0.0000,1.0000,0.0051),
      ["RightHand"] = CFrame.new(0.0000,0.0000,0.0000,1.0000,0.0000,0.0000,0.0000,1.0000,0.0000,0.0000,0.0000,1.0000),
      ["Head"] = CFrame.new(-2.4969,-0.1604,-0.7570,1.0000,-0.0003,-0.0038,-0.0011,0.9284,-0.3715,0.0036,0.3715,0.9284),
      ["RightUpperLeg"] = CFrame.new(-0.0437,-0.1939,0.0675,0.5211,-0.4320,-0.7361,0.0174,0.8676,-0.4969,0.8533,0.2462,0.4596),
      ["RightLowerLeg"] = CFrame.new(0.0000,-0.0007,0.0000,1.0000,-0.0000,0.0000,0.0000,0.2210,0.9753,-0.0000,-0.9753,0.2210),
      ["RightFoot"] = CFrame.new(0.0000,0.0000,0.0000,0.9977,-0.0622,-0.0286,0.0606,0.9968,-0.0515,0.0317,0.0496,0.9983),
      ["LeftUpperLeg"] = CFrame.new(-0.1264,-0.4458,0.1062,0.0475,0.3547,0.9338,0.9900,0.1074,-0.0912,-0.1326,0.9288,-0.3461),
      ["LeftLowerLeg"] = CFrame.new(0.0000,-0.0007,0.0000,1.0000,-0.0000,0.0000,-0.0000,-0.3421,0.9397,0.0000,-0.9397,-0.3421),
      ["LeftFoot"] = CFrame.new(0.0000,0.0000,0.0000,0.9765,0.0935,0.1944,-0.1441,0.9533,0.2654,-0.1605,-0.2872,0.9443),
    }},
    {Time = 1.167, Data = {
      ["HumanoidRootPart"] = CFrame.new(0.0000,0.0000,0.0000,1.0000,0.0000,0.0000,0.0000,1.0000,0.0000,0.0000,0.0000,1.0000),
      ["LowerTorso"] = CFrame.new(0.0000,1.2378,0.0000,1.0000,-0.0000,0.0000,0.0000,1.0000,-0.0000,0.0000,0.0000,1.0000),
      ["UpperTorso"] = CFrame.new(0.0000,-0.0811,0.1976,1.0000,-0.0000,0.0000,0.0000,0.8756,0.4830,-0.0000,-0.4830,0.8756),
      ["LeftUpperArm"] = CFrame.new(0.0341,-0.8724,-0.5561,0.0244,0.0648,-0.9976,-0.9582,-0.2831,-0.0418,-0.2852,0.9569,0.0552),
      ["LeftLowerArm"] = CFrame.new(0.0000,0.0000,0.0000,1.0000,-0.0000,0.0000,0.0000,0.0051,-1.0000,0.0000,1.0000,0.0051),
      ["LeftHand"] = CFrame.new(0.0000,0.0000,0.0000,1.0000,0.0000,0.0000,0.0000,1.0000,0.0000,0.0000,0.0000,1.0000),
      ["RightUpperArm"] = CFrame.new(-0.0341,-0.8724,-0.5561,0.0244,-0.0648,0.9976,0.9582,-0.2831,-0.0418,0.2852,0.9569,0.0552),
      ["RightLowerArm"] = CFrame.new(0.0000,0.0000,0.0000,1.0000,-0.0000,0.0000,0.0000,0.0051,-1.0000,0.0000,1.0000,0.0051),
      ["RightHand"] = CFrame.new(0.0000,0.0000,0.0000,1.0000,0.0000,0.0000,0.0000,1.0000,0.0000,0.0000,0.0000,1.0000),
      ["Head"] = CFrame.new(-2.2377,0.0244,-1.0090,1.0000,-0.0002,-0.0029,-0.0009,0.9312,-0.3646,0.0028,0.3646,0.9312),
      ["RightUpperLeg"] = CFrame.new(-0.0437,-0.1886,0.0675,0.5212,-0.4359,-0.7337,0.0174,0.8650,-0.5015,0.8533,0.2486,0.4584),
      ["RightLowerLeg"] = CFrame.new(0.0000,-0.0007,0.0000,1.0000,-0.0000,0.0000,0.0000,0.2099,0.9777,-0.0000,-0.9777,0.2099),
      ["RightFoot"] = CFrame.new(0.0000,0.0000,0.0000,0.9988,-0.0450,-0.0168,0.0438,0.9968,-0.0665,0.0198,0.0657,0.9976),
      ["LeftUpperLeg"] = CFrame.new(-0.1264,-0.4458,0.1062,0.0456,0.3545,0.9339,0.9909,0.1026,-0.0873,-0.1267,0.9294,-0.3466),
      ["LeftLowerLeg"] = CFrame.new(0.0000,-0.0007,0.0000,1.0000,-0.0000,0.0000,-0.0000,-0.3447,0.9387,0.0000,-0.9387,-0.3447),
      ["LeftFoot"] = CFrame.new(0.0000,0.0000,0.0000,0.9758,0.0951,0.1971,-0.1459,0.9539,0.2624,-0.1631,-0.2848,0.9446),
    }},
    {Time = 1.200, Data = {
      ["HumanoidRootPart"] = CFrame.new(0.0000,0.0000,0.0000,1.0000,0.0000,0.0000,0.0000,1.0000,0.0000,0.0000,0.0000,1.0000),
      ["LowerTorso"] = CFrame.new(0.0000,1.2536,0.0000,1.0000,-0.0000,0.0000,0.0000,1.0000,-0.0000,0.0000,0.0000,1.0000),
      ["UpperTorso"] = CFrame.new(0.0000,-0.0756,0.1976,1.0000,-0.0000,0.0000,0.0000,0.8764,0.4816,-0.0000,-0.4816,0.8764),
      ["LeftUpperArm"] = CFrame.new(0.0341,-0.8724,-0.5561,0.0244,0.0648,-0.9976,-0.9582,-0.2831,-0.0418,-0.2852,0.9569,0.0552),
      ["LeftLowerArm"] = CFrame.new(0.0000,0.0000,0.0000,1.0000,-0.0000,0.0000,0.0000,0.0051,-1.0000,0.0000,1.0000,0.0051),
      ["LeftHand"] = CFrame.new(0.0000,0.0000,0.0000,1.0000,0.0000,0.0000,0.0000,1.0000,0.0000,0.0000,0.0000,1.0000),
      ["RightUpperArm"] = CFrame.new(-0.0341,-0.8724,-0.5561,0.0244,-0.0648,0.9976,0.9582,-0.2831,-0.0418,0.2852,0.9569,0.0552),
      ["RightLowerArm"] = CFrame.new(0.0000,0.0000,0.0000,1.0000,-0.0000,0.0000,0.0000,0.0051,-1.0000,0.0000,1.0000,0.0051),
      ["RightHand"] = CFrame.new(0.0000,0.0000,0.0000,1.0000,0.0000,0.0000,0.0000,1.0000,0.0000,0.0000,0.0000,1.0000),
      ["Head"] = CFrame.new(-1.9365,0.1916,-1.2369,1.0000,-0.0001,-0.0021,-0.0006,0.9336,-0.3583,0.0020,0.3583,0.9336),
      ["RightUpperLeg"] = CFrame.new(-0.0437,-0.1837,0.0675,0.5212,-0.4394,-0.7316,0.0175,0.8626,-0.5056,0.8533,0.2507,0.4573),
      ["RightLowerLeg"] = CFrame.new(0.0000,-0.0007,0.0000,1.0000,-0.0000,0.0000,0.0000,0.2000,0.9798,-0.0000,-0.9798,0.2000),
      ["RightFoot"] = CFrame.new(0.0000,0.0000,0.0000,0.9996,-0.0276,-0.0055,0.0271,0.9964,-0.0807,0.0077,0.0805,0.9967),
      ["LeftUpperLeg"] = CFrame.new(-0.1264,-0.4458,0.1062,0.0439,0.3543,0.9341,0.9917,0.0979,-0.0837,-0.1211,0.9300,-0.3470),
      ["LeftLowerLeg"] = CFrame.new(0.0000,-0.0007,0.0000,1.0000,-0.0000,0.0000,-0.0000,-0.3475,0.9377,0.0000,-0.9377,-0.3475),
      ["LeftFoot"] = CFrame.new(0.0000,0.0000,0.0000,0.9751,0.0965,0.1995,-0.1475,0.9545,0.2593,-0.1654,-0.2822,0.9450),
    }},
    {Time = 1.233, Data = {
      ["HumanoidRootPart"] = CFrame.new(0.0000,0.0000,0.0000,1.0000,0.0000,0.0000,0.0000,1.0000,0.0000,0.0000,0.0000,1.0000),
      ["LowerTorso"] = CFrame.new(0.0000,1.2673,0.0000,1.0000,-0.0000,0.0000,0.0000,1.0000,-0.0000,0.0000,0.0000,1.0000),
      ["UpperTorso"] = CFrame.new(0.0000,-0.0703,0.1976,1.0000,-0.0000,0.0000,0.0000,0.8774,0.4798,-0.0000,-0.4798,0.8774),
      ["LeftUpperArm"] = CFrame.new(0.0341,-0.8724,-0.5561,0.0244,0.0648,-0.9976,-0.9582,-0.2831,-0.0418,-0.2852,0.9569,0.0552),
      ["LeftLowerArm"] = CFrame.new(0.0000,0.0000,0.0000,1.0000,-0.0000,0.0000,0.0000,0.0051,-1.0000,0.0000,1.0000,0.0051),
      ["LeftHand"] = CFrame.new(0.0000,0.0000,0.0000,1.0000,0.0000,0.0000,0.0000,1.0000,0.0000,0.0000,0.0000,1.0000),
      ["RightUpperArm"] = CFrame.new(-0.0341,-0.8724,-0.5561,0.0244,-0.0648,0.9976,0.9582,-0.2831,-0.0418,0.2852,0.9569,0.0552),
      ["RightLowerArm"] = CFrame.new(0.0000,0.0000,0.0000,1.0000,-0.0000,0.0000,0.0000,0.0051,-1.0000,0.0000,1.0000,0.0051),
      ["RightHand"] = CFrame.new(0.0000,0.0000,0.0000,1.0000,0.0000,0.0000,0.0000,1.0000,0.0000,0.0000,0.0000,1.0000),
      ["Head"] = CFrame.new(-1.5989,0.3372,-1.4354,1.0000,-0.0001,-0.0014,-0.0004,0.9357,-0.3529,0.0013,0.3529,0.9357),
      ["RightUpperLeg"] = CFrame.new(-0.0437,-0.1794,0.0675,0.5212,-0.4424,-0.7298,0.0176,0.8605,-0.5091,0.8533,0.2525,0.4563),
      ["RightLowerLeg"] = CFrame.new(0.0000,-0.0007,0.0000,1.0000,-0.0000,0.0000,0.0000,0.1914,0.9815,-0.0000,-0.9815,0.1914),
      ["RightFoot"] = CFrame.new(0.0000,0.0000,0.0000,0.9999,-0.0110,0.0049,0.0114,0.9955,-0.0936,-0.0039,0.0937,0.9956),
      ["LeftUpperLeg"] = CFrame.new(-0.1264,-0.4458,0.1062,0.0426,0.3540,0.9343,0.9924,0.0934,-0.0806,-0.1158,0.9306,-0.3473),
      ["LeftLowerLeg"] = CFrame.new(0.0000,-0.0007,0.0000,1.0000,-0.0000,0.0000,-0.0000,-0.3503,0.9367,0.0000,-0.9367,-0.3503),
      ["LeftFoot"] = CFrame.new(0.0000,0.0000,0.0000,0.9746,0.0978,0.2013,-0.1487,0.9552,0.2560,-0.1672,-0.2795,0.9455),
    }},
    {Time = 1.267, Data = {
      ["HumanoidRootPart"] = CFrame.new(0.0000,0.0000,0.0000,1.0000,0.0000,0.0000,0.0000,1.0000,0.0000,0.0000,0.0000,1.0000),
      ["LowerTorso"] = CFrame.new(0.0000,1.2786,0.0000,1.0000,-0.0000,0.0000,0.0000,1.0000,-0.0000,0.0000,0.0000,1.0000),
      ["UpperTorso"] = CFrame.new(0.0000,-0.0653,0.1976,1.0000,-0.0000,0.0000,0.0000,0.8786,0.4776,-0.0000,-0.4776,0.8786),
      ["LeftUpperArm"] = CFrame.new(0.0341,-0.8724,-0.5561,0.0244,0.0648,-0.9976,-0.9582,-0.2831,-0.0418,-0.2852,0.9569,0.0552),
      ["LeftLowerArm"] = CFrame.new(0.0000,0.0000,0.0000,1.0000,-0.0000,0.0000,0.0000,0.0051,-1.0000,0.0000,1.0000,0.0051),
      ["LeftHand"] = CFrame.new(0.0000,0.0000,0.0000,1.0000,0.0000,0.0000,0.0000,1.0000,0.0000,0.0000,0.0000,1.0000),
      ["RightUpperArm"] = CFrame.new(-0.0341,-0.8724,-0.5561,0.0244,-0.0648,0.9976,0.9582,-0.2831,-0.0418,0.2852,0.9569,0.0552),
      ["RightLowerArm"] = CFrame.new(0.0000,0.0000,0.0000,1.0000,-0.0000,0.0000,0.0000,0.0051,-1.0000,0.0000,1.0000,0.0051),
      ["RightHand"] = CFrame.new(0.0000,0.0000,0.0000,1.0000,0.0000,0.0000,0.0000,1.0000,0.0000,0.0000,0.0000,1.0000),
      ["Head"] = CFrame.new(-1.2308,0.4573,-1.5991,1.0000,-0.0001,-0.0008,-0.0002,0.9374,-0.3483,0.0008,0.3483,0.9374),
      ["RightUpperLeg"] = CFrame.new(-0.0437,-0.1759,0.0675,0.5212,-0.4449,-0.7283,0.0176,0.8588,-0.5120,0.8533,0.2540,0.4554),
      ["RightLowerLeg"] = CFrame.new(0.0000,-0.0007,0.0000,1.0000,-0.0000,0.0000,0.0000,0.1843,0.9829,-0.0000,-0.9829,0.1843),
      ["RightFoot"] = CFrame.new(0.0000,0.0000,0.0000,0.9999,0.0038,0.0138,-0.0023,0.9945,-0.1047,-0.0141,0.1046,0.9944),
      ["LeftUpperLeg"] = CFrame.new(-0.1264,-0.4458,0.1062,0.0419,0.3536,0.9344,0.9929,0.0892,-0.0783,-0.1111,0.9311,-0.3474),
      ["LeftLowerLeg"] = CFrame.new(0.0000,-0.0007,0.0000,1.0000,-0.0000,0.0000,-0.0000,-0.3530,0.9356,0.0000,-0.9356,-0.3530),
      ["LeftFoot"] = CFrame.new(0.0000,0.0000,0.0000,0.9743,0.0987,0.2023,-0.1494,0.9559,0.2528,-0.1684,-0.2765,0.9461),
    }},
    {Time = 1.300, Data = {
      ["HumanoidRootPart"] = CFrame.new(0.0000,0.0000,0.0000,1.0000,0.0000,0.0000,0.0000,1.0000,0.0000,0.0000,0.0000,1.0000),
      ["LowerTorso"] = CFrame.new(0.0000,1.2871,0.0000,1.0000,-0.0000,0.0000,0.0000,1.0000,-0.0000,0.0000,0.0000,1.0000),
      ["UpperTorso"] = CFrame.new(0.0000,-0.0607,0.1976,1.0000,-0.0000,0.0000,0.0000,0.8800,0.4749,-0.0000,-0.4749,0.8800),
      ["LeftUpperArm"] = CFrame.new(0.0341,-0.8724,-0.5561,0.0244,0.0648,-0.9976,-0.9582,-0.2831,-0.0418,-0.2852,0.9569,0.0552),
      ["LeftLowerArm"] = CFrame.new(0.0000,0.0000,0.0000,1.0000,-0.0000,0.0000,0.0000,0.0051,-1.0000,0.0000,1.0000,0.0051),
      ["LeftHand"] = CFrame.new(0.0000,0.0000,0.0000,1.0000,0.0000,0.0000,0.0000,1.0000,0.0000,0.0000,0.0000,1.0000),
      ["RightUpperArm"] = CFrame.new(-0.0341,-0.8724,-0.5561,0.0244,-0.0648,0.9976,0.9582,-0.2831,-0.0418,0.2852,0.9569,0.0552),
      ["RightLowerArm"] = CFrame.new(0.0000,0.0000,0.0000,1.0000,-0.0000,0.0000,0.0000,0.0051,-1.0000,0.0000,1.0000,0.0051),
      ["RightHand"] = CFrame.new(0.0000,0.0000,0.0000,1.0000,0.0000,0.0000,0.0000,1.0000,0.0000,0.0000,0.0000,1.0000),
      ["Head"] = CFrame.new(-0.8379,0.5479,-1.7226,1.0000,-0.0000,-0.0004,-0.0001,0.9386,-0.3449,0.0004,0.3449,0.9386),
      ["RightUpperLeg"] = CFrame.new(-0.0437,-0.1733,0.0675,0.5211,-0.4468,-0.7272,0.0177,0.8575,-0.5142,0.8533,0.2551,0.4548),
      ["RightLowerLeg"] = CFrame.new(0.0000,-0.0007,0.0000,1.0000,-0.0000,0.0000,0.0000,0.1789,0.9839,-0.0000,-0.9839,0.1789),
      ["RightFoot"] = CFrame.new(0.0000,0.0000,0.0000,0.9997,0.0157,0.0208,-0.0132,0.9935,-0.1133,-0.0224,0.1130,0.9933),
      ["LeftUpperLeg"] = CFrame.new(-0.1264,-0.4458,0.1062,0.0419,0.3532,0.9346,0.9934,0.0855,-0.0768,-0.1070,0.9316,-0.3473),
      ["LeftLowerLeg"] = CFrame.new(0.0000,-0.0007,0.0000,1.0000,-0.0000,0.0000,-0.0000,-0.3557,0.9346,0.0000,-0.9346,-0.3557),
      ["LeftFoot"] = CFrame.new(0.0000,0.0000,0.0000,0.9743,0.0993,0.2023,-0.1493,0.9567,0.2497,-0.1688,-0.2735,0.9469),
    }},
    {Time = 1.333, Data = {
      ["HumanoidRootPart"] = CFrame.new(0.0000,0.0000,0.0000,1.0000,0.0000,0.0000,0.0000,1.0000,0.0000,0.0000,0.0000,1.0000),
      ["LowerTorso"] = CFrame.new(0.0000,1.2925,0.0000,1.0000,-0.0000,0.0000,0.0000,1.0000,-0.0000,0.0000,0.0000,1.0000),
      ["UpperTorso"] = CFrame.new(0.0000,-0.0567,0.1976,1.0000,-0.0000,0.0000,0.0000,0.8817,0.4718,-0.0000,-0.4718,0.8817),
      ["LeftUpperArm"] = CFrame.new(0.0341,-0.8724,-0.5561,0.0244,0.0648,-0.9976,-0.9582,-0.2831,-0.0418,-0.2852,0.9569,0.0552),
      ["LeftLowerArm"] = CFrame.new(0.0000,0.0000,0.0000,1.0000,-0.0000,0.0000,0.0000,0.0051,-1.0000,0.0000,1.0000,0.0051),
      ["LeftHand"] = CFrame.new(0.0000,0.0000,0.0000,1.0000,0.0000,0.0000,0.0000,1.0000,0.0000,0.0000,0.0000,1.0000),
      ["RightUpperArm"] = CFrame.new(-0.0341,-0.8724,-0.5561,0.0244,-0.0648,0.9976,0.9582,-0.2831,-0.0418,0.2852,0.9569,0.0552),
      ["RightLowerArm"] = CFrame.new(0.0000,0.0000,0.0000,1.0000,-0.0000,0.0000,0.0000,0.0051,-1.0000,0.0000,1.0000,0.0051),
      ["RightHand"] = CFrame.new(0.0000,0.0000,0.0000,1.0000,0.0000,0.0000,0.0000,1.0000,0.0000,0.0000,0.0000,1.0000),
      ["Head"] = CFrame.new(-0.4257,0.6051,-1.8007,1.0000,-0.0000,-0.0001,-0.0000,0.9394,-0.3428,0.0001,0.3428,0.9394),
      ["RightUpperLeg"] = CFrame.new(-0.0437,-0.1716,0.0675,0.5211,-0.4479,-0.7265,0.0177,0.8567,-0.5155,0.8533,0.2558,0.4544),
      ["RightLowerLeg"] = CFrame.new(0.0000,-0.0007,0.0000,1.0000,-0.0000,0.0000,0.0000,0.1756,0.9845,-0.0000,-0.9845,0.1756),
      ["RightFoot"] = CFrame.new(0.0000,0.0000,0.0000,0.9994,0.0236,0.0253,-0.0204,0.9927,-0.1189,-0.0279,0.1183,0.9926),
      ["LeftUpperLeg"] = CFrame.new(-0.1264,-0.4458,0.1062,0.0427,0.3527,0.9348,0.9937,0.0823,-0.0764,-0.1038,0.9321,-0.3470),
      ["LeftLowerLeg"] = CFrame.new(0.0000,-0.0007,0.0000,1.0000,-0.0000,0.0000,-0.0000,-0.3582,0.9336,0.0000,-0.9336,-0.3582),
      ["LeftFoot"] = CFrame.new(0.0000,0.0000,0.0000,0.9745,0.0992,0.2011,-0.1484,0.9576,0.2469,-0.1681,-0.2704,0.9479),
    }},
  }
}
