return {
  ["108985707207747"] = {
    {Time = 0.000, Data = {
      ["HumanoidRootPart"] = CFrame.new(0.0000,0.0000,0.0000,1.0000,0.0000,0.0000,0.0000,1.0000,0.0000,0.0000,0.0000,1.0000),
      ["LowerTorso"] = CFrame.new(0.0000,-0.5544,0.5000,1.0000,-0.0000,0.0000,-0.0000,-0.0695,0.9976,0.0000,-0.9976,-0.0695),
      ["UpperTorso"] = CFrame.new(0.0000,0.0000,0.0000,1.0000,-0.0000,0.0000,0.0000,0.9887,0.1502,-0.0000,-0.1502,0.9887),
      ["LeftUpperArm"] = CFrame.new(-0.0478,-0.6896,-0.2051,0.1718,0.6848,-0.7082,-0.9039,-0.1763,-0.3897,-0.3917,0.7071,0.5887),
      ["LeftLowerArm"] = CFrame.new(-0.0004,0.0002,0.0046,0.9894,0.0936,-0.1114,-0.0970,-0.1470,-0.9844,-0.1085,0.9847,-0.1363),
      ["LeftHand"] = CFrame.new(0.0005,0.0000,0.0000,1.0000,-0.0007,-0.0007,0.0007,1.0000,-0.0000,0.0007,-0.0000,1.0000),
      ["Head"] = CFrame.new(0.0000,0.0000,0.0000,1.0000,-0.0000,0.0000,0.0000,0.2343,-0.9722,0.0000,0.9722,0.2343),
      ["RightUpperArm"] = CFrame.new(0.1339,-0.7204,0.1178,-0.0006,-0.6548,0.7558,0.9674,0.1911,0.1664,-0.2534,0.7312,0.6333),
      ["RightLowerArm"] = CFrame.new(0.0000,0.0000,0.0044,1.0000,0.0033,0.0000,-0.0000,0.0090,-1.0000,-0.0033,1.0000,0.0090),
      ["RightHand"] = CFrame.new(0.0000,0.0000,0.0000,1.0000,0.0000,0.0000,0.0000,1.0000,0.0000,0.0000,0.0000,1.0000),
      ["LeftUpperLeg"] = CFrame.new(0.0000,0.0881,-0.0356,0.9491,0.1024,-0.2978,-0.1972,-0.5438,-0.8157,-0.2455,0.8329,-0.4959),
      ["LeftLowerLeg"] = CFrame.new(0.0000,0.0000,0.0000,1.0000,-0.0000,0.0000,-0.0000,-0.5385,0.8426,0.0000,-0.8426,-0.5385),
      ["LeftFoot"] = CFrame.new(0.0000,0.0000,0.0000,0.9491,-0.3065,-0.0723,0.1957,0.7541,-0.6269,0.2467,0.5809,0.7757),
      ["RightUpperLeg"] = CFrame.new(0.0000,0.0881,-0.0355,0.9711,-0.2086,0.1161,-0.0710,-0.7169,-0.6935,0.2279,0.6652,-0.7110),
      ["RightLowerLeg"] = CFrame.new(0.0000,0.0000,0.0000,1.0000,-0.0000,0.0000,-0.0000,-0.0683,0.9977,0.0000,-0.9977,-0.0683),
      ["RightFoot"] = CFrame.new(0.0000,0.0000,0.0000,0.9711,0.2323,0.0550,-0.1016,0.6108,-0.7852,-0.2160,0.7570,0.6167),
    }},
    {Time = 0.033, Data = {
      ["HumanoidRootPart"] = CFrame.new(0.0000,0.0000,0.0000,1.0000,0.0000,0.0000,0.0000,1.0000,0.0000,0.0000,0.0000,1.0000),
      ["LowerTorso"] = CFrame.new(0.0000,-0.6441,0.5000,1.0000,-0.0000,0.0000,0.0000,0.0262,0.9997,-0.0000,-0.9997,0.0262),
      ["UpperTorso"] = CFrame.new(0.0000,0.0000,0.0000,1.0000,-0.0000,0.0000,0.0000,0.9965,0.0835,-0.0000,-0.0835,0.9965),
      ["LeftUpperArm"] = CFrame.new(-0.2329,-0.6620,0.1844,-0.0030,0.4968,-0.8679,-0.9218,0.3351,0.1951,0.3878,0.8005,0.4569),
      ["LeftLowerArm"] = CFrame.new(-0.0004,0.0002,0.0046,0.9928,0.0924,-0.0760,-0.0954,0.2286,-0.9688,-0.0721,0.9691,0.2358),
      ["LeftHand"] = CFrame.new(0.0005,0.0000,0.0000,1.0000,-0.0007,-0.0007,0.0007,1.0000,-0.0000,0.0007,-0.0000,1.0000),
      ["Head"] = CFrame.new(0.0000,0.0000,0.0000,1.0000,-0.0000,0.0000,0.0000,0.3565,-0.9343,0.0000,0.9343,0.3565),
      ["RightUpperArm"] = CFrame.new(0.1905,-0.6808,0.1261,0.0813,-0.6313,0.7712,0.9594,0.2593,0.1112,-0.2702,0.7309,0.6268),
      ["RightLowerArm"] = CFrame.new(0.0000,0.0000,0.0044,1.0000,0.0032,-0.0005,-0.0000,-0.1490,-0.9888,-0.0033,0.9888,-0.1490),
      ["RightHand"] = CFrame.new(0.0000,0.0000,0.0000,1.0000,0.0000,0.0000,0.0000,1.0000,0.0000,0.0000,0.0000,1.0000),
      ["LeftUpperLeg"] = CFrame.new(0.0000,0.0833,-0.0331,0.9586,0.1830,-0.2184,-0.0267,-0.7053,-0.7084,-0.2837,0.6849,-0.6712),
      ["LeftLowerLeg"] = CFrame.new(0.0000,0.0000,0.0000,1.0000,-0.0000,0.0000,-0.0000,-0.4095,0.9123,0.0000,-0.9123,-0.4095),
      ["LeftFoot"] = CFrame.new(0.0000,0.0000,0.0000,0.9586,-0.2773,-0.0654,0.1242,0.6134,-0.7799,0.2564,0.7395,0.6225),
      ["RightUpperLeg"] = CFrame.new(0.0000,0.0833,-0.0330,0.9654,-0.2336,0.1156,-0.0261,-0.5279,-0.8489,0.2593,0.8165,-0.5158),
      ["RightLowerLeg"] = CFrame.new(0.0000,0.0000,0.0000,1.0000,-0.0000,0.0000,-0.0000,-0.1494,0.9888,0.0000,-0.9888,-0.1494),
      ["RightFoot"] = CFrame.new(0.0000,0.0000,0.0000,0.9654,0.2536,0.0601,-0.0794,0.5056,-0.8591,-0.2483,0.8246,0.5083),
    }},
    {Time = 0.067, Data = {
      ["HumanoidRootPart"] = CFrame.new(0.0000,0.0000,0.0000,1.0000,0.0000,0.0000,0.0000,1.0000,0.0000,0.0000,0.0000,1.0000),
      ["LowerTorso"] = CFrame.new(0.0000,-0.6550,0.5000,1.0000,-0.0000,0.0000,0.0000,0.1209,0.9927,-0.0000,-0.9927,0.1209),
      ["UpperTorso"] = CFrame.new(0.0000,0.0000,0.0000,1.0000,-0.0000,0.0000,0.0000,0.9985,-0.0555,0.0000,0.0555,0.9985),
      ["LeftUpperArm"] = CFrame.new(-0.3029,-0.5255,0.2670,-0.0032,0.0005,-1.0000,-0.8322,0.5545,0.0029,0.5545,0.8322,-0.0014),
      ["LeftLowerArm"] = CFrame.new(-0.0004,0.0002,0.0046,0.9994,0.0331,-0.0085,-0.0340,0.9397,-0.3404,-0.0032,0.3404,0.9403),
      ["LeftHand"] = CFrame.new(0.0005,0.0000,0.0000,1.0000,-0.0007,-0.0007,0.0007,1.0000,-0.0000,0.0007,-0.0000,1.0000),
      ["Head"] = CFrame.new(0.0000,0.0000,0.0000,1.0000,-0.0000,0.0000,0.0000,0.5022,-0.8647,0.0000,0.8647,0.5022),
      ["RightUpperArm"] = CFrame.new(0.1094,-0.5711,0.0119,0.3830,-0.5308,0.7560,0.9228,0.2569,-0.2871,-0.0418,0.8076,0.5882),
      ["RightLowerArm"] = CFrame.new(0.0000,0.0000,0.0044,1.0000,0.0032,-0.0007,-0.0000,-0.2113,-0.9774,-0.0033,0.9774,-0.2113),
      ["RightHand"] = CFrame.new(0.0000,0.0000,0.0000,1.0000,0.0000,0.0000,0.0000,1.0000,0.0000,0.0000,0.0000,1.0000),
      ["LeftUpperLeg"] = CFrame.new(0.0000,0.0707,-0.0266,0.9670,0.2137,-0.1386,0.0283,-0.6309,-0.7753,-0.2531,0.7458,-0.6162),
      ["LeftLowerLeg"] = CFrame.new(0.0000,0.0000,0.0000,1.0000,-0.0000,0.0000,-0.0000,-0.1833,0.9831,0.0000,-0.9831,-0.1833),
      ["LeftFoot"] = CFrame.new(0.0000,0.0000,0.0000,0.9670,-0.2479,-0.0585,0.0970,0.5709,-0.8153,0.2355,0.7827,0.5761),
      ["RightUpperLeg"] = CFrame.new(0.0000,0.0707,-0.0265,0.9705,-0.2355,0.0518,0.0604,0.0294,-0.9977,0.2334,0.9714,0.0427),
      ["RightLowerLeg"] = CFrame.new(0.0000,0.0000,0.0000,1.0000,-0.0000,0.0000,0.0000,0.1117,0.9937,-0.0000,-0.9937,0.1117),
      ["RightFoot"] = CFrame.new(0.0000,0.0000,0.0000,0.9705,0.2346,0.0556,-0.0777,0.5227,-0.8489,-0.2282,0.8196,0.5256),
    }},
    {Time = 0.100, Data = {
      ["HumanoidRootPart"] = CFrame.new(0.0000,0.0000,0.0000,1.0000,0.0000,0.0000,0.0000,1.0000,0.0000,0.0000,0.0000,1.0000),
      ["LowerTorso"] = CFrame.new(0.0000,-0.6333,0.5000,1.0000,-0.0000,0.0000,0.0000,0.1985,0.9801,-0.0000,-0.9801,0.1985),
      ["UpperTorso"] = CFrame.new(0.0000,0.0000,0.0000,1.0000,-0.0000,0.0000,0.0000,0.9855,-0.1696,0.0000,0.1696,0.9855),
      ["LeftUpperArm"] = CFrame.new(-0.2441,-0.3996,0.2473,0.2082,0.0571,-0.9764,-0.8318,0.5356,-0.1460,0.5146,0.8425,0.1590),
      ["LeftLowerArm"] = CFrame.new(-0.0004,0.0002,0.0046,0.9986,0.0509,-0.0174,-0.0524,0.8474,-0.5283,-0.0122,0.5285,0.8489),
      ["LeftHand"] = CFrame.new(0.0005,0.0000,0.0000,1.0000,-0.0007,-0.0007,0.0007,1.0000,-0.0000,0.0007,-0.0000,1.0000),
      ["Head"] = CFrame.new(0.0000,0.0000,0.0000,1.0000,-0.0000,0.0000,0.0000,0.6130,-0.7901,0.0000,0.7901,0.6130),
      ["RightUpperArm"] = CFrame.new(-0.0028,-0.3358,-0.0711,0.7010,-0.1702,0.6925,0.7025,-0.0022,-0.7117,0.1226,0.9854,0.1180),
      ["RightLowerArm"] = CFrame.new(0.0000,0.0000,0.0044,1.0000,0.0030,0.0013,-0.0000,0.4092,-0.9125,-0.0033,0.9125,0.4092),
      ["RightHand"] = CFrame.new(0.0000,0.0000,0.0000,1.0000,0.0000,0.0000,0.0000,1.0000,0.0000,0.0000,0.0000,1.0000),
      ["LeftUpperLeg"] = CFrame.new(0.0000,0.0535,-0.0177,0.9679,0.2241,-0.1143,-0.0184,-0.3901,-0.9206,-0.2508,0.8931,-0.3735),
      ["LeftLowerLeg"] = CFrame.new(0.0000,0.0000,0.0000,1.0000,-0.0000,0.0000,-0.0000,-0.1147,0.9934,0.0000,-0.9934,-0.1147),
      ["LeftFoot"] = CFrame.new(0.0000,0.0000,0.0000,0.9679,-0.2448,-0.0577,0.0878,0.5441,-0.8344,0.2357,0.8025,0.5481),
      ["RightUpperLeg"] = CFrame.new(0.0000,0.0535,-0.0176,0.9814,-0.1920,0.0015,0.1157,0.5853,-0.8025,0.1532,0.7877,0.5966),
      ["RightLowerLeg"] = CFrame.new(0.0000,0.0000,0.0000,1.0000,-0.0000,0.0000,0.0000,0.5991,0.8006,-0.0000,-0.8006,0.5991),
      ["RightFoot"] = CFrame.new(0.0000,0.0000,0.0000,0.9814,0.1869,0.0443,-0.1163,0.7615,-0.6376,-0.1529,0.6206,0.7691),
    }},
    {Time = 0.133, Data = {
      ["HumanoidRootPart"] = CFrame.new(0.0000,0.0000,0.0000,1.0000,0.0000,0.0000,0.0000,1.0000,0.0000,0.0000,0.0000,1.0000),
      ["LowerTorso"] = CFrame.new(0.0000,-0.5843,0.5000,1.0000,-0.0000,0.0000,0.0000,0.2507,0.9681,-0.0000,-0.9681,0.2507),
      ["UpperTorso"] = CFrame.new(0.0000,0.0000,0.0000,1.0000,-0.0000,0.0000,0.0000,0.9832,-0.1827,0.0000,0.1827,0.9832),
      ["LeftUpperArm"] = CFrame.new(-0.1314,-0.2645,0.1155,0.4899,0.1162,-0.8640,-0.8350,0.3475,-0.4267,0.2506,0.9305,0.2673),
      ["LeftLowerArm"] = CFrame.new(-0.0004,0.0002,0.0046,0.9966,0.0733,-0.0372,-0.0756,0.6391,-0.7654,-0.0323,0.7656,0.6425),
      ["LeftHand"] = CFrame.new(0.0005,0.0000,0.0000,1.0000,-0.0007,-0.0007,0.0007,1.0000,-0.0000,0.0007,-0.0000,1.0000),
      ["Head"] = CFrame.new(0.0000,0.0000,0.0000,1.0000,-0.0000,0.0000,0.0000,0.6644,-0.7473,0.0000,0.7473,0.6644),
      ["RightUpperArm"] = CFrame.new(-0.0209,-0.1408,-0.0906,0.7936,0.2089,0.5714,0.5871,-0.5093,-0.6292,0.1596,0.8349,-0.5268),
      ["RightLowerArm"] = CFrame.new(0.0000,0.0000,0.0044,1.0000,0.0000,0.0033,-0.0000,1.0000,0.0065,-0.0033,-0.0065,1.0000),
      ["RightHand"] = CFrame.new(0.0000,0.0000,0.0000,1.0000,0.0000,0.0000,0.0000,1.0000,0.0000,0.0000,0.0000,1.0000),
      ["LeftUpperLeg"] = CFrame.new(0.0000,0.0347,-0.0079,0.9745,0.2183,-0.0524,-0.0844,0.1399,-0.9866,-0.2080,0.9658,0.1547),
      ["LeftLowerLeg"] = CFrame.new(0.0000,0.0000,0.0000,1.0000,-0.0000,0.0000,0.0000,0.1903,0.9817,-0.0000,-0.9817,0.1903),
      ["LeftFoot"] = CFrame.new(0.0000,0.0000,0.0000,0.9745,-0.2185,-0.0515,0.0930,0.6018,-0.7932,0.2043,0.7682,0.6067),
      ["RightUpperLeg"] = CFrame.new(0.0000,0.0347,-0.0078,0.9861,-0.1662,0.0051,0.1379,0.8003,-0.5835,0.0929,0.5760,0.8121),
      ["RightLowerLeg"] = CFrame.new(0.0000,0.0000,0.0000,1.0000,-0.0000,0.0000,0.0000,0.8195,0.5730,-0.0000,-0.5730,0.8195),
      ["RightFoot"] = CFrame.new(0.0000,0.0000,0.0000,0.9861,0.1618,0.0383,-0.1392,0.9291,-0.3425,-0.0910,0.3324,0.9387),
    }},
    {Time = 0.167, Data = {
      ["HumanoidRootPart"] = CFrame.new(0.0000,0.0000,0.0000,1.0000,0.0000,0.0000,0.0000,1.0000,0.0000,0.0000,0.0000,1.0000),
      ["LowerTorso"] = CFrame.new(0.0000,-0.5021,0.5000,1.0000,-0.0000,0.0000,0.0000,0.2698,0.9629,-0.0000,-0.9629,0.2698),
      ["UpperTorso"] = CFrame.new(0.0000,0.0000,0.0000,1.0000,-0.0000,0.0000,0.0000,0.9895,-0.1445,0.0000,0.1445,0.9895),
      ["LeftUpperArm"] = CFrame.new(-0.0449,-0.0820,-0.0311,0.6915,-0.1455,-0.7076,-0.7213,-0.1946,-0.6648,-0.0410,0.9700,-0.2396),
      ["LeftLowerArm"] = CFrame.new(-0.0004,0.0002,0.0046,0.9996,0.0268,-0.0065,-0.0275,0.9612,-0.2744,-0.0011,0.2745,0.9616),
      ["LeftHand"] = CFrame.new(0.0005,0.0000,0.0000,1.0000,-0.0007,-0.0007,0.0007,1.0000,-0.0000,0.0007,-0.0000,1.0000),
      ["Head"] = CFrame.new(0.0000,0.0000,0.0000,1.0000,-0.0000,0.0000,0.0000,0.6945,-0.7195,0.0000,0.7195,0.6945),
      ["RightUpperArm"] = CFrame.new(-0.0076,-0.0089,-0.1050,0.7961,0.2178,0.5647,0.5752,-0.5622,-0.5942,0.1881,0.7978,-0.5728),
      ["RightLowerArm"] = CFrame.new(0.0000,0.0000,0.0044,1.0000,0.0000,0.0033,-0.0000,1.0000,0.0065,-0.0033,-0.0065,1.0000),
      ["RightHand"] = CFrame.new(0.0000,0.0000,0.0000,1.0000,0.0000,0.0000,0.0000,1.0000,0.0000,0.0000,0.0000,1.0000),
      ["LeftUpperLeg"] = CFrame.new(0.0000,0.0175,0.0010,0.9841,0.1778,-0.0011,-0.1173,0.6446,-0.7554,-0.1337,0.7435,0.6552),
      ["LeftLowerLeg"] = CFrame.new(0.0000,0.0000,0.0000,1.0000,-0.0000,0.0000,0.0000,0.7204,0.6936,-0.0000,-0.6936,0.7204),
      ["LeftFoot"] = CFrame.new(0.0000,0.0000,0.0000,0.9841,-0.1731,-0.0408,0.1288,0.8521,-0.5072,0.1226,0.4939,0.8609),
      ["RightUpperLeg"] = CFrame.new(0.0000,0.0175,0.0011,0.9875,-0.1560,0.0222,0.1473,0.8638,-0.4818,0.0560,0.4791,0.8760),
      ["RightLowerLeg"] = CFrame.new(0.0000,0.0000,0.0000,1.0000,-0.0000,0.0000,0.0000,0.8836,0.4683,-0.0000,-0.4683,0.8836),
      ["RightFoot"] = CFrame.new(0.0000,0.0000,0.0000,0.9875,0.1533,0.0363,-0.1482,0.9821,-0.1161,-0.0535,0.1093,0.9926),
    }},
    {Time = 0.200, Data = {
      ["HumanoidRootPart"] = CFrame.new(0.0000,0.0000,0.0000,1.0000,0.0000,0.0000,0.0000,1.0000,0.0000,0.0000,0.0000,1.0000),
      ["LowerTorso"] = CFrame.new(0.0000,-0.3884,0.5000,1.0000,-0.0000,0.0000,0.0000,0.2363,0.9717,-0.0000,-0.9717,0.2363),
      ["UpperTorso"] = CFrame.new(0.0000,0.0000,0.0000,1.0000,-0.0000,0.0000,0.0000,0.9968,-0.0794,0.0000,0.0794,0.9968),
      ["LeftUpperArm"] = CFrame.new(-0.0142,0.0642,-0.1126,0.7632,-0.2377,-0.6009,-0.6135,-0.5586,-0.5582,-0.2030,0.7946,-0.5721),
      ["LeftLowerArm"] = CFrame.new(-0.0004,0.0002,0.0046,1.0000,0.0001,-0.0026,-0.0001,1.0000,0.0063,0.0026,-0.0063,1.0000),
      ["LeftHand"] = CFrame.new(0.0005,0.0000,0.0000,1.0000,-0.0007,-0.0007,0.0007,1.0000,-0.0000,0.0007,-0.0000,1.0000),
      ["Head"] = CFrame.new(0.0000,0.0000,0.0000,1.0000,-0.0000,0.0000,0.0000,0.6742,-0.7385,0.0000,0.7385,0.6742),
      ["RightUpperArm"] = CFrame.new(0.0034,0.0865,-0.1341,0.7848,0.2498,0.5672,0.5689,-0.6536,-0.4992,0.2460,0.7144,-0.6551),
      ["RightLowerArm"] = CFrame.new(0.0000,0.0000,0.0044,1.0000,0.0000,0.0033,-0.0000,1.0000,0.0065,-0.0033,-0.0065,1.0000),
      ["RightHand"] = CFrame.new(0.0000,0.0000,0.0000,1.0000,0.0000,0.0000,0.0000,1.0000,0.0000,0.0000,0.0000,1.0000),
      ["LeftUpperLeg"] = CFrame.new(0.0000,0.0049,0.0075,0.9881,0.1513,0.0281,-0.1264,0.9020,-0.4127,-0.0878,0.4043,0.9104),
      ["LeftLowerLeg"] = CFrame.new(0.0000,0.0000,0.0000,1.0000,-0.0000,0.0000,0.0000,1.0000,0.0018,-0.0000,-0.0018,1.0000),
      ["LeftFoot"] = CFrame.new(0.0000,0.0000,0.0000,0.9881,-0.1498,-0.0353,0.1512,0.9876,0.0432,0.0284,-0.0480,0.9984),
      ["RightUpperLeg"] = CFrame.new(0.0000,0.0049,0.0076,0.9878,-0.1501,0.0421,0.1514,0.8592,-0.4887,0.0372,0.4891,0.8714),
      ["RightLowerLeg"] = CFrame.new(0.0000,0.0000,0.0000,1.0000,-0.0000,0.0000,0.0000,0.9005,0.4348,-0.0000,-0.4348,0.9005),
      ["RightFoot"] = CFrame.new(0.0000,0.0000,0.0000,0.9878,0.1517,0.0360,-0.1535,0.9867,0.0536,-0.0274,-0.0585,0.9979),
    }},
    {Time = 0.233, Data = {
      ["HumanoidRootPart"] = CFrame.new(0.0000,0.0000,0.0000,1.0000,0.0000,0.0000,0.0000,1.0000,0.0000,0.0000,0.0000,1.0000),
      ["LowerTorso"] = CFrame.new(0.0000,-0.2745,0.5000,1.0000,-0.0000,0.0000,0.0000,0.1537,0.9881,-0.0000,-0.9881,0.1537),
      ["UpperTorso"] = CFrame.new(0.0000,0.0000,0.0000,1.0000,0.0000,0.0000,0.0000,1.0000,0.0000,0.0000,0.0000,1.0000),
      ["LeftUpperArm"] = CFrame.new(0.0151,0.1628,-0.1563,0.8231,-0.2706,-0.4994,-0.4884,-0.7859,-0.3793,-0.2898,0.5561,-0.7790),
      ["LeftLowerArm"] = CFrame.new(-0.0004,0.0002,0.0046,1.0000,0.0001,-0.0026,-0.0001,1.0000,0.0063,0.0026,-0.0063,1.0000),
      ["LeftHand"] = CFrame.new(0.0005,0.0000,0.0000,1.0000,-0.0007,-0.0007,0.0007,1.0000,-0.0000,0.0007,-0.0000,1.0000),
      ["Head"] = CFrame.new(0.0000,0.0000,0.0000,1.0000,-0.0000,0.0000,0.0000,0.5739,-0.8189,0.0000,0.8189,0.5739),
      ["RightUpperArm"] = CFrame.new(-0.0091,0.1598,-0.1677,0.8112,0.2851,0.5106,0.4941,-0.8011,-0.3377,0.3128,0.5262,-0.7907),
      ["RightLowerArm"] = CFrame.new(0.0000,0.0000,0.0044,1.0000,0.0000,0.0033,-0.0000,1.0000,0.0065,-0.0033,-0.0065,1.0000),
      ["RightHand"] = CFrame.new(0.0000,0.0000,0.0000,1.0000,0.0000,0.0000,0.0000,1.0000,0.0000,0.0000,0.0000,1.0000),
      ["LeftUpperLeg"] = CFrame.new(0.0000,0.0000,0.0100,0.9891,0.1469,-0.0000,-0.1302,0.8763,-0.4639,-0.0682,0.4589,0.8859),
      ["LeftLowerLeg"] = CFrame.new(0.0000,0.0000,0.0000,1.0000,-0.0000,0.0000,0.0000,1.0000,0.0018,-0.0000,-0.0018,1.0000),
      ["LeftFoot"] = CFrame.new(0.0000,0.0000,0.0000,0.9891,-0.1430,-0.0337,0.1469,0.9631,0.2254,0.0003,-0.2279,0.9737),
      ["RightUpperLeg"] = CFrame.new(0.0000,0.0000,0.0101,0.9875,-0.1456,0.0603,0.1542,0.8136,-0.5605,0.0326,0.5628,0.8259),
      ["RightLowerLeg"] = CFrame.new(0.0000,0.0000,0.0000,1.0000,-0.0000,0.0000,0.0000,0.9035,0.4286,-0.0000,-0.4286,0.9035),
      ["RightFoot"] = CFrame.new(0.0000,0.0000,0.0000,0.9875,0.1534,0.0363,-0.1574,0.9713,0.1783,-0.0079,-0.1818,0.9833),
    }},
    {Time = 0.267, Data = {
      ["HumanoidRootPart"] = CFrame.new(0.0000,0.0000,0.0000,1.0000,0.0000,0.0000,0.0000,1.0000,0.0000,0.0000,0.0000,1.0000),
      ["LowerTorso"] = CFrame.new(0.0000,-0.1989,0.5000,1.0000,-0.0000,0.0000,0.0000,0.0502,0.9987,-0.0000,-0.9987,0.0502),
      ["UpperTorso"] = CFrame.new(0.0000,0.0000,0.0000,1.0000,-0.0000,0.0000,0.0000,0.9967,0.0807,-0.0000,-0.0807,0.9967),
      ["LeftUpperArm"] = CFrame.new(0.0643,0.2024,-0.1440,0.9028,-0.2906,-0.3171,-0.3389,-0.9346,-0.1083,-0.2649,0.2052,-0.9422),
      ["LeftLowerArm"] = CFrame.new(-0.0004,0.0002,0.0046,1.0000,0.0001,-0.0026,-0.0001,1.0000,0.0063,0.0026,-0.0063,1.0000),
      ["LeftHand"] = CFrame.new(0.0005,0.0000,0.0000,1.0000,-0.0007,-0.0007,0.0007,1.0000,-0.0000,0.0007,-0.0000,1.0000),
      ["Head"] = CFrame.new(0.0000,0.0000,0.0000,1.0000,-0.0000,0.0000,0.0000,0.4135,-0.9105,0.0000,0.9105,0.4135),
      ["RightUpperArm"] = CFrame.new(-0.0279,0.1742,-0.2078,0.8307,0.2747,0.4842,0.3946,-0.9041,-0.1639,0.3927,0.3272,-0.8595),
      ["RightLowerArm"] = CFrame.new(0.0000,0.0000,0.0044,1.0000,0.0000,0.0033,-0.0000,1.0000,0.0065,-0.0033,-0.0065,1.0000),
      ["RightHand"] = CFrame.new(0.0000,0.0000,0.0000,1.0000,0.0000,0.0000,0.0000,1.0000,0.0000,0.0000,0.0000,1.0000),
      ["LeftUpperLeg"] = CFrame.new(0.0000,0.0049,0.0075,0.9878,0.1471,-0.0519,-0.1524,0.8395,-0.5216,-0.0331,0.5231,0.8516),
      ["LeftLowerLeg"] = CFrame.new(0.0000,0.0000,0.0000,1.0000,-0.0000,0.0000,0.0000,1.0000,0.0018,-0.0000,-0.0018,1.0000),
      ["LeftFoot"] = CFrame.new(0.0000,0.0000,0.0000,0.9878,-0.1559,-0.0026,0.1471,0.9264,0.3466,-0.0516,-0.3427,0.9380),
      ["RightUpperLeg"] = CFrame.new(0.0000,0.0049,0.0076,0.9846,-0.1297,0.1176,0.1751,0.7191,-0.6725,0.0027,0.6827,0.7307),
      ["RightLowerLeg"] = CFrame.new(0.0000,0.0000,0.0000,1.0000,-0.0000,0.0000,0.0000,0.8609,0.5088,-0.0000,-0.5088,0.8609),
      ["RightFoot"] = CFrame.new(0.0000,0.0000,0.0000,0.9846,0.1751,0.0031,-0.1715,0.9607,0.2181,0.0352,-0.2152,0.9759),
    }},
    {Time = 0.300, Data = {
      ["HumanoidRootPart"] = CFrame.new(0.0000,0.0000,0.0000,1.0000,0.0000,0.0000,0.0000,1.0000,0.0000,0.0000,0.0000,1.0000),
      ["LowerTorso"] = CFrame.new(0.0000,-0.1879,0.5000,1.0000,-0.0000,0.0000,-0.0000,-0.0447,0.9990,0.0000,-0.9990,-0.0447),
      ["UpperTorso"] = CFrame.new(0.0000,0.0000,0.0000,1.0000,-0.0000,0.0000,0.0000,0.9889,0.1483,-0.0000,-0.1483,0.9889),
      ["LeftUpperArm"] = CFrame.new(0.1160,0.1590,-0.0922,0.9567,-0.2612,-0.1287,-0.2424,-0.9593,0.1450,-0.1613,-0.1075,-0.9810),
      ["LeftLowerArm"] = CFrame.new(-0.0004,0.0002,0.0046,1.0000,0.0001,-0.0026,-0.0001,1.0000,0.0063,0.0026,-0.0063,1.0000),
      ["LeftHand"] = CFrame.new(0.0005,0.0000,0.0000,1.0000,-0.0007,-0.0007,0.0007,1.0000,-0.0000,0.0007,-0.0000,1.0000),
      ["Head"] = CFrame.new(0.0000,0.0000,0.0000,1.0000,-0.0000,0.0000,0.0000,0.2603,-0.9655,0.0000,0.9655,0.2603),
      ["RightUpperArm"] = CFrame.new(-0.0250,0.1136,-0.2793,0.7763,0.2267,0.5881,0.3318,-0.9403,-0.0754,0.5359,0.2537,-0.8052),
      ["RightLowerArm"] = CFrame.new(0.0000,0.0000,0.0044,1.0000,0.0000,0.0033,-0.0000,1.0000,0.0065,-0.0033,-0.0065,1.0000),
      ["RightHand"] = CFrame.new(0.0000,0.0000,0.0000,1.0000,0.0000,0.0000,0.0000,1.0000,0.0000,0.0000,0.0000,1.0000),
      ["LeftUpperLeg"] = CFrame.new(0.0000,0.0175,0.0010,0.9752,0.1506,-0.1623,-0.2154,0.8156,-0.5370,0.0515,0.5586,0.8278),
      ["LeftLowerLeg"] = CFrame.new(0.0000,0.0000,0.0000,1.0000,-0.0000,0.0000,0.0000,1.0000,0.0018,-0.0000,-0.0018,1.0000),
      ["LeftFoot"] = CFrame.new(0.0000,0.0000,0.0000,0.9752,-0.2031,0.0884,0.1509,0.9014,0.4059,-0.1621,-0.3825,0.9096),
      ["RightUpperLeg"] = CFrame.new(0.0000,0.0175,0.0011,0.9617,-0.0548,0.2685,0.2557,0.5314,-0.8076,-0.0984,0.8454,0.5251),
      ["RightLowerLeg"] = CFrame.new(0.0000,0.0000,0.0000,1.0000,-0.0000,0.0000,0.0000,0.6595,0.7517,-0.0000,-0.7517,0.6595),
      ["RightFoot"] = CFrame.new(0.0000,0.0000,0.0000,0.9617,0.2514,-0.1091,-0.2380,0.9635,0.1223,0.1358,-0.0917,0.9865),
    }},
    {Time = 0.333, Data = {
      ["HumanoidRootPart"] = CFrame.new(0.0000,0.0000,0.0000,1.0000,0.0000,0.0000,0.0000,1.0000,0.0000,0.0000,0.0000,1.0000),
      ["LowerTorso"] = CFrame.new(0.0000,-0.1948,0.5000,1.0000,-0.0000,0.0000,-0.0000,-0.1148,0.9934,0.0000,-0.9934,-0.1148),
      ["UpperTorso"] = CFrame.new(0.0000,0.0000,0.0000,1.0000,-0.0000,0.0000,0.0000,0.9820,0.1887,-0.0000,-0.1887,0.9820),
      ["LeftUpperArm"] = CFrame.new(0.1409,0.0764,-0.1719,0.9343,-0.2041,-0.2924,-0.1559,-0.9713,0.1798,-0.3207,-0.1223,-0.9392),
      ["LeftLowerArm"] = CFrame.new(-0.0004,0.0002,0.0046,1.0000,0.0001,-0.0026,-0.0001,1.0000,0.0063,0.0026,-0.0063,1.0000),
      ["LeftHand"] = CFrame.new(0.0005,0.0000,0.0000,1.0000,-0.0007,-0.0007,0.0007,1.0000,-0.0000,0.0007,-0.0000,1.0000),
      ["Head"] = CFrame.new(0.0000,0.0000,0.0000,1.0000,-0.0000,0.0000,0.0000,0.1514,-0.9885,0.0000,0.9885,0.1514),
      ["RightUpperArm"] = CFrame.new(-0.0039,-0.0155,-0.3457,0.6616,0.1845,0.7268,0.3383,-0.9385,-0.0698,0.6692,0.2920,-0.6833),
      ["RightLowerArm"] = CFrame.new(0.0000,0.0000,0.0044,1.0000,0.0000,0.0033,-0.0000,1.0000,0.0065,-0.0033,-0.0065,1.0000),
      ["RightHand"] = CFrame.new(0.0000,0.0000,0.0000,1.0000,0.0000,0.0000,0.0000,1.0000,0.0000,0.0000,0.0000,1.0000),
      ["LeftUpperLeg"] = CFrame.new(0.0000,0.0347,-0.0079,0.9355,0.0761,-0.3450,-0.3072,0.6575,-0.6880,0.1745,0.7496,0.6385),
      ["LeftLowerLeg"] = CFrame.new(0.0000,0.0000,0.0000,1.0000,-0.0000,0.0000,0.0000,0.8996,0.4368,-0.0000,-0.4368,0.8996),
      ["LeftFoot"] = CFrame.new(0.0000,0.0000,0.0000,0.9355,-0.2745,0.2223,0.2191,0.9446,0.2444,-0.2771,-0.1800,0.9438),
      ["RightUpperLeg"] = CFrame.new(0.0000,0.0347,-0.0078,0.8424,0.1680,0.5120,0.4476,0.3107,-0.8385,-0.2999,0.9356,0.1865),
      ["RightLowerLeg"] = CFrame.new(0.0000,0.0000,0.0000,1.0000,-0.0000,0.0000,0.0000,0.3072,0.9516,-0.0000,-0.9516,0.3072),
      ["RightFoot"] = CFrame.new(0.0000,0.0000,0.0000,0.8424,0.4191,-0.3386,-0.4356,0.8996,0.0297,0.3171,0.1225,0.9404),
    }},
    {Time = 0.367, Data = {
      ["HumanoidRootPart"] = CFrame.new(0.0000,0.0000,0.0000,1.0000,0.0000,0.0000,0.0000,1.0000,0.0000,0.0000,0.0000,1.0000),
      ["LowerTorso"] = CFrame.new(0.0000,-0.2208,0.5000,1.0000,-0.0000,0.0000,-0.0000,-0.1580,0.9874,0.0000,-0.9874,-0.1580),
      ["UpperTorso"] = CFrame.new(0.0000,0.0000,0.0000,1.0000,-0.0000,0.0000,0.0000,0.9809,0.1943,-0.0000,-0.1943,0.9809),
      ["LeftUpperArm"] = CFrame.new(0.1159,-0.0545,-0.3056,0.7957,-0.1505,-0.5867,-0.1429,-0.9879,0.0597,-0.5886,0.0364,-0.8076),
      ["LeftLowerArm"] = CFrame.new(-0.0004,0.0002,0.0046,1.0000,0.0001,-0.0026,-0.0001,1.0000,0.0063,0.0026,-0.0063,1.0000),
      ["LeftHand"] = CFrame.new(0.0005,0.0000,0.0000,1.0000,-0.0007,-0.0007,0.0007,1.0000,-0.0000,0.0007,-0.0000,1.0000),
      ["Head"] = CFrame.new(0.0000,0.0000,0.0000,1.0000,-0.0000,0.0000,0.0000,0.1025,-0.9947,0.0000,0.9947,0.1025),
      ["RightUpperArm"] = CFrame.new(0.0278,-0.2112,-0.3761,0.5092,-0.1988,0.8374,0.4540,-0.7645,-0.4576,0.7312,0.6132,-0.2990),
      ["RightLowerArm"] = CFrame.new(0.0000,0.0000,0.0044,1.0000,0.0025,0.0021,-0.0000,0.6464,-0.7630,-0.0033,0.7630,0.6464),
      ["RightHand"] = CFrame.new(0.0000,0.0000,0.0000,1.0000,0.0000,0.0000,0.0000,1.0000,0.0000,0.0000,0.0000,1.0000),
      ["LeftUpperLeg"] = CFrame.new(0.0000,0.0535,-0.0177,0.9199,-0.0051,-0.3921,-0.3396,0.4894,-0.8032,0.1960,0.8721,0.4484),
      ["LeftLowerLeg"] = CFrame.new(0.0000,0.0000,0.0000,1.0000,-0.0000,0.0000,0.0000,0.6598,0.7515,-0.0000,-0.7515,0.6598),
      ["LeftFoot"] = CFrame.new(0.0000,0.0000,0.0000,0.9199,-0.3047,0.2467,0.2912,0.9524,0.0904,-0.2625,-0.0113,0.9649),
      ["RightUpperLeg"] = CFrame.new(0.0000,0.0535,-0.0176,0.7149,0.3894,0.5808,0.6238,0.0199,-0.7813,-0.3158,0.9209,-0.2287),
      ["RightLowerLeg"] = CFrame.new(0.0000,0.0000,0.0000,1.0000,-0.0000,0.0000,-0.0000,-0.1481,0.9890,0.0000,-0.9890,-0.1481),
      ["RightFoot"] = CFrame.new(0.0000,0.0000,0.0000,0.7149,0.5439,-0.4394,-0.6320,0.7715,-0.0735,0.2991,0.3303,0.8953),
    }},
    {Time = 0.400, Data = {
      ["HumanoidRootPart"] = CFrame.new(0.0000,0.0000,0.0000,1.0000,0.0000,0.0000,0.0000,1.0000,0.0000,0.0000,0.0000,1.0000),
      ["LowerTorso"] = CFrame.new(0.0000,-0.2786,0.5000,1.0000,-0.0000,0.0000,-0.0000,-0.1728,0.9850,0.0000,-0.9850,-0.1728),
      ["UpperTorso"] = CFrame.new(0.0000,0.0000,0.0000,1.0000,-0.0000,0.0000,0.0000,0.9816,0.1909,-0.0000,-0.1909,0.9816),
      ["LeftUpperArm"] = CFrame.new(0.0814,-0.2297,-0.3810,0.6282,-0.1209,-0.7686,-0.2413,-0.9694,-0.0447,-0.7397,0.2136,-0.6381),
      ["LeftLowerArm"] = CFrame.new(-0.0004,0.0002,0.0046,1.0000,0.0001,-0.0026,-0.0001,1.0000,0.0063,0.0026,-0.0063,1.0000),
      ["LeftHand"] = CFrame.new(0.0005,0.0000,0.0000,1.0000,-0.0007,-0.0007,0.0007,1.0000,-0.0000,0.0007,-0.0000,1.0000),
      ["Head"] = CFrame.new(0.0000,0.0000,0.0000,1.0000,-0.0000,0.0000,0.0000,0.0910,-0.9959,0.0000,0.9959,0.0910),
      ["RightUpperArm"] = CFrame.new(0.1034,-0.4930,-0.3039,0.2587,-0.5719,0.7785,0.7657,-0.3699,-0.5262,0.5889,0.7322,0.3422),
      ["RightLowerArm"] = CFrame.new(0.0000,0.0000,0.0044,1.0000,0.0032,-0.0002,-0.0000,-0.0429,-0.9991,-0.0032,0.9991,-0.0429),
      ["RightHand"] = CFrame.new(0.0000,0.0000,0.0000,1.0000,0.0000,0.0000,0.0000,1.0000,0.0000,0.0000,0.0000,1.0000),
      ["LeftUpperLeg"] = CFrame.new(0.0000,0.0707,-0.0266,0.9524,-0.0070,-0.3049,-0.2946,0.2373,-0.9257,0.0788,0.9714,0.2240),
      ["LeftLowerLeg"] = CFrame.new(0.0000,0.0000,0.0000,1.0000,-0.0000,0.0000,0.0000,0.2572,0.9664,-0.0000,-0.9664,0.2572),
      ["LeftFoot"] = CFrame.new(0.0000,0.0000,0.0000,0.9524,-0.2797,0.1217,0.2929,0.9499,-0.1088,-0.0852,0.1392,0.9866),
      ["RightUpperLeg"] = CFrame.new(0.0000,0.0707,-0.0265,0.9184,0.1194,0.3772,0.3708,-0.5922,-0.7154,0.1379,0.7969,-0.5882),
      ["RightLowerLeg"] = CFrame.new(0.0000,0.0000,0.0000,1.0000,-0.0000,0.0000,-0.0000,-0.4185,0.9082,0.0000,-0.9082,-0.4185),
      ["RightFoot"] = CFrame.new(0.0000,0.0000,0.0000,0.9184,0.3630,-0.1575,-0.3926,0.7862,-0.4772,-0.0494,0.5001,0.8646),
    }},
    {Time = 0.433, Data = {
      ["HumanoidRootPart"] = CFrame.new(0.0000,0.0000,0.0000,1.0000,0.0000,0.0000,0.0000,1.0000,0.0000,0.0000,0.0000,1.0000),
      ["LowerTorso"] = CFrame.new(0.0000,-0.3935,0.5000,1.0000,-0.0000,0.0000,-0.0000,-0.1433,0.9897,0.0000,-0.9897,-0.1433),
      ["UpperTorso"] = CFrame.new(0.0000,0.0000,0.0000,1.0000,-0.0000,0.0000,0.0000,0.9840,0.1783,-0.0000,-0.1783,0.9840),
      ["LeftUpperArm"] = CFrame.new(0.0205,-0.4853,-0.3689,0.4054,0.4284,-0.8075,-0.5664,-0.5757,-0.5897,-0.7175,0.6965,0.0093),
      ["LeftLowerArm"] = CFrame.new(-0.0004,0.0002,0.0046,0.9935,0.0904,-0.0688,-0.0934,0.3051,-0.9477,-0.0647,0.9480,0.3115),
      ["LeftHand"] = CFrame.new(0.0005,0.0000,0.0000,1.0000,-0.0007,-0.0007,0.0007,1.0000,-0.0000,0.0007,-0.0000,1.0000),
      ["Head"] = CFrame.new(0.0000,0.0000,0.0000,1.0000,-0.0000,0.0000,0.0000,0.1334,-0.9911,0.0000,0.9911,0.1334),
      ["RightUpperArm"] = CFrame.new(0.1536,-0.6987,-0.0535,0.0566,-0.6680,0.7420,0.9944,-0.0287,-0.1017,0.0892,0.7437,0.6626),
      ["RightLowerArm"] = CFrame.new(0.0000,0.0000,0.0044,1.0000,0.0033,-0.0005,-0.0000,-0.1374,-0.9905,-0.0033,0.9905,-0.1374),
      ["RightHand"] = CFrame.new(0.0000,0.0000,0.0000,1.0000,0.0000,0.0000,0.0000,1.0000,0.0000,0.0000,0.0000,1.0000),
      ["LeftUpperLeg"] = CFrame.new(0.0000,0.0833,-0.0331,0.9604,0.0332,-0.2767,-0.2723,-0.0988,-0.9571,-0.0591,0.9946,-0.0858),
      ["LeftLowerLeg"] = CFrame.new(0.0000,0.0000,0.0000,1.0000,-0.0000,0.0000,-0.0000,-0.2720,0.9623,0.0000,-0.9623,-0.2720),
      ["LeftFoot"] = CFrame.new(0.0000,0.0000,0.0000,0.9604,-0.2786,-0.0046,0.2572,0.8927,-0.3700,0.1072,0.3541,0.9290),
      ["RightUpperLeg"] = CFrame.new(0.0000,0.0833,-0.0330,0.9641,-0.1292,0.2320,0.0367,-0.8004,-0.5983,0.2629,0.5853,-0.7670),
      ["RightLowerLeg"] = CFrame.new(0.0000,0.0000,0.0000,1.0000,-0.0000,0.0000,-0.0000,-0.3502,0.9367,0.0000,-0.9367,-0.3502),
      ["RightFoot"] = CFrame.new(0.0000,0.0000,0.0000,0.9641,0.2655,0.0047,-0.1720,0.6380,-0.7505,-0.2022,0.7228,0.6608),
    }},
    {Time = 0.467, Data = {
      ["HumanoidRootPart"] = CFrame.new(0.0000,0.0000,0.0000,1.0000,0.0000,0.0000,0.0000,1.0000,0.0000,0.0000,0.0000,1.0000),
      ["LowerTorso"] = CFrame.new(0.0000,-0.5370,0.5000,1.0000,-0.0000,0.0000,-0.0000,-0.0695,0.9976,0.0000,-0.9976,-0.0695),
      ["UpperTorso"] = CFrame.new(0.0000,0.0000,0.0000,1.0000,-0.0000,0.0000,0.0000,0.9887,0.1502,-0.0000,-0.1502,0.9887),
      ["LeftUpperArm"] = CFrame.new(-0.0476,-0.7207,-0.1043,0.1723,0.6963,-0.6967,-0.9665,-0.0172,-0.2563,-0.1905,0.7175,0.6700),
      ["LeftLowerArm"] = CFrame.new(-0.0004,0.0002,0.0046,0.9891,0.0931,-0.1143,-0.0965,-0.1777,-0.9793,-0.1115,0.9797,-0.1668),
      ["LeftHand"] = CFrame.new(0.0005,0.0000,0.0000,1.0000,-0.0007,-0.0007,0.0007,1.0000,-0.0000,0.0007,-0.0000,1.0000),
      ["Head"] = CFrame.new(0.0000,0.0000,0.0000,1.0000,-0.0000,0.0000,0.0000,0.2343,-0.9722,0.0000,0.9722,0.2343),
      ["RightUpperArm"] = CFrame.new(0.1333,-0.7214,0.1141,0.0006,-0.6441,0.7650,0.9692,0.1887,0.1581,-0.2462,0.7413,0.6244),
      ["RightLowerArm"] = CFrame.new(0.0000,0.0000,0.0044,1.0000,0.0033,0.0001,-0.0000,0.0387,-0.9993,-0.0033,0.9992,0.0387),
      ["RightHand"] = CFrame.new(0.0000,0.0000,0.0000,1.0000,0.0000,0.0000,0.0000,1.0000,0.0000,0.0000,0.0000,1.0000),
      ["LeftUpperLeg"] = CFrame.new(0.0000,0.0881,-0.0356,0.9375,0.1226,-0.3257,-0.2179,-0.5227,-0.8242,-0.2713,0.8436,-0.4633),
      ["LeftLowerLeg"] = CFrame.new(0.0000,0.0000,0.0000,1.0000,-0.0000,0.0000,-0.0000,-0.6244,0.7811,0.0000,-0.7811,-0.6244),
      ["LeftFoot"] = CFrame.new(0.0000,0.0000,0.0000,0.9375,-0.3387,-0.0799,0.1778,0.6636,-0.7266,0.2991,0.6670,0.6824),
      ["RightUpperLeg"] = CFrame.new(0.0000,0.0881,-0.0355,0.9719,-0.2070,0.1117,-0.0700,-0.7080,-0.7028,0.2246,0.6752,-0.7026),
      ["RightLowerLeg"] = CFrame.new(0.0000,0.0000,0.0000,1.0000,-0.0000,0.0000,-0.0000,-0.0416,0.9991,0.0000,-0.9991,-0.0416),
      ["RightFoot"] = CFrame.new(0.0000,0.0000,0.0000,0.9719,0.2289,0.0542,-0.1030,0.6213,-0.7767,-0.2115,0.7494,0.6275),
    }},
  }
}
