return {
  ["KeyframeSequence_1"] = {
    {Time = 0.000, Data = {
      ["Head"] = CFrame.new(0.000147, 0.007985, -0.030103, 0.997380, 0.031368, 0.065185, 0.015886, 0.784124, -0.620400, -0.070574, 0.619810, 0.781572),
      ["LeftFoot"] = CFrame.new(0.000000, 0.018358, -0.000002, 0.999642, -0.026016, -0.006200, 0.024984, 0.991148, -0.130402, 0.009552, 0.130185, 0.991442),
      ["LeftHand"] = CFrame.new(0.000500, 0.000100, -0.000000, 0.889780, 0.390920, -0.235531, 0.293251, -0.094266, 0.951377, 0.349707, -0.915585, -0.198511),
      ["LeftLowerArm"] = CFrame.new(0.005665, -0.033989, 0.010548, 1.000000, -0.000000, -0.000000, 0.000000, 0.999943, 0.010700, 0.000000, -0.010700, 0.999943),
      ["LeftLowerLeg"] = CFrame.new(0.000000, 0.105582, -0.055898, 1.000000, -0.000000, -0.000000, 0.000000, 0.429733, 0.902966, -0.000000, -0.902956, 0.429713),
      ["LeftUpperArm"] = CFrame.new(0.303530, -0.004796, -0.068274, 0.976837, 0.185784, 0.106174, -0.168982, 0.974155, -0.149892, -0.131277, 0.128479, 0.982985),
      ["LeftUpperLeg"] = CFrame.new(0.001924, 0.033702, 0.024926, 0.999536, 0.014350, -0.026863, -0.027501, 0.046886, -0.998520, -0.013083, 0.998797, 0.047282),
      ["LowerTorso"] = CFrame.new(-0.240163, -0.553126, 0.319695, 0.999787, -0.005530, 0.019899, -0.005139, 0.866561, 0.499045, -0.020003, -0.499040, 0.866348),
      ["RightFoot"] = CFrame.new(-0.000000, -0.004445, -0.000101, 0.997338, -0.015874, 0.071205, -0.001735, 0.970569, 0.240847, -0.072901, -0.240301, 0.967948),
      ["RightHand"] = CFrame.new(-0.000500, 0.000000, -0.000000, 0.948274, -0.125380, 0.291645, -0.315701, -0.468854, 0.824932, 0.033308, -0.874332, -0.484180),
      ["RightLowerArm"] = CFrame.new(-0.011635, -0.015667, -0.000309, 1.000000, 0.000000, 0.000000, -0.000000, 0.965323, -0.261058, -0.000000, 0.261057, 0.965323),
      ["RightLowerLeg"] = CFrame.new(-0.000000, 0.008397, -0.000869, 1.000000, 0.000000, -0.000000, -0.000000, 0.991995, 0.126252, 0.000000, -0.126274, 0.991998),
      ["RightUpperArm"] = CFrame.new(-0.184097, 0.007187, -0.082031, 0.961247, -0.074985, -0.265294, 0.054864, 0.995082, -0.082470, 0.270174, 0.064719, 0.960634),
      ["RightUpperLeg"] = CFrame.new(-0.018148, 0.065720, -0.004986, 0.997160, 0.008506, -0.074848, 0.018406, 0.935863, 0.351888, 0.073023, -0.352261, 0.933045),
      ["UpperTorso"] = CFrame.new(-0.027012, -0.002965, -0.015472, 0.999805, 0.019634, -0.001915, -0.017776, 0.938768, 0.344092, 0.008553, -0.343991, 0.938934)
    }},
    {Time = 0.033, Data = {
      ["Head"] = CFrame.new(0.000147, 0.007985, -0.030103, 0.997380, 0.031368, 0.065185, 0.015886, 0.784124, -0.620400, -0.070574, 0.619810, 0.781572),
      ["LeftFoot"] = CFrame.new(0.000000, 0.018358, -0.000002, 0.999642, -0.026016, -0.006200, 0.024984, 0.991148, -0.130402, 0.009553, 0.130185, 0.991442),
      ["LeftHand"] = CFrame.new(0.000500, 0.000100, -0.000000, 0.889780, 0.390920, -0.235531, 0.293251, -0.094266, 0.951377, 0.349707, -0.915585, -0.198511),
      ["LeftLowerArm"] = CFrame.new(0.005666, -0.033990, 0.010548, 1.000000, -0.000000, -0.000000, 0.000000, 0.999943, 0.010700, 0.000000, -0.010700, 0.999943),
      ["LeftLowerLeg"] = CFrame.new(0.000000, 0.105581, -0.055898, 1.000000, -0.000000, -0.000000, 0.000000, 0.429733, 0.902966, -0.000000, -0.902956, 0.429713),
      ["LeftUpperArm"] = CFrame.new(0.303530, -0.004796, -0.068274, 0.976837, 0.185784, 0.106174, -0.168982, 0.974155, -0.149892, -0.131277, 0.128479, 0.982985),
      ["LeftUpperLeg"] = CFrame.new(0.001924, 0.033702, 0.024926, 0.999536, 0.014350, -0.026863, -0.027501, 0.046886, -0.998520, -0.013083, 0.998797, 0.047281),
      ["LowerTorso"] = CFrame.new(2.787794, -0.553126, 0.319695, 0.999787, -0.005530, 0.019899, -0.005139, 0.866561, 0.499045, -0.020003, -0.499040, 0.866348),
      ["RightFoot"] = CFrame.new(0.000000, -0.004445, -0.000101, 0.997338, -0.015874, 0.071205, -0.001735, 0.970569, 0.240847, -0.072901, -0.240301, 0.967948),
      ["RightHand"] = CFrame.new(-0.000500, 0.000000, -0.000000, 0.948274, -0.125380, 0.291645, -0.315701, -0.468854, 0.824932, 0.033308, -0.874332, -0.484180),
      ["RightLowerArm"] = CFrame.new(-0.011635, -0.015666, -0.000309, 1.000000, 0.000000, 0.000000, -0.000000, 0.965323, -0.261058, -0.000000, 0.261057, 0.965323),
      ["RightLowerLeg"] = CFrame.new(0.000000, 0.008397, -0.000870, 1.000000, 0.000000, -0.000000, -0.000000, 0.991995, 0.126251, 0.000000, -0.126274, 0.991998),
      ["RightUpperArm"] = CFrame.new(-0.184096, 0.007187, -0.082031, 0.961247, -0.074985, -0.265294, 0.054864, 0.995082, -0.082470, 0.270174, 0.064719, 0.960634),
      ["RightUpperLeg"] = CFrame.new(-0.018148, 0.065719, -0.004986, 0.997160, 0.008506, -0.074848, 0.018406, 0.935863, 0.351888, 0.073023, -0.352261, 0.933045),
      ["UpperTorso"] = CFrame.new(-0.027012, -0.002965, -0.015472, 0.999805, 0.019634, -0.001915, -0.017776, 0.938768, 0.344092, 0.008553, -0.343991, 0.938934)
    }},
    {Time = 0.067, Data = {
      ["Head"] = CFrame.new(0.000147, 0.007985, -0.030103, 0.997380, 0.031368, 0.065185, 0.015886, 0.784124, -0.620400, -0.070574, 0.619810, 0.781572),
      ["LeftFoot"] = CFrame.new(-0.000000, 0.018358, -0.000002, 0.999642, -0.026016, -0.006200, 0.024984, 0.991148, -0.130402, 0.009553, 0.130185, 0.991442),
      ["LeftHand"] = CFrame.new(0.000500, 0.000100, -0.000000, 0.889780, 0.390920, -0.235531, 0.293251, -0.094266, 0.951377, 0.349707, -0.915585, -0.198511),
      ["LeftLowerArm"] = CFrame.new(0.005666, -0.033990, 0.010549, 1.000000, -0.000000, -0.000000, 0.000000, 0.999943, 0.010700, 0.000000, -0.010700, 0.999943),
      ["LeftLowerLeg"] = CFrame.new(-0.000001, 0.105582, -0.055898, 1.000000, -0.000000, -0.000000, 0.000000, 0.429733, 0.902966, -0.000000, -0.902956, 0.429713),
      ["LeftUpperArm"] = CFrame.new(0.303530, -0.004796, -0.068274, 0.976837, 0.185784, 0.106174, -0.168982, 0.974155, -0.149892, -0.131277, 0.128479, 0.982985),
      ["LeftUpperLeg"] = CFrame.new(0.001925, 0.033702, 0.024926, 0.999536, 0.014350, -0.026863, -0.027501, 0.046886, -0.998520, -0.013083, 0.998797, 0.047281),
      ["LowerTorso"] = CFrame.new(-3.688671, -0.553126, 0.319695, 0.999787, -0.005530, 0.019899, -0.005139, 0.866561, 0.499045, -0.020003, -0.499040, 0.866348),
      ["RightFoot"] = CFrame.new(0.000000, -0.004445, -0.000101, 0.997338, -0.015873, 0.071205, -0.001735, 0.970569, 0.240847, -0.072901, -0.240301, 0.967948),
      ["RightHand"] = CFrame.new(-0.000500, 0.000000, -0.000000, 0.948274, -0.125380, 0.291645, -0.315701, -0.468854, 0.824932, 0.033308, -0.874332, -0.484180),
      ["RightLowerArm"] = CFrame.new(-0.011635, -0.015667, -0.000310, 1.000000, 0.000000, 0.000000, -0.000000, 0.965323, -0.261058, -0.000000, 0.261057, 0.965323),
      ["RightLowerLeg"] = CFrame.new(0.000000, 0.008397, -0.000869, 1.000000, -0.000000, -0.000000, -0.000000, 0.991995, 0.126251, 0.000000, -0.126274, 0.991998),
      ["RightUpperArm"] = CFrame.new(-0.184097, 0.007187, -0.082031, 0.961247, -0.074985, -0.265294, 0.054864, 0.995082, -0.082470, 0.270174, 0.064719, 0.960634),
      ["RightUpperLeg"] = CFrame.new(-0.018148, 0.065720, -0.004986, 0.997160, 0.008506, -0.074848, 0.018407, 0.935863, 0.351888, 0.073023, -0.352261, 0.933045),
      ["UpperTorso"] = CFrame.new(-0.027011, -0.002965, -0.015472, 0.999805, 0.019634, -0.001915, -0.017776, 0.938768, 0.344092, 0.008553, -0.343991, 0.938934)
    }},
    {Time = 0.100, Data = {
      ["Head"] = CFrame.new(0.000147, 0.007985, -0.030103, 0.997380, 0.031368, 0.065185, 0.015886, 0.784124, -0.620400, -0.070574, 0.619810, 0.781572),
      ["LeftFoot"] = CFrame.new(0.000000, 0.018358, -0.000002, 0.999642, -0.026016, -0.006200, 0.024984, 0.991148, -0.130402, 0.009553, 0.130185, 0.991442),
      ["LeftHand"] = CFrame.new(0.000500, 0.000100, -0.000000, 0.889780, 0.390920, -0.235531, 0.293251, -0.094266, 0.951377, 0.349707, -0.915585, -0.198511),
      ["LeftLowerArm"] = CFrame.new(0.005666, -0.033990, 0.010548, 1.000000, -0.000000, -0.000000, 0.000000, 0.999943, 0.010700, 0.000000, -0.010700, 0.999943),
      ["LeftLowerLeg"] = CFrame.new(0.000000, 0.105581, -0.055898, 1.000000, -0.000000, -0.000000, 0.000000, 0.429733, 0.902966, -0.000000, -0.902956, 0.429713),
      ["LeftUpperArm"] = CFrame.new(0.303530, -0.004796, -0.068274, 0.976837, 0.185784, 0.106174, -0.168982, 0.974155, -0.149892, -0.131277, 0.128479, 0.982985),
      ["LeftUpperLeg"] = CFrame.new(0.001924, 0.033702, 0.024926, 0.999536, 0.014350, -0.026863, -0.027501, 0.046886, -0.998520, -0.013083, 0.998797, 0.047281),
      ["LowerTorso"] = CFrame.new(2.787794, -0.553126, 0.319695, 0.999787, -0.005530, 0.019899, -0.005139, 0.866561, 0.499045, -0.020003, -0.499040, 0.866348),
      ["RightFoot"] = CFrame.new(0.000000, -0.004445, -0.000101, 0.997338, -0.015874, 0.071205, -0.001735, 0.970569, 0.240847, -0.072901, -0.240301, 0.967948),
      ["RightHand"] = CFrame.new(-0.000500, 0.000000, -0.000000, 0.948274, -0.125380, 0.291645, -0.315701, -0.468854, 0.824932, 0.033308, -0.874332, -0.484180),
      ["RightLowerArm"] = CFrame.new(-0.011635, -0.015666, -0.000309, 1.000000, 0.000000, 0.000000, -0.000000, 0.965323, -0.261058, -0.000000, 0.261057, 0.965323),
      ["RightLowerLeg"] = CFrame.new(0.000000, 0.008397, -0.000870, 1.000000, 0.000000, -0.000000, -0.000000, 0.991995, 0.126251, 0.000000, -0.126274, 0.991998),
      ["RightUpperArm"] = CFrame.new(-0.184096, 0.007187, -0.082031, 0.961247, -0.074985, -0.265294, 0.054864, 0.995082, -0.082470, 0.270174, 0.064719, 0.960634),
      ["RightUpperLeg"] = CFrame.new(-0.018148, 0.065719, -0.004986, 0.997160, 0.008506, -0.074848, 0.018406, 0.935863, 0.351888, 0.073023, -0.352261, 0.933045),
      ["UpperTorso"] = CFrame.new(-0.027012, -0.002965, -0.015472, 0.999805, 0.019634, -0.001915, -0.017776, 0.938768, 0.344092, 0.008553, -0.343991, 0.938934)
    }},
    {Time = 0.133, Data = {
      ["Head"] = CFrame.new(0.000147, 0.007985, -0.030103, 0.997380, 0.031368, 0.065185, 0.015886, 0.784124, -0.620400, -0.070574, 0.619810, 0.781572),
      ["LeftFoot"] = CFrame.new(-0.000000, 0.018358, -0.000002, 0.999642, -0.026016, -0.006200, 0.024984, 0.991148, -0.130402, 0.009553, 0.130185, 0.991442),
      ["LeftHand"] = CFrame.new(0.000500, 0.000100, -0.000000, 0.889780, 0.390920, -0.235531, 0.293251, -0.094266, 0.951377, 0.349707, -0.915585, -0.198511),
      ["LeftLowerArm"] = CFrame.new(0.005666, -0.033990, 0.010549, 1.000000, -0.000000, -0.000000, 0.000000, 0.999943, 0.010700, 0.000000, -0.010700, 0.999943),
      ["LeftLowerLeg"] = CFrame.new(-0.000001, 0.105582, -0.055898, 1.000000, -0.000000, -0.000000, 0.000000, 0.429733, 0.902966, -0.000000, -0.902956, 0.429713),
      ["LeftUpperArm"] = CFrame.new(0.303530, -0.004796, -0.068274, 0.976837, 0.185784, 0.106174, -0.168982, 0.974155, -0.149892, -0.131277, 0.128479, 0.982985),
      ["LeftUpperLeg"] = CFrame.new(0.001925, 0.033702, 0.024926, 0.999536, 0.014350, -0.026863, -0.027501, 0.046886, -0.998520, -0.013083, 0.998797, 0.047281),
      ["LowerTorso"] = CFrame.new(-3.688671, -0.553126, 0.319695, 0.999787, -0.005530, 0.019899, -0.005139, 0.866561, 0.499045, -0.020003, -0.499040, 0.866348),
      ["RightFoot"] = CFrame.new(0.000000, -0.004445, -0.000101, 0.997338, -0.015873, 0.071205, -0.001735, 0.970569, 0.240847, -0.072901, -0.240301, 0.967948),
      ["RightHand"] = CFrame.new(-0.000500, 0.000000, -0.000000, 0.948274, -0.125380, 0.291645, -0.315701, -0.468854, 0.824932, 0.033308, -0.874332, -0.484180),
      ["RightLowerArm"] = CFrame.new(-0.011635, -0.015667, -0.000310, 1.000000, 0.000000, 0.000000, -0.000000, 0.965323, -0.261058, -0.000000, 0.261057, 0.965323),
      ["RightLowerLeg"] = CFrame.new(0.000000, 0.008397, -0.000869, 1.000000, -0.000000, -0.000000, -0.000000, 0.991995, 0.126251, 0.000000, -0.126274, 0.991998),
      ["RightUpperArm"] = CFrame.new(-0.184097, 0.007187, -0.082031, 0.961247, -0.074985, -0.265294, 0.054864, 0.995082, -0.082470, 0.270174, 0.064719, 0.960634),
      ["RightUpperLeg"] = CFrame.new(-0.018148, 0.065720, -0.004986, 0.997160, 0.008506, -0.074848, 0.018407, 0.935863, 0.351888, 0.073023, -0.352261, 0.933045),
      ["UpperTorso"] = CFrame.new(-0.027011, -0.002965, -0.015472, 0.999805, 0.019634, -0.001915, -0.017776, 0.938768, 0.344092, 0.008553, -0.343991, 0.938934)
    }},
    {Time = 0.167, Data = {
      ["Head"] = CFrame.new(0.000147, 0.007985, -0.030103, 0.997380, 0.031368, 0.065185, 0.015886, 0.784124, -0.620400, -0.070574, 0.619810, 0.781572),
      ["LeftFoot"] = CFrame.new(0.000000, 0.018358, -0.000002, 0.999642, -0.026016, -0.006200, 0.024984, 0.991148, -0.130402, 0.009553, 0.130185, 0.991442),
      ["LeftHand"] = CFrame.new(0.000500, 0.000100, -0.000000, 0.889780, 0.390920, -0.235531, 0.293251, -0.094266, 0.951377, 0.349707, -0.915585, -0.198511),
      ["LeftLowerArm"] = CFrame.new(0.005666, -0.033990, 0.010549, 1.000000, -0.000000, -0.000000, 0.000000, 0.999943, 0.010700, 0.000000, -0.010700, 0.999943),
      ["LeftLowerLeg"] = CFrame.new(-0.000000, 0.105582, -0.055898, 1.000000, -0.000000, -0.000000, 0.000000, 0.429733, 0.902966, -0.000000, -0.902956, 0.429713),
      ["LeftUpperArm"] = CFrame.new(0.303530, -0.004796, -0.068275, 0.976837, 0.185784, 0.106174, -0.168982, 0.974155, -0.149892, -0.131277, 0.128479, 0.982985),
      ["LeftUpperLeg"] = CFrame.new(0.001924, 0.033702, 0.024926, 0.999536, 0.014350, -0.026863, -0.027501, 0.046886, -0.998520, -0.013083, 0.998797, 0.047281),
      ["LowerTorso"] = CFrame.new(-3.049436, -0.553126, 0.319696, 0.999787, -0.005530, 0.019899, -0.005139, 0.866561, 0.499045, -0.020003, -0.499040, 0.866348),
      ["RightFoot"] = CFrame.new(0.000000, -0.004445, -0.000101, 0.997338, -0.015873, 0.071205, -0.001735, 0.970569, 0.240847, -0.072901, -0.240301, 0.967948),
      ["RightHand"] = CFrame.new(-0.000500, 0.000000, -0.000000, 0.948274, -0.125380, 0.291645, -0.315701, -0.468854, 0.824932, 0.033308, -0.874332, -0.484180),
      ["RightLowerArm"] = CFrame.new(-0.011635, -0.015667, -0.000310, 1.000000, 0.000000, 0.000000, -0.000000, 0.965323, -0.261058, -0.000000, 0.261057, 0.965323),
      ["RightLowerLeg"] = CFrame.new(-0.000000, 0.008397, -0.000869, 1.000000, 0.000000, -0.000000, -0.000000, 0.991995, 0.126251, 0.000000, -0.126274, 0.991998),
      ["RightUpperArm"] = CFrame.new(-0.184097, 0.007187, -0.082031, 0.961247, -0.074985, -0.265294, 0.054864, 0.995082, -0.082470, 0.270174, 0.064719, 0.960634),
      ["RightUpperLeg"] = CFrame.new(-0.018148, 0.065720, -0.004986, 0.997160, 0.008506, -0.074848, 0.018406, 0.935863, 0.351888, 0.073023, -0.352261, 0.933045),
      ["UpperTorso"] = CFrame.new(-0.027012, -0.002965, -0.015472, 0.999805, 0.019634, -0.001915, -0.017776, 0.938768, 0.344092, 0.008553, -0.343991, 0.938934)
    }},
    {Time = 0.200, Data = {
      ["Head"] = CFrame.new(0.000148, 0.007985, -0.030103, 0.997380, 0.031368, 0.065185, 0.015886, 0.784124, -0.620400, -0.070574, 0.619810, 0.781572),
      ["LeftFoot"] = CFrame.new(-0.000000, 0.018358, -0.000002, 0.999642, -0.026016, -0.006200, 0.024984, 0.991148, -0.130402, 0.009552, 0.130185, 0.991442),
      ["LeftHand"] = CFrame.new(0.000500, 0.000100, -0.000000, 0.889780, 0.390920, -0.235531, 0.293251, -0.094266, 0.951377, 0.349707, -0.915585, -0.198511),
      ["LeftLowerArm"] = CFrame.new(0.005666, -0.033990, 0.010548, 1.000000, -0.000000, -0.000000, 0.000000, 0.999943, 0.010700, 0.000000, -0.010700, 0.999943),
      ["LeftLowerLeg"] = CFrame.new(-0.000000, 0.105582, -0.055898, 1.000000, -0.000000, -0.000000, 0.000000, 0.429733, 0.902966, -0.000000, -0.902956, 0.429713),
      ["LeftUpperArm"] = CFrame.new(0.303530, -0.004796, -0.068274, 0.976837, 0.185784, 0.106174, -0.168982, 0.974155, -0.149892, -0.131277, 0.128479, 0.982985),
      ["LeftUpperLeg"] = CFrame.new(0.001924, 0.033702, 0.024926, 0.999536, 0.014350, -0.026863, -0.027501, 0.046886, -0.998520, -0.013083, 0.998797, 0.047281),
      ["LowerTorso"] = CFrame.new(2.249490, -0.553126, 0.319696, 0.999787, -0.005530, 0.019899, -0.005139, 0.866561, 0.499045, -0.020003, -0.499040, 0.866348),
      ["RightFoot"] = CFrame.new(-0.000000, -0.004445, -0.000101, 0.997338, -0.015874, 0.071205, -0.001735, 0.970569, 0.240848, -0.072901, -0.240301, 0.967947),
      ["RightHand"] = CFrame.new(-0.000500, 0.000000, -0.000000, 0.948274, -0.125380, 0.291645, -0.315701, -0.468854, 0.824932, 0.033308, -0.874332, -0.484180),
      ["RightLowerArm"] = CFrame.new(-0.011635, -0.015666, -0.000309, 1.000000, 0.000000, 0.000000, -0.000000, 0.965323, -0.261058, -0.000000, 0.261057, 0.965323),
      ["RightLowerLeg"] = CFrame.new(-0.000000, 0.008396, -0.000869, 1.000000, 0.000000, -0.000000, -0.000000, 0.991996, 0.126250, 0.000000, -0.126272, 0.991998),
      ["RightUpperArm"] = CFrame.new(-0.184097, 0.007187, -0.082031, 0.961247, -0.074985, -0.265294, 0.054864, 0.995082, -0.082470, 0.270174, 0.064719, 0.960634),
      ["RightUpperLeg"] = CFrame.new(-0.018148, 0.065720, -0.004986, 0.997160, 0.008506, -0.074848, 0.018406, 0.935863, 0.351889, 0.073023, -0.352262, 0.933044),
      ["UpperTorso"] = CFrame.new(-0.027012, -0.002965, -0.015472, 0.999805, 0.019634, -0.001915, -0.017776, 0.938768, 0.344092, 0.008553, -0.343991, 0.938934)
    }},
    {Time = 0.233, Data = {
      ["Head"] = CFrame.new(0.000147, 0.007985, -0.030103, 0.997380, 0.031368, 0.065185, 0.015886, 0.784124, -0.620400, -0.070574, 0.619810, 0.781572),
      ["LeftFoot"] = CFrame.new(-0.000000, 0.018358, -0.000002, 0.999642, -0.026016, -0.006200, 0.024984, 0.991148, -0.130402, 0.009552, 0.130185, 0.991442),
      ["LeftHand"] = CFrame.new(0.000500, 0.000100, -0.000000, 0.889780, 0.390920, -0.235531, 0.293251, -0.094266, 0.951377, 0.349707, -0.915585, -0.198511),
      ["LeftLowerArm"] = CFrame.new(0.005665, -0.033989, 0.010549, 1.000000, -0.000000, -0.000000, 0.000000, 0.999943, 0.010700, 0.000000, -0.010700, 0.999943),
      ["LeftLowerLeg"] = CFrame.new(0.000000, 0.105582, -0.055898, 1.000000, -0.000000, -0.000000, 0.000000, 0.429733, 0.902966, -0.000000, -0.902956, 0.429713),
      ["LeftUpperArm"] = CFrame.new(0.303530, -0.004796, -0.068274, 0.976837, 0.185784, 0.106174, -0.168982, 0.974155, -0.149892, -0.131277, 0.128479, 0.982985),
      ["LeftUpperLeg"] = CFrame.new(0.001924, 0.033702, 0.024926, 0.999536, 0.014350, -0.026863, -0.027501, 0.046886, -0.998520, -0.013083, 0.998797, 0.047281),
      ["LowerTorso"] = CFrame.new(-0.105588, -0.553126, 0.319696, 0.999787, -0.005530, 0.019899, -0.005139, 0.866561, 0.499045, -0.020003, -0.499040, 0.866348),
      ["RightFoot"] = CFrame.new(-0.000000, -0.004445, -0.000101, 0.997338, -0.015874, 0.071205, -0.001735, 0.970569, 0.240848, -0.072901, -0.240301, 0.967947),
      ["RightHand"] = CFrame.new(-0.000500, 0.000000, -0.000000, 0.948274, -0.125380, 0.291645, -0.315701, -0.468854, 0.824932, 0.033308, -0.874332, -0.484180),
      ["RightLowerArm"] = CFrame.new(-0.011635, -0.015667, -0.000310, 1.000000, 0.000000, 0.000000, -0.000000, 0.965323, -0.261058, -0.000000, 0.261057, 0.965323),
      ["RightLowerLeg"] = CFrame.new(0.000000, 0.008397, -0.000869, 1.000000, 0.000000, -0.000000, -0.000000, 0.991996, 0.126251, 0.000000, -0.126273, 0.991998),
      ["RightUpperArm"] = CFrame.new(-0.184097, 0.007187, -0.082031, 0.961247, -0.074985, -0.265294, 0.054864, 0.995082, -0.082470, 0.270174, 0.064719, 0.960634),
      ["RightUpperLeg"] = CFrame.new(-0.018148, 0.065720, -0.004986, 0.997160, 0.008506, -0.074848, 0.018406, 0.935863, 0.351889, 0.073023, -0.352261, 0.933045),
      ["UpperTorso"] = CFrame.new(-0.027012, -0.002965, -0.015472, 0.999805, 0.019634, -0.001915, -0.017776, 0.938768, 0.344092, 0.008553, -0.343991, 0.938934)
    }},
    {Time = 0.267, Data = {
      ["Head"] = CFrame.new(0.000147, 0.007985, -0.030103, 0.997380, 0.031368, 0.065185, 0.015886, 0.784124, -0.620400, -0.070574, 0.619810, 0.781572),
      ["LeftFoot"] = CFrame.new(0.000000, 0.018358, -0.000002, 0.999642, -0.026016, -0.006200, 0.024984, 0.991148, -0.130402, 0.009552, 0.130185, 0.991442),
      ["LeftHand"] = CFrame.new(0.000500, 0.000100, -0.000000, 0.889780, 0.390920, -0.235531, 0.293251, -0.094266, 0.951377, 0.349707, -0.915585, -0.198511),
      ["LeftLowerArm"] = CFrame.new(0.005665, -0.033989, 0.010548, 1.000000, -0.000000, -0.000000, 0.000000, 0.999943, 0.010700, 0.000000, -0.010700, 0.999943),
      ["LeftLowerLeg"] = CFrame.new(0.000000, 0.105582, -0.055898, 1.000000, -0.000000, -0.000000, 0.000000, 0.429733, 0.902966, -0.000000, -0.902956, 0.429713),
      ["LeftUpperArm"] = CFrame.new(0.303530, -0.004796, -0.068274, 0.976837, 0.185784, 0.106174, -0.168982, 0.974155, -0.149892, -0.131277, 0.128479, 0.982985),
      ["LeftUpperLeg"] = CFrame.new(0.001924, 0.033702, 0.024926, 0.999536, 0.014350, -0.026863, -0.027501, 0.046886, -0.998520, -0.013083, 0.998797, 0.047282),
      ["LowerTorso"] = CFrame.new(-0.240163, -0.553126, 0.319695, 0.999787, -0.005530, 0.019899, -0.005139, 0.866561, 0.499045, -0.020003, -0.499040, 0.866348),
      ["RightFoot"] = CFrame.new(-0.000000, -0.004445, -0.000101, 0.997338, -0.015874, 0.071205, -0.001735, 0.970569, 0.240847, -0.072901, -0.240301, 0.967948),
      ["RightHand"] = CFrame.new(-0.000500, 0.000000, -0.000000, 0.948274, -0.125380, 0.291645, -0.315701, -0.468854, 0.824932, 0.033308, -0.874332, -0.484180),
      ["RightLowerArm"] = CFrame.new(-0.011635, -0.015667, -0.000309, 1.000000, 0.000000, 0.000000, -0.000000, 0.965323, -0.261058, -0.000000, 0.261057, 0.965323),
      ["RightLowerLeg"] = CFrame.new(-0.000000, 0.008397, -0.000869, 1.000000, 0.000000, -0.000000, -0.000000, 0.991995, 0.126252, 0.000000, -0.126274, 0.991998),
      ["RightUpperArm"] = CFrame.new(-0.184097, 0.007187, -0.082031, 0.961247, -0.074985, -0.265294, 0.054864, 0.995082, -0.082470, 0.270174, 0.064719, 0.960634),
      ["RightUpperLeg"] = CFrame.new(-0.018148, 0.065720, -0.004986, 0.997160, 0.008506, -0.074848, 0.018406, 0.935863, 0.351888, 0.073023, -0.352261, 0.933045),
      ["UpperTorso"] = CFrame.new(-0.027012, -0.002965, -0.015472, 0.999805, 0.019634, -0.001915, -0.017776, 0.938768, 0.344092, 0.008553, -0.343991, 0.938934)
    }}
  }
}