return {
  ["Astro's stare walk"] = {
    {Time = 0.000, Data = {
      ["Head"] = CFrame.new(-0.000000, -0.000000, 0.000000, 0.772375, -0.122745, 0.623193, 0.100586, 0.992406, 0.070801, -0.627151, 0.007999, 0.778857),
      ["LeftFoot"] = CFrame.new(-0.000000, 0.000000, 0.000000, 0.996629, 0.071148, 0.040856, -0.055302, 0.950393, -0.306096, -0.060608, 0.302804, 0.951124),
      ["LeftHand"] = CFrame.new(-0.000000, 0.000000, 0.000000, 0.935748, 0.165557, -0.311393, -0.236596, 0.949481, -0.206174, 0.261528, 0.266602, 0.927646),
      ["LeftLowerArm"] = CFrame.new(-0.000000, -0.000000, 0.000000, 1.000000, 0.000000, -0.000000, 0.000000, 0.958180, -0.286168, -0.000000, 0.286168, 0.958180),
      ["LeftLowerLeg"] = CFrame.new(0.000000, -0.000000, -0.000000, 1.000000, 0.000000, 0.000000, -0.000000, 0.781577, 0.623809, 0.000000, -0.623809, 0.781577),
      ["LeftUpperArm"] = CFrame.new(-0.000000, -0.065238, -0.000000, 0.996856, -0.063707, -0.047115, 0.070189, 0.985887, 0.151990, 0.036767, -0.154820, 0.987258),
      ["LeftUpperLeg"] = CFrame.new(0.000026, 0.000126, 0.004997, 0.996917, -0.071478, -0.032370, 0.057587, 0.946682, -0.316981, 0.053301, 0.314140, 0.947879),
      ["LowerTorso"] = CFrame.new(0.104436, -0.094473, -0.005427, 0.102724, -0.035753, -0.994067, 0.019654, 0.999232, -0.033907, 0.994516, -0.016055, 0.103348),
      ["RightFoot"] = CFrame.new(0.000000, 0.000000, 0.000000, 0.984654, 0.126059, -0.120684, -0.150779, 0.962717, -0.224594, 0.087871, 0.239344, 0.966950),
      ["RightHand"] = CFrame.new(0.000000, 0.000000, 0.000000, 0.953424, -0.146532, 0.263647, 0.192587, 0.968446, -0.158191, -0.232147, 0.201598, 0.951560),
      ["RightLowerArm"] = CFrame.new(-0.000000, 0.000000, -0.000000, 1.000000, -0.000002, 0.000001, -0.000002, 0.905606, -0.424119, -0.000000, 0.424120, 0.905606),
      ["RightLowerLeg"] = CFrame.new(0.000000, 0.000000, 0.000000, 1.000000, -0.000000, -0.000000, 0.000000, 0.402148, 0.915575, -0.000000, -0.915575, 0.402148),
      ["RightUpperArm"] = CFrame.new(0.000000, -0.065238, 0.000000, 0.980100, 0.094309, 0.174672, -0.117511, 0.984836, 0.127629, -0.159987, -0.145616, 0.976320),
      ["RightUpperLeg"] = CFrame.new(-0.000026, -0.000125, -0.004997, 0.948072, -0.240778, -0.207808, 0.149990, 0.914625, -0.375452, 0.280466, 0.324787, 0.903245),
      ["UpperTorso"] = CFrame.new(-0.000000, 0.000000, -0.000000, 0.901032, -0.073738, 0.427440, -0.025722, 0.974626, 0.222359, -0.432990, -0.211347, 0.876272)
    }},
    {Time = 0.033, Data = {
      ["Head"] = CFrame.new(0.000000, 0.000000, -0.000000, 0.760073, -0.125906, 0.637523, 0.102421, 0.992000, 0.073804, -0.641715, 0.009199, 0.766888),
      ["LeftFoot"] = CFrame.new(0.000000, 0.000000, 0.000000, 0.996968, 0.068331, 0.037227, -0.050425, 0.931680, -0.359764, -0.059267, 0.356796, 0.932301),
      ["LeftHand"] = CFrame.new(0.000000, -0.000000, -0.000000, 0.936109, 0.157202, -0.314622, -0.235824, 0.944216, -0.229878, 0.260934, 0.289386, 0.920961),
      ["LeftLowerArm"] = CFrame.new(0.000000, -0.000000, -0.000000, 1.000000, 0.000000, -0.000000, 0.000001, 0.945242, -0.326371, 0.000000, 0.326372, 0.945242),
      ["LeftLowerLeg"] = CFrame.new(-0.000000, 0.000000, -0.000000, 1.000000, 0.000000, 0.000000, -0.000000, 0.815223, 0.579148, 0.000000, -0.579148, 0.815223),
      ["LeftUpperArm"] = CFrame.new(0.000000, -0.065237, 0.000000, 0.996881, -0.061397, -0.049590, 0.068651, 0.984550, 0.161088, 0.038933, -0.163990, 0.985693),
      ["LeftUpperLeg"] = CFrame.new(0.000025, 0.000126, 0.004998, 0.997690, -0.055173, -0.039620, 0.045853, 0.977376, -0.206482, 0.050116, 0.204188, 0.977648),
      ["LowerTorso"] = CFrame.new(0.093822, -0.080287, -0.006070, 0.102377, -0.038429, -0.994003, 0.028583, 0.998955, -0.035677, 0.994335, -0.024760, 0.103368),
      ["RightFoot"] = CFrame.new(-0.000000, 0.000000, -0.000000, 0.980251, 0.121361, -0.156136, -0.148657, 0.972907, -0.177067, 0.130416, 0.196781, 0.971735),
      ["RightHand"] = CFrame.new(-0.000000, 0.000000, 0.000000, 0.956181, -0.135178, 0.259699, 0.180167, 0.970865, -0.157991, -0.230776, 0.197857, 0.952678),
      ["RightLowerArm"] = CFrame.new(0.000000, 0.000000, 0.000000, 1.000000, -0.000002, 0.000001, -0.000002, 0.917558, -0.397602, -0.000000, 0.397602, 0.917558),
      ["RightLowerLeg"] = CFrame.new(-0.000000, 0.000000, -0.000000, 1.000000, -0.000000, -0.000000, 0.000000, 0.544259, 0.838918, -0.000000, -0.838917, 0.544258),
      ["RightUpperArm"] = CFrame.new(0.000000, -0.065238, -0.000000, 0.982501, 0.089382, 0.163408, -0.115305, 0.980884, 0.156749, -0.146275, -0.172848, 0.974026),
      ["RightUpperLeg"] = CFrame.new(-0.000025, -0.000125, -0.004997, 0.946999, -0.214831, -0.238831, 0.085531, 0.885259, -0.457167, 0.309641, 0.412509, 0.856714),
      ["UpperTorso"] = CFrame.new(-0.000000, 0.000000, -0.000000, 0.908894, -0.058770, 0.412866, -0.035663, 0.975440, 0.217362, -0.415500, -0.212282, 0.884475)
    }},
    {Time = 0.067, Data = {
      ["Head"] = CFrame.new(-0.000000, -0.000000, -0.000000, 0.747538, -0.136233, 0.650098, 0.110190, 0.990614, 0.080884, -0.655015, 0.011171, 0.755533),
      ["LeftFoot"] = CFrame.new(-0.000000, 0.000000, 0.000000, 0.996908, 0.068533, 0.038429, -0.047338, 0.914228, -0.402426, -0.062713, 0.399363, 0.914646),
      ["LeftHand"] = CFrame.new(-0.000000, -0.000000, -0.000000, 0.935376, 0.148058, -0.321171, -0.235090, 0.938763, -0.251908, 0.264206, 0.311133, 0.912903),
      ["LeftLowerArm"] = CFrame.new(0.000000, -0.000000, 0.000000, 1.000000, 0.000000, -0.000000, 0.000000, 0.931568, -0.363568, 0.000000, 0.363568, 0.931568),
      ["LeftLowerLeg"] = CFrame.new(0.000000, 0.000000, -0.000000, 1.000000, 0.000000, 0.000000, -0.000000, 0.856387, 0.516334, 0.000000, -0.516334, 0.856387),
      ["LeftUpperArm"] = CFrame.new(-0.000000, -0.065238, -0.000000, 0.996319, -0.070717, -0.048459, 0.077918, 0.982723, 0.167879, 0.035749, -0.171037, 0.984616),
      ["LeftUpperLeg"] = CFrame.new(0.000025, 0.000126, 0.004997, 0.997816, -0.045727, -0.047663, 0.041473, 0.995366, -0.086762, 0.051410, 0.084596, 0.995088),
      ["LowerTorso"] = CFrame.new(0.084162, -0.076624, -0.010789, 0.103787, -0.039191, -0.993827, 0.033236, 0.998802, -0.035917, 0.994044, -0.029304, 0.104966),
      ["RightFoot"] = CFrame.new(-0.000000, 0.000000, -0.000000, 0.977357, 0.130690, -0.166413, -0.141626, 0.988359, -0.055580, 0.157211, 0.077889, 0.984489),
      ["RightHand"] = CFrame.new(-0.000000, 0.000000, -0.000000, 0.958503, -0.134073, 0.251587, 0.177886, 0.970907, -0.160302, -0.222775, 0.198404, 0.954467),
      ["RightLowerArm"] = CFrame.new(-0.000000, 0.000000, 0.000000, 1.000000, -0.000002, 0.000000, -0.000002, 0.929310, -0.369300, -0.000000, 0.369300, 0.929310),
      ["RightLowerLeg"] = CFrame.new(-0.000000, -0.000000, -0.000000, 1.000000, -0.000000, -0.000000, 0.000000, 0.759219, 0.650835, -0.000000, -0.650835, 0.759219),
      ["RightUpperArm"] = CFrame.new(0.000000, -0.065238, -0.000000, 0.985498, 0.082257, 0.148415, -0.108498, 0.977954, 0.178424, -0.130466, -0.191939, 0.972696),
      ["RightUpperLeg"] = CFrame.new(-0.000025, -0.000125, -0.004997, 0.944033, -0.178445, -0.277414, 0.028031, 0.881385, -0.471567, 0.328658, 0.437399, 0.837058),
      ["UpperTorso"] = CFrame.new(-0.000000, 0.000000, 0.000000, 0.917159, -0.045762, 0.395886, -0.042570, 0.976451, 0.211497, -0.396242, -0.210829, 0.893612)
    }},
    {Time = 0.100, Data = {
      ["Head"] = CFrame.new(-0.000000, 0.000000, -0.000000, 0.734623, -0.141673, 0.663519, 0.108678, 0.989900, 0.091037, -0.669715, 0.005232, 0.742600),
      ["LeftFoot"] = CFrame.new(-0.000000, 0.000000, -0.000000, 0.996649, 0.070394, 0.041644, -0.045050, 0.897423, -0.438866, -0.068267, 0.435519, 0.897587),
      ["LeftHand"] = CFrame.new(0.000000, -0.000000, 0.000000, 0.933693, 0.139325, -0.329859, -0.231304, 0.937887, -0.258583, 0.273343, 0.317735, 0.907925),
      ["LeftLowerArm"] = CFrame.new(-0.000000, 0.000000, -0.000000, 1.000000, 0.000000, -0.000000, 0.000000, 0.908230, -0.418472, -0.000000, 0.418472, 0.908230),
      ["LeftLowerLeg"] = CFrame.new(0.000000, -0.000000, -0.000000, 1.000000, 0.000000, 0.000000, -0.000000, 0.897636, 0.440738, 0.000000, -0.440737, 0.897636),
      ["LeftUpperArm"] = CFrame.new(-0.000000, -0.065238, 0.000000, 0.995727, -0.080307, -0.045588, 0.087575, 0.977809, 0.190316, 0.029293, -0.193496, 0.980664),
      ["LeftUpperLeg"] = CFrame.new(0.000025, 0.000126, 0.004997, 0.997095, -0.049739, -0.057678, 0.051935, 0.997959, 0.037156, 0.055712, -0.040043, 0.997644),
      ["LowerTorso"] = CFrame.new(0.076124, -0.090703, -0.018217, 0.109997, -0.037408, -0.993228, 0.024765, 0.999084, -0.034885, 0.993623, -0.020761, 0.110823),
      ["RightFoot"] = CFrame.new(0.000000, 0.000000, -0.000000, 0.980209, 0.144042, -0.135800, -0.139507, 0.989313, 0.042396, 0.140455, -0.022611, 0.989829),
      ["RightHand"] = CFrame.new(-0.000000, -0.000000, 0.000000, 0.958788, -0.146777, 0.243271, 0.186681, 0.970911, -0.149946, -0.214186, 0.189180, 0.958298),
      ["RightLowerArm"] = CFrame.new(0.000000, 0.000000, -0.000000, 1.000000, -0.000002, 0.000000, -0.000002, 0.934444, -0.356109, -0.000000, 0.356109, 0.934445),
      ["RightLowerLeg"] = CFrame.new(-0.000000, 0.000000, -0.000000, 1.000000, -0.000000, 0.000000, 0.000000, 0.927136, 0.374725, 0.000000, -0.374725, 0.927136),
      ["RightUpperArm"] = CFrame.new(0.000000, -0.065238, -0.000000, 0.989226, 0.074066, 0.126279, -0.099301, 0.973281, 0.207034, -0.107570, -0.217343, 0.970150),
      ["RightUpperLeg"] = CFrame.new(-0.000026, -0.000126, -0.004997, 0.936539, -0.151174, -0.316293, -0.012324, 0.887483, -0.460676, 0.350347, 0.435339, 0.829298),
      ["UpperTorso"] = CFrame.new(-0.000000, -0.000000, 0.000000, 0.927093, -0.043545, 0.372294, -0.037850, 0.977276, 0.208563, -0.372916, -0.207448, 0.904377)
    }},
    {Time = 0.133, Data = {
      ["Head"] = CFrame.new(0.000000, -0.000000, 0.000000, 0.722495, -0.143848, 0.676246, 0.101899, 0.989590, 0.101633, -0.683826, -0.004520, 0.729631),
      ["LeftFoot"] = CFrame.new(0.000000, -0.000000, 0.000000, 0.996624, 0.070527, 0.042021, -0.042929, 0.883987, -0.465537, -0.069980, 0.462161, 0.884030),
      ["LeftHand"] = CFrame.new(-0.000000, 0.000000, 0.000000, 0.932211, 0.132023, -0.336976, -0.225380, 0.940281, -0.255100, 0.283172, 0.313755, 0.906295),
      ["LeftLowerArm"] = CFrame.new(0.000000, 0.000000, -0.000000, 1.000000, 0.000000, -0.000000, 0.000000, 0.875102, -0.483939, 0.000000, 0.483938, 0.875102),
      ["LeftLowerLeg"] = CFrame.new(0.000000, -0.000000, 0.000000, 1.000000, 0.000000, 0.000000, -0.000000, 0.929675, 0.368380, 0.000000, -0.368380, 0.929675),
      ["LeftUpperArm"] = CFrame.new(-0.000000, -0.065238, -0.000000, 0.995821, -0.081740, -0.040733, 0.088640, 0.972456, 0.215574, 0.021990, -0.218283, 0.975638),
      ["LeftUpperLeg"] = CFrame.new(0.000026, 0.000126, 0.004998, 0.995919, -0.058103, -0.069053, 0.068845, 0.983888, 0.165001, 0.058353, -0.169082, 0.983873),
      ["LowerTorso"] = CFrame.new(0.074071, -0.119512, -0.025022, 0.118828, -0.042145, -0.992020, 0.008709, 0.999105, -0.041403, 0.992877, -0.003720, 0.119089),
      ["RightFoot"] = CFrame.new(0.000000, 0.000000, -0.000000, 0.989346, 0.118029, -0.085228, -0.104041, 0.982705, 0.153188, 0.101835, -0.142688, 0.984515),
      ["RightHand"] = CFrame.new(0.000000, -0.000000, -0.000000, 0.960407, -0.160011, 0.228064, 0.195948, 0.969885, -0.144672, -0.198046, 0.183632, 0.962838),
      ["RightLowerArm"] = CFrame.new(-0.000000, 0.000000, -0.000000, 1.000000, -0.000003, 0.000000, -0.000002, 0.935106, -0.354366, -0.000001, 0.354368, 0.935107),
      ["RightLowerLeg"] = CFrame.new(0.000000, 0.000000, -0.000000, 1.000000, -0.000000, 0.000000, 0.000000, 0.999984, 0.005592, 0.000000, -0.005592, 0.999984),
      ["RightUpperArm"] = CFrame.new(0.000000, -0.065238, 0.000000, 0.992845, 0.064570, 0.100442, -0.086792, 0.967952, 0.235663, -0.082007, -0.242694, 0.966630),
      ["RightUpperLeg"] = CFrame.new(-0.000026, -0.000125, -0.004997, 0.931587, -0.112918, -0.345538, -0.037801, 0.915287, -0.401026, 0.361549, 0.386652, 0.848399),
      ["UpperTorso"] = CFrame.new(0.000000, 0.000000, 0.000000, 0.936938, -0.049829, 0.345926, -0.027453, 0.976233, 0.214980, -0.348417, -0.210920, 0.913301)
    }},
    {Time = 0.167, Data = {
      ["Head"] = CFrame.new(-0.000000, -0.000000, 0.000000, 0.714188, -0.144804, 0.684812, 0.097403, 0.989408, 0.107630, -0.693144, -0.010165, 0.720728),
      ["LeftFoot"] = CFrame.new(0.000000, -0.000000, 0.000000, 0.997023, 0.069484, 0.033426, -0.044685, 0.873964, -0.483932, -0.062839, 0.480997, 0.874467),
      ["LeftHand"] = CFrame.new(0.000000, -0.000000, -0.000000, 0.930448, 0.127758, -0.343429, -0.220577, 0.943695, -0.246547, 0.292594, 0.305152, 0.906240),
      ["LeftLowerArm"] = CFrame.new(0.000000, 0.000000, 0.000000, 1.000000, -0.000000, -0.000000, 0.000000, 0.844450, -0.535635, -0.000000, 0.535635, 0.844449),
      ["LeftLowerLeg"] = CFrame.new(-0.000000, -0.000000, -0.000000, 1.000000, 0.000000, 0.000000, -0.000000, 0.953481, 0.301452, 0.000000, -0.301452, 0.953481),
      ["LeftUpperArm"] = CFrame.new(0.000000, -0.065238, 0.000000, 0.996148, -0.079631, -0.036720, 0.085967, 0.969415, 0.229880, 0.017291, -0.232151, 0.972526),
      ["LeftUpperLeg"] = CFrame.new(0.000026, 0.000126, 0.004998, 0.995148, -0.053388, -0.082643, 0.075183, 0.954465, 0.288693, 0.063467, -0.293505, 0.953848),
      ["LowerTorso"] = CFrame.new(0.076731, -0.155542, -0.027949, 0.132217, -0.049644, -0.989977, -0.000357, 0.998743, -0.050131, 0.991221, 0.006981, 0.132034),
      ["RightFoot"] = CFrame.new(0.000000, 0.000000, -0.000000, 0.994037, 0.072025, -0.081868, -0.064271, 0.993523, 0.093715, 0.088088, -0.087894, 0.992227),
      ["RightHand"] = CFrame.new(0.000000, 0.000000, -0.000000, 0.961643, -0.172133, 0.213569, 0.204842, 0.968475, -0.141766, -0.182433, 0.180075, 0.966587),
      ["RightLowerArm"] = CFrame.new(0.000000, 0.000000, 0.000000, 1.000000, -0.000002, 0.000000, -0.000002, 0.931682, -0.363275, -0.000000, 0.363276, 0.931682),
      ["RightLowerLeg"] = CFrame.new(0.000000, 0.000000, 0.000000, 1.000000, -0.000000, 0.000000, -0.000000, 0.999986, 0.005225, 0.000000, -0.005225, 0.999986),
      ["RightUpperArm"] = CFrame.new(-0.000000, -0.065238, 0.000000, 0.996042, 0.055161, 0.069697, -0.071607, 0.962529, 0.261553, -0.052658, -0.265509, 0.962669),
      ["RightUpperLeg"] = CFrame.new(-0.000025, -0.000126, -0.004997, 0.928109, -0.123615, -0.351189, -0.059877, 0.881430, -0.468504, 0.367463, 0.455851, 0.810661),
      ["UpperTorso"] = CFrame.new(0.000000, 0.000000, -0.000000, 0.945567, -0.048029, 0.321864, -0.026180, 0.974616, 0.222350, -0.324373, -0.218673, 0.920307)
    }},
    {Time = 0.200, Data = {
      ["Head"] = CFrame.new(-0.000000, 0.000000, 0.000000, 0.711559, -0.148854, 0.686678, 0.100645, 0.988816, 0.110058, -0.695381, -0.009202, 0.718582),
      ["LeftFoot"] = CFrame.new(0.000000, -0.000000, 0.000000, 0.997464, 0.069004, 0.017413, -0.056682, 0.918235, -0.391959, -0.043037, 0.389978, 0.919818),
      ["LeftHand"] = CFrame.new(0.000000, 0.000000, -0.000000, 0.926719, 0.124455, -0.354547, -0.215766, 0.948743, -0.230936, 0.307633, 0.290512, 0.906071),
      ["LeftLowerArm"] = CFrame.new(0.000000, 0.000000, -0.000000, 1.000000, 0.000000, 0.000000, 0.000000, 0.820460, -0.571703, 0.000000, 0.571704, 0.820461),
      ["LeftLowerLeg"] = CFrame.new(-0.000000, 0.000000, 0.000000, 1.000000, -0.000000, -0.000000, -0.000000, 0.998218, 0.059680, 0.000000, -0.059680, 0.998218),
      ["LeftUpperArm"] = CFrame.new(-0.000000, -0.065238, 0.000000, 0.996110, -0.079390, -0.038248, 0.086186, 0.968164, 0.235012, 0.018372, -0.237394, 0.971240),
      ["LeftUpperLeg"] = CFrame.new(0.000026, 0.000126, 0.004997, 0.995965, -0.008386, -0.089353, 0.052885, 0.859257, 0.508803, 0.072510, -0.511475, 0.856233),
      ["LowerTorso"] = CFrame.new(0.074222, -0.186344, -0.023529, 0.149638, -0.042182, -0.987841, 0.009151, 0.999106, -0.041277, 0.988698, -0.002864, 0.149890),
      ["RightFoot"] = CFrame.new(0.000000, 0.000000, 0.000000, 0.993815, 0.006589, -0.110850, 0.002213, 0.996864, 0.079108, 0.111024, -0.078863, 0.990684),
      ["RightHand"] = CFrame.new(0.000000, 0.000000, -0.000000, 0.959894, -0.169887, 0.223027, 0.203071, 0.969774, -0.135286, -0.193302, 0.175150, 0.965379),
      ["RightLowerArm"] = CFrame.new(-0.000000, 0.000000, -0.000000, 1.000000, -0.000002, 0.000001, -0.000002, 0.927287, -0.374349, -0.000000, 0.374350, 0.927288),
      ["RightLowerLeg"] = CFrame.new(-0.000000, -0.000000, -0.000000, 1.000000, -0.000000, -0.000000, 0.000000, 0.999988, 0.004902, 0.000000, -0.004903, 0.999988),
      ["RightUpperArm"] = CFrame.new(0.000000, -0.065238, 0.000000, 0.998292, 0.050470, 0.029426, -0.056627, 0.959796, 0.274926, -0.014368, -0.276123, 0.961015),
      ["RightUpperLeg"] = CFrame.new(-0.000026, -0.000126, -0.004997, 0.933455, -0.098472, -0.344912, -0.085936, 0.872176, -0.481585, 0.348247, 0.479179, 0.805674),
      ["UpperTorso"] = CFrame.new(0.000000, -0.000000, -0.000000, 0.951970, -0.025286, 0.305145, -0.042428, 0.976076, 0.213252, -0.303237, -0.215956, 0.928122)
    }},
    {Time = 0.233, Data = {
      ["Head"] = CFrame.new(0.000000, 0.000000, -0.000000, 0.714546, -0.156189, 0.681930, 0.112589, 0.987727, 0.108255, -0.690469, -0.000575, 0.723362),
      ["LeftFoot"] = CFrame.new(0.000000, 0.000000, 0.000000, 0.997708, 0.066156, -0.014245, -0.066011, 0.905027, -0.420202, -0.014908, 0.420179, 0.907319),
      ["LeftHand"] = CFrame.new(0.000000, 0.000000, -0.000000, 0.918708, 0.122916, -0.375323, -0.211742, 0.955504, -0.205373, 0.333378, 0.268149, 0.903856),
      ["LeftLowerArm"] = CFrame.new(0.000000, 0.000000, -0.000000, 1.000000, 0.000001, -0.000000, 0.000001, 0.805036, -0.593226, 0.000000, 0.593226, 0.805036),
      ["LeftLowerLeg"] = CFrame.new(0.000000, 0.000000, -0.000000, 1.000000, 0.000000, 0.000000, -0.000000, 0.990805, 0.135295, 0.000000, -0.135295, 0.990805),
      ["LeftUpperArm"] = CFrame.new(0.000000, -0.065237, 0.000000, 0.995886, -0.079140, -0.044126, 0.087264, 0.968812, 0.231921, 0.024395, -0.234818, 0.971733),
      ["LeftUpperLeg"] = CFrame.new(0.000025, 0.000126, 0.004997, 0.996340, 0.011091, -0.084756, 0.031598, 0.873539, 0.485728, 0.079425, -0.486628, 0.869991),
      ["LowerTorso"] = CFrame.new(0.073908, -0.207340, -0.016133, 0.168717, -0.033294, -0.985102, 0.019958, 0.999340, -0.030357, 0.985462, -0.014540, 0.169270),
      ["RightFoot"] = CFrame.new(0.000000, 0.000000, -0.000000, 0.994714, -0.036927, -0.095810, 0.050481, 0.988411, 0.143165, 0.089414, -0.147245, 0.985050),
      ["RightHand"] = CFrame.new(-0.000000, -0.000000, -0.000000, 0.954460, -0.159291, 0.252254, 0.194975, 0.973030, -0.123281, -0.225813, 0.166849, 0.959776),
      ["RightLowerArm"] = CFrame.new(0.000000, -0.000000, 0.000000, 1.000000, -0.000002, 0.000000, -0.000002, 0.924423, -0.381368, -0.000001, 0.381370, 0.924423),
      ["RightLowerLeg"] = CFrame.new(-0.000000, 0.000000, -0.000000, 1.000000, -0.000000, 0.000000, 0.000000, 0.982618, 0.185641, 0.000000, -0.185641, 0.982618),
      ["RightUpperArm"] = CFrame.new(-0.000000, -0.065238, -0.000000, 0.998589, 0.050607, -0.016069, -0.044117, 0.959205, 0.279247, 0.029545, -0.278144, 0.960085),
      ["RightUpperLeg"] = CFrame.new(-0.000026, -0.000125, -0.004997, 0.936593, -0.109309, -0.332935, -0.100116, 0.827026, -0.553177, 0.335814, 0.551434, 0.763642),
      ["UpperTorso"] = CFrame.new(0.000000, 0.000000, 0.000000, 0.955551, -0.000914, 0.294824, -0.062859, 0.976370, 0.206761, -0.288046, -0.216103, 0.932914)
    }},
    {Time = 0.267, Data = {
      ["Head"] = CFrame.new(0.000000, -0.000000, -0.000000, 0.720464, -0.164404, 0.673724, 0.128883, 0.986311, 0.102858, -0.681411, 0.012726, 0.731790),
      ["LeftFoot"] = CFrame.new(-0.000000, 0.000000, -0.000000, 0.998928, -0.002949, -0.046190, -0.010730, 0.956030, -0.293073, 0.045022, 0.293254, 0.954974),
      ["LeftHand"] = CFrame.new(-0.000000, -0.000000, -0.000000, 0.916792, 0.123605, -0.379756, -0.204221, 0.962268, -0.179820, 0.343200, 0.242411, 0.907442),
      ["LeftLowerArm"] = CFrame.new(-0.000000, -0.000000, -0.000000, 1.000000, 0.000000, 0.000000, 0.000000, 0.793826, -0.608145, 0.000000, 0.608146, 0.793826),
      ["LeftLowerLeg"] = CFrame.new(0.000000, 0.000000, 0.000000, 1.000000, 0.000000, 0.000000, -0.000000, 0.978982, 0.203948, -0.000000, -0.203948, 0.978982),
      ["LeftUpperArm"] = CFrame.new(-0.000000, -0.065238, -0.000000, 0.995562, -0.080208, -0.049226, 0.089409, 0.969367, 0.228766, 0.029369, -0.232152, 0.972236),
      ["LeftUpperLeg"] = CFrame.new(0.000026, 0.000126, 0.004998, 0.996551, 0.042252, -0.071418, -0.002322, 0.874537, 0.484954, 0.082948, -0.483115, 0.871619),
      ["LowerTorso"] = CFrame.new(0.077438, -0.218252, -0.004879, 0.177208, -0.028421, -0.983763, 0.033671, 0.999173, -0.022801, 0.983597, -0.029085, 0.178018),
      ["RightFoot"] = CFrame.new(-0.000000, 0.000000, 0.000000, 0.995552, -0.052891, -0.077974, 0.068468, 0.974628, 0.213100, 0.064725, -0.217490, 0.973914),
      ["RightHand"] = CFrame.new(0.000000, 0.000000, -0.000000, 0.951572, -0.158517, 0.263404, 0.197991, 0.971462, -0.130621, -0.235181, 0.176445, 0.955801),
      ["RightLowerArm"] = CFrame.new(-0.000000, 0.000000, 0.000000, 1.000000, -0.000003, 0.000001, -0.000003, 0.928241, -0.371978, -0.000000, 0.371979, 0.928241),
      ["RightLowerLeg"] = CFrame.new(0.000000, 0.000000, 0.000000, 1.000000, -0.000000, -0.000000, 0.000000, 0.940989, 0.338437, -0.000000, -0.338436, 0.940989),
      ["RightUpperArm"] = CFrame.new(0.000000, -0.065238, 0.000000, 0.997324, 0.052866, -0.050493, -0.036849, 0.960065, 0.277340, 0.063138, -0.274738, 0.959444),
      ["RightUpperLeg"] = CFrame.new(-0.000026, -0.000126, -0.004997, 0.938915, -0.111861, -0.325463, -0.108227, 0.801744, -0.587787, 0.326689, 0.587107, 0.740662),
      ["UpperTorso"] = CFrame.new(0.000000, 0.000000, 0.000000, 0.953761, 0.023566, 0.299642, -0.088596, 0.974670, 0.205350, -0.287213, -0.222402, 0.931690)
    }},
    {Time = 0.300, Data = {
      ["Head"] = CFrame.new(0.000000, 0.000000, 0.000000, 0.729009, -0.168072, 0.663549, 0.140866, 0.985475, 0.094851, -0.669853, 0.024324, 0.742096),
      ["LeftFoot"] = CFrame.new(-0.000000, 0.000000, 0.000000, 0.981999, -0.158008, -0.103504, 0.153393, 0.986840, -0.051165, 0.110225, 0.034368, 0.993312),
      ["LeftHand"] = CFrame.new(-0.000000, 0.000000, -0.000000, 0.914958, 0.125040, -0.383688, -0.196593, 0.968443, -0.153196, 0.352425, 0.215598, 0.910667),
      ["LeftLowerArm"] = CFrame.new(0.000000, 0.000000, -0.000000, 1.000000, -0.000000, -0.000000, 0.000000, 0.795541, -0.605900, -0.000000, 0.605899, 0.795541),
      ["LeftLowerLeg"] = CFrame.new(-0.000000, 0.000000, -0.000000, 1.000000, 0.000000, 0.000000, -0.000000, 0.907718, 0.419581, 0.000000, -0.419581, 0.907718),
      ["LeftUpperArm"] = CFrame.new(0.000000, -0.065238, -0.000000, 0.994634, -0.084183, -0.060132, 0.095363, 0.971399, 0.217462, 0.040106, -0.222030, 0.974215),
      ["LeftUpperLeg"] = CFrame.new(0.000026, 0.000125, 0.004998, 0.995774, 0.075497, -0.052291, -0.049605, 0.921354, 0.385547, 0.077286, -0.381324, 0.921205),
      ["LowerTorso"] = CFrame.new(0.082514, -0.220824, 0.009361, 0.172444, -0.029927, -0.984565, 0.050321, 0.998501, -0.021537, 0.983733, -0.045831, 0.173691),
      ["RightFoot"] = CFrame.new(0.000000, 0.000000, 0.000000, 0.995984, -0.055763, -0.070051, 0.066143, 0.985553, 0.155917, 0.060344, -0.159924, 0.985283),
      ["RightHand"] = CFrame.new(0.000000, 0.000000, 0.000000, 0.953317, -0.170076, 0.249519, 0.216089, 0.961413, -0.170268, -0.210932, 0.216237, 0.953283),
      ["RightLowerArm"] = CFrame.new(0.000000, 0.000000, 0.000000, 1.000000, -0.000003, 0.000000, -0.000003, 0.939725, -0.341929, -0.000000, 0.341931, 0.939726),
      ["RightLowerLeg"] = CFrame.new(-0.000000, 0.000000, -0.000000, 1.000000, -0.000000, -0.000000, 0.000000, 0.872406, 0.488783, -0.000000, -0.488782, 0.872406),
      ["RightUpperArm"] = CFrame.new(-0.000000, -0.065238, 0.000000, 0.996131, 0.057432, -0.066521, -0.037819, 0.963387, 0.265432, 0.079329, -0.261889, 0.961832),
      ["RightUpperLeg"] = CFrame.new(-0.000026, -0.000126, -0.004997, 0.940402, -0.104025, -0.323765, -0.118758, 0.791660, -0.599308, 0.318655, 0.602040, 0.732124),
      ["UpperTorso"] = CFrame.new(0.000000, -0.000000, 0.000000, 0.946064, 0.042970, 0.321119, -0.115178, 0.971024, 0.209397, -0.302816, -0.235088, 0.923599)
    }},
    {Time = 0.333, Data = {
      ["Head"] = CFrame.new(0.000000, 0.000000, -0.000000, 0.741747, -0.171037, 0.648504, 0.146272, 0.984914, 0.092458, -0.654535, 0.026278, 0.755575),
      ["LeftFoot"] = CFrame.new(-0.000000, 0.000000, -0.000000, 0.950972, -0.262351, -0.163782, 0.285894, 0.947687, 0.141966, 0.117968, -0.181830, 0.976228),
      ["LeftHand"] = CFrame.new(0.000000, 0.000000, -0.000000, 0.911767, 0.124823, -0.391280, -0.187313, 0.974225, -0.125692, 0.365505, 0.187894, 0.911648),
      ["LeftLowerArm"] = CFrame.new(-0.000000, 0.000001, -0.000000, 1.000000, 0.000000, 0.000000, 0.000000, 0.811484, -0.584375, 0.000000, 0.584375, 0.811484),
      ["LeftLowerLeg"] = CFrame.new(0.000000, 0.000000, 0.000000, 1.000000, 0.000000, 0.000000, -0.000000, 0.730516, 0.682895, 0.000000, -0.682895, 0.730516),
      ["LeftUpperArm"] = CFrame.new(0.000000, -0.065238, -0.000000, 0.992651, -0.089794, -0.081120, 0.104304, 0.974767, 0.197358, 0.061351, -0.204369, 0.976969),
      ["LeftUpperLeg"] = CFrame.new(0.000026, 0.000126, 0.004997, 0.994135, 0.099502, -0.042365, -0.087483, 0.970231, 0.225828, 0.063574, -0.220797, 0.973246),
      ["LowerTorso"] = CFrame.new(0.083060, -0.217210, 0.023089, 0.158913, -0.031708, -0.986783, 0.065900, 0.997596, -0.021443, 0.985091, -0.061622, 0.160620),
      ["RightFoot"] = CFrame.new(-0.000000, 0.000000, 0.000000, 0.996830, -0.051945, -0.060257, 0.054453, 0.997683, 0.040780, 0.057999, -0.043932, 0.997350),
      ["RightHand"] = CFrame.new(0.000000, -0.000000, 0.000000, 0.958157, -0.175794, 0.225899, 0.226348, 0.948412, -0.221996, -0.175220, 0.263839, 0.948519),
      ["RightLowerArm"] = CFrame.new(-0.000000, 0.000000, -0.000000, 1.000000, -0.000003, 0.000001, -0.000003, 0.949937, -0.312441, -0.000000, 0.312442, 0.949937),
      ["RightLowerLeg"] = CFrame.new(0.000000, -0.000000, -0.000000, 1.000000, -0.000000, -0.000000, 0.000000, 0.798499, 0.601997, -0.000000, -0.601996, 0.798499),
      ["RightUpperArm"] = CFrame.new(-0.000000, -0.065238, -0.000000, 0.995951, 0.060906, -0.066124, -0.042746, 0.967898, 0.247682, 0.079087, -0.243853, 0.966582),
      ["RightUpperLeg"] = CFrame.new(-0.000025, -0.000125, -0.004997, 0.940901, -0.089631, -0.326606, -0.128272, 0.798193, -0.588587, 0.313451, 0.595697, 0.739522),
      ["UpperTorso"] = CFrame.new(0.000000, -0.000000, -0.000000, 0.933046, 0.053683, 0.355731, -0.136887, 0.967404, 0.213055, -0.332698, -0.247484, 0.909980)
    }},
    {Time = 0.367, Data = {
      ["Head"] = CFrame.new(0.000000, 0.000000, 0.000000, 0.756068, -0.170428, 0.631915, 0.146623, 0.985067, 0.090244, -0.637859, 0.024423, 0.769766),
      ["LeftFoot"] = CFrame.new(0.000000, -0.000000, -0.000000, 0.950660, -0.281212, -0.131023, 0.299247, 0.942604, 0.148153, 0.081839, -0.180051, 0.980247),
      ["LeftHand"] = CFrame.new(-0.000000, -0.000000, -0.000000, 0.916605, 0.121363, -0.380929, -0.175098, 0.978432, -0.109599, 0.359411, 0.167159, 0.918086),
      ["LeftLowerArm"] = CFrame.new(0.000000, 0.000000, 0.000000, 1.000000, 0.000000, 0.000000, 0.000000, 0.835017, -0.550224, 0.000000, 0.550224, 0.835017),
      ["LeftLowerLeg"] = CFrame.new(0.000000, 0.000000, -0.000000, 1.000000, 0.000000, 0.000000, -0.000000, 0.471166, 0.882044, 0.000000, -0.882044, 0.471166),
      ["LeftUpperArm"] = CFrame.new(-0.000000, -0.065238, 0.000000, 0.989543, -0.092460, -0.110703, 0.110570, 0.979119, 0.170586, 0.092619, -0.181043, 0.979104),
      ["LeftUpperLeg"] = CFrame.new(0.000026, 0.000126, 0.004997, 0.993126, 0.110222, -0.039398, -0.109374, 0.993734, 0.023004, 0.041687, -0.018536, 0.998959),
      ["LowerTorso"] = CFrame.new(0.076841, -0.205703, 0.034278, 0.136094, -0.031018, -0.990210, 0.075295, 0.996943, -0.020880, 0.987831, -0.071717, 0.138013),
      ["RightFoot"] = CFrame.new(-0.000000, 0.000000, -0.000000, 0.997937, -0.044181, -0.046581, 0.040930, 0.996809, -0.068534, 0.049460, 0.066486, 0.996561),
      ["RightHand"] = CFrame.new(-0.000000, -0.000000, 0.000000, 0.959030, -0.176177, 0.221861, 0.230579, 0.940406, -0.249941, -0.164605, 0.290857, 0.942501),
      ["RightLowerArm"] = CFrame.new(-0.000000, -0.000000, -0.000000, 1.000000, -0.000003, 0.000001, -0.000003, 0.956868, -0.290522, -0.000000, 0.290523, 0.956868),
      ["RightLowerLeg"] = CFrame.new(-0.000000, 0.000000, -0.000000, 1.000000, -0.000000, -0.000000, 0.000000, 0.748964, 0.662611, -0.000000, -0.662611, 0.748963),
      ["RightUpperArm"] = CFrame.new(-0.000000, -0.065238, 0.000000, 0.996634, 0.062799, -0.052689, -0.049447, 0.973191, 0.224621, 0.065382, -0.221260, 0.973021),
      ["RightUpperLeg"] = CFrame.new(-0.000026, -0.000126, -0.004997, 0.942780, -0.070525, -0.325870, -0.130577, 0.821196, -0.555507, 0.306781, 0.566272, 0.764997),
      ["UpperTorso"] = CFrame.new(-0.000000, 0.000000, 0.000000, 0.915698, 0.050705, 0.398657, -0.147076, 0.965469, 0.215032, -0.373987, -0.255537, 0.891535)
    }},
    {Time = 0.400, Data = {
      ["Head"] = CFrame.new(0.000000, 0.000000, 0.000000, 0.770463, -0.165237, 0.615697, 0.142602, 0.986022, 0.086175, -0.621330, 0.021405, 0.783257),
      ["LeftFoot"] = CFrame.new(-0.000000, 0.000000, -0.000000, 0.971926, -0.233999, -0.024590, 0.234949, 0.970814, 0.048157, 0.012602, -0.052582, 0.998537),
      ["LeftHand"] = CFrame.new(0.000000, -0.000000, -0.000000, 0.931326, 0.123008, -0.342783, -0.172755, 0.977813, -0.118480, 0.320604, 0.169562, 0.931913),
      ["LeftLowerArm"] = CFrame.new(0.000000, -0.000000, -0.000000, 1.000000, -0.000000, -0.000000, 0.000000, 0.862412, -0.506207, -0.000000, 0.506207, 0.862412),
      ["LeftLowerLeg"] = CFrame.new(0.000000, 0.000000, 0.000000, 1.000000, 0.000000, 0.000000, -0.000000, 0.245878, 0.969301, 0.000000, -0.969301, 0.245877),
      ["LeftUpperArm"] = CFrame.new(-0.000000, -0.065238, 0.000000, 0.985360, -0.092437, -0.143255, 0.113252, 0.982970, 0.144719, 0.127438, -0.158824, 0.979048),
      ["LeftUpperLeg"] = CFrame.new(0.000026, 0.000126, 0.004997, 0.992517, 0.116592, -0.036295, -0.121399, 0.974132, -0.190601, 0.013133, 0.193581, 0.980996),
      ["LowerTorso"] = CFrame.new(0.067242, -0.185701, 0.043213, 0.107064, -0.027556, -0.993870, 0.075651, 0.996944, -0.019492, 0.991370, -0.073102, 0.108821),
      ["RightFoot"] = CFrame.new(0.000000, 0.000000, 0.000000, 0.999067, -0.034979, -0.025318, 0.030621, 0.987329, -0.155701, 0.030443, 0.154781, 0.987480),
      ["RightHand"] = CFrame.new(0.000000, 0.000000, -0.000000, 0.953781, -0.177010, 0.242834, 0.236867, 0.940134, -0.245038, -0.184922, 0.291232, 0.938610),
      ["RightLowerArm"] = CFrame.new(0.000000, -0.000000, -0.000000, 1.000000, -0.000003, 0.000001, -0.000003, 0.962217, -0.272282, -0.000000, 0.272283, 0.962218),
      ["RightLowerLeg"] = CFrame.new(-0.000000, -0.000000, 0.000000, 1.000000, -0.000000, -0.000000, 0.000000, 0.731443, 0.681902, -0.000000, -0.681902, 0.731443),
      ["RightUpperArm"] = CFrame.new(-0.000000, -0.065238, 0.000000, 0.997399, 0.066358, -0.028156, -0.059565, 0.978683, 0.196547, 0.040598, -0.194359, 0.980090),
      ["RightUpperLeg"] = CFrame.new(-0.000025, -0.000126, -0.004997, 0.946647, -0.050643, -0.318270, -0.123599, 0.855001, -0.503683, 0.297629, 0.516148, 0.803124),
      ["UpperTorso"] = CFrame.new(-0.000000, 0.000000, -0.000000, 0.895425, 0.034012, 0.443912, -0.143595, 0.965855, 0.215649, -0.421420, -0.256840, 0.869734)
    }},
    {Time = 0.433, Data = {
      ["Head"] = CFrame.new(0.000000, 0.000000, 0.000000, 0.785082, -0.156975, 0.599171, 0.135725, 0.987441, 0.080860, -0.604339, 0.017841, 0.796527),
      ["LeftFoot"] = CFrame.new(0.000000, -0.000000, -0.000000, 0.984011, -0.165331, 0.066244, 0.167886, 0.985183, -0.035041, -0.059470, 0.045603, 0.997188),
      ["LeftHand"] = CFrame.new(0.000000, 0.000000, 0.000000, 0.946453, 0.134458, -0.293510, -0.182745, 0.972597, -0.143729, 0.266141, 0.189671, 0.945089),
      ["LeftLowerArm"] = CFrame.new(-0.000000, 0.000000, -0.000000, 1.000000, -0.000000, 0.000000, -0.000000, 0.887322, -0.461150, -0.000000, 0.461150, 0.887322),
      ["LeftLowerLeg"] = CFrame.new(0.000000, -0.000000, -0.000000, 1.000000, 0.000000, 0.000000, -0.000000, 0.152188, 0.988352, 0.000000, -0.988352, 0.152188),
      ["LeftUpperArm"] = CFrame.new(-0.000000, -0.065238, -0.000000, 0.981255, -0.090272, -0.170262, 0.113129, 0.985079, 0.129699, 0.156013, -0.146530, 0.976826),
      ["LeftUpperLeg"] = CFrame.new(0.000025, 0.000126, 0.004997, 0.992935, 0.114786, -0.030096, -0.117641, 0.918976, -0.376355, -0.015543, 0.377236, 0.925987),
      ["LowerTorso"] = CFrame.new(0.059853, -0.159726, 0.049132, 0.079917, -0.025306, -0.996480, 0.068059, 0.997483, -0.019874, 0.994475, -0.066232, 0.081438),
      ["RightFoot"] = CFrame.new(0.000000, 0.000000, -0.000000, 0.999726, -0.021014, -0.010318, 0.018126, 0.973774, -0.226793, 0.014812, 0.226544, 0.973888),
      ["RightHand"] = CFrame.new(0.000000, 0.000000, 0.000000, 0.944927, -0.173837, 0.277294, 0.238548, 0.945910, -0.219888, -0.224070, 0.273926, 0.935285),
      ["RightLowerArm"] = CFrame.new(-0.000000, -0.000000, -0.000000, 1.000000, -0.000003, 0.000001, -0.000003, 0.965261, -0.261287, -0.000000, 0.261288, 0.965261),
      ["RightLowerLeg"] = CFrame.new(0.000000, -0.000000, -0.000000, 1.000000, -0.000000, 0.000000, 0.000000, 0.739436, 0.673227, -0.000000, -0.673227, 0.739436),
      ["RightUpperArm"] = CFrame.new(0.000000, -0.065238, 0.000000, 0.997325, 0.073070, 0.001880, -0.072335, 0.982952, 0.169037, 0.010503, -0.168721, 0.985608),
      ["RightUpperLeg"] = CFrame.new(-0.000026, -0.000126, -0.004997, 0.953651, -0.033198, -0.299080, -0.104259, 0.895879, -0.431893, 0.282277, 0.443056, 0.850894),
      ["UpperTorso"] = CFrame.new(0.000000, 0.000000, 0.000000, 0.874463, 0.009211, 0.485005, -0.131152, 0.967073, 0.218103, -0.467027, -0.254332, 0.846877)
    }},
    {Time = 0.467, Data = {
      ["Head"] = CFrame.new(0.000000, 0.000000, 0.000000, 0.799953, -0.146033, 0.582022, 0.127840, 0.989143, 0.072474, -0.586287, 0.016430, 0.809937),
      ["LeftFoot"] = CFrame.new(0.000000, 0.000000, 0.000000, 0.988525, -0.107186, 0.106441, 0.113208, 0.992196, -0.052250, -0.100011, 0.063700, 0.992945),
      ["LeftHand"] = CFrame.new(-0.000000, -0.000000, 0.000000, 0.953353, 0.142322, -0.266201, -0.188662, 0.969345, -0.157409, 0.235638, 0.200288, 0.950978),
      ["LeftLowerArm"] = CFrame.new(-0.000000, -0.000000, 0.000000, 1.000000, -0.000000, 0.000000, -0.000000, 0.904431, -0.426619, 0.000000, 0.426620, 0.904431),
      ["LeftLowerLeg"] = CFrame.new(0.000000, 0.000000, 0.000000, 1.000000, 0.000000, 0.000000, -0.000000, 0.202410, 0.979301, 0.000000, -0.979301, 0.202410),
      ["LeftUpperArm"] = CFrame.new(-0.000000, -0.065238, 0.000000, 0.980750, -0.087391, -0.174622, 0.111538, 0.984735, 0.133630, 0.160278, -0.150534, 0.975526),
      ["LeftUpperLeg"] = CFrame.new(0.000026, 0.000126, 0.004997, 0.994592, 0.102403, -0.017352, -0.096575, 0.850370, -0.517246, -0.038212, 0.516124, 0.855661),
      ["LowerTorso"] = CFrame.new(0.053823, -0.133445, 0.052423, 0.059370, -0.020985, -0.998015, 0.057065, 0.998215, -0.017595, 0.996604, -0.055908, 0.060461),
      ["RightFoot"] = CFrame.new(-0.000000, 0.000000, 0.000000, 0.999993, -0.002576, -0.002782, 0.001670, 0.958114, -0.286383, 0.003403, 0.286376, 0.958111),
      ["RightHand"] = CFrame.new(0.000000, -0.000000, -0.000000, 0.938507, -0.169058, 0.301037, 0.236433, 0.950091, -0.203535, -0.251602, 0.262195, 0.931638),
      ["RightLowerArm"] = CFrame.new(0.000000, 0.000001, -0.000000, 1.000000, -0.000002, 0.000001, -0.000002, 0.964238, -0.265039, 0.000000, 0.265039, 0.964238),
      ["RightLowerLeg"] = CFrame.new(-0.000000, 0.000000, 0.000000, 1.000000, -0.000000, -0.000000, 0.000000, 0.766015, 0.642823, -0.000000, -0.642823, 0.766015),
      ["RightUpperArm"] = CFrame.new(0.000000, -0.065238, 0.000000, 0.996339, 0.081097, 0.027046, -0.084232, 0.985306, 0.148583, -0.014599, -0.150317, 0.988530),
      ["RightUpperLeg"] = CFrame.new(-0.000025, -0.000126, -0.004997, 0.960295, -0.022082, -0.278113, -0.078026, 0.935822, -0.343728, 0.267855, 0.351780, 0.896941),
      ["UpperTorso"] = CFrame.new(-0.000000, -0.000000, 0.000000, 0.854216, -0.016088, 0.519670, -0.114784, 0.969022, 0.218680, -0.507089, -0.246450, 0.825907)
    }},
    {Time = 0.500, Data = {
      ["Head"] = CFrame.new(-0.000000, 0.000000, -0.000000, 0.815630, -0.138361, 0.561786, 0.125566, 0.990173, 0.061564, -0.564784, 0.020328, 0.824988),
      ["LeftFoot"] = CFrame.new(0.000000, -0.000000, 0.000000, 0.993402, -0.046547, 0.104809, 0.048612, 0.998669, -0.017252, -0.103868, 0.022233, 0.994343),
      ["LeftHand"] = CFrame.new(-0.000000, 0.000000, 0.000000, 0.956222, 0.137851, -0.258139, -0.183044, 0.969987, -0.160059, 0.228327, 0.200304, 0.952757),
      ["LeftLowerArm"] = CFrame.new(-0.000000, 0.000000, -0.000000, 1.000000, 0.000000, -0.000000, 0.000000, 0.917415, -0.397932, -0.000000, 0.397931, 0.917415),
      ["LeftLowerLeg"] = CFrame.new(0.000000, 0.000000, -0.000000, 1.000000, 0.000000, 0.000000, -0.000000, 0.367685, 0.929950, 0.000000, -0.929950, 0.367685),
      ["LeftUpperArm"] = CFrame.new(-0.000000, -0.065238, -0.000000, 0.983647, -0.084317, -0.159154, 0.109572, 0.981462, 0.157248, 0.142944, -0.172115, 0.974650),
      ["LeftUpperLeg"] = CFrame.new(0.000025, 0.000126, 0.004997, 0.996356, 0.085285, 0.000754, -0.067114, 0.789492, -0.610081, -0.052626, 0.607807, 0.792339),
      ["LowerTorso"] = CFrame.new(0.046357, -0.112439, 0.054720, 0.044208, -0.010667, -0.998965, 0.047894, 0.998816, -0.008546, 0.997874, -0.047468, 0.044667),
      ["RightFoot"] = CFrame.new(-0.000000, 0.000000, 0.000000, 0.999802, 0.018172, 0.008048, -0.014466, 0.943039, -0.332369, -0.013630, 0.332187, 0.943115),
      ["RightHand"] = CFrame.new(-0.000000, 0.000000, -0.000000, 0.936399, -0.164354, 0.310070, 0.236091, 0.948749, -0.210087, -0.259650, 0.269931, 0.927211),
      ["RightLowerArm"] = CFrame.new(-0.000000, 0.000000, 0.000000, 1.000000, -0.000002, 0.000001, -0.000003, 0.956911, -0.290382, -0.000000, 0.290383, 0.956911),
      ["RightLowerLeg"] = CFrame.new(-0.000000, -0.000000, 0.000000, 1.000000, -0.000000, -0.000000, 0.000000, 0.807858, 0.589378, -0.000000, -0.589378, 0.807858),
      ["RightUpperArm"] = CFrame.new(0.000000, -0.065238, -0.000000, 0.995287, 0.086970, 0.042902, -0.092186, 0.985822, 0.140203, -0.030100, -0.143497, 0.989193),
      ["RightUpperLeg"] = CFrame.new(-0.000025, -0.000126, -0.004997, 0.963486, -0.014977, -0.267342, -0.052453, 0.968530, -0.243307, 0.262572, 0.248446, 0.932379),
      ["UpperTorso"] = CFrame.new(0.000000, 0.000000, -0.000000, 0.833286, -0.035859, 0.551679, -0.099052, 0.972062, 0.212799, -0.543897, -0.231967, 0.806453)
    }},
    {Time = 0.533, Data = {
      ["Head"] = CFrame.new(-0.000000, 0.000000, 0.000000, 0.832416, -0.137549, 0.536809, 0.129945, 0.990146, 0.052207, -0.538700, 0.026298, 0.842087),
      ["LeftFoot"] = CFrame.new(0.000000, 0.000000, 0.000000, 0.995723, 0.023025, 0.089474, -0.028695, 0.997627, 0.062585, -0.087822, -0.064885, 0.994021),
      ["LeftHand"] = CFrame.new(-0.000000, -0.000000, 0.000000, 0.957840, 0.135350, -0.253424, -0.178926, 0.971159, -0.157590, 0.224786, 0.196290, 0.954433),
      ["LeftLowerArm"] = CFrame.new(0.000000, 0.000000, -0.000000, 1.000000, -0.000000, -0.000000, 0.000000, 0.928073, -0.372400, -0.000000, 0.372399, 0.928072),
      ["LeftLowerLeg"] = CFrame.new(0.000000, 0.000000, -0.000000, 1.000000, 0.000000, 0.000000, -0.000000, 0.616326, 0.787491, 0.000000, -0.787491, 0.616326),
      ["LeftUpperArm"] = CFrame.new(0.000000, -0.065238, -0.000000, 0.986734, -0.078798, -0.141937, 0.104960, 0.976645, 0.187477, 0.123849, -0.199888, 0.971960),
      ["LeftUpperLeg"] = CFrame.new(0.000025, 0.000125, 0.004997, 0.997595, 0.066166, 0.020646, -0.037139, 0.761802, -0.646744, -0.058521, 0.644422, 0.762428),
      ["LowerTorso"] = CFrame.new(0.038374, -0.099559, 0.056491, 0.031627, 0.001987, -0.999498, 0.042943, 0.999072, 0.003345, 0.998577, -0.043028, 0.031512),
      ["RightFoot"] = CFrame.new(-0.000000, 0.000000, -0.000000, 0.998964, 0.040928, 0.019872, -0.030947, 0.931403, -0.362671, -0.033353, 0.361681, 0.931705),
      ["RightHand"] = CFrame.new(0.000000, 0.000000, -0.000000, 0.935891, -0.156861, 0.315439, 0.236310, 0.943604, -0.231880, -0.261275, 0.291557, 0.920179),
      ["RightLowerArm"] = CFrame.new(0.000000, 0.000000, 0.000000, 1.000000, -0.000002, 0.000001, -0.000002, 0.945030, -0.326984, -0.000000, 0.326984, 0.945030),
      ["RightLowerLeg"] = CFrame.new(-0.000000, -0.000000, -0.000000, 1.000000, -0.000000, -0.000000, 0.000000, 0.862023, 0.506869, 0.000000, -0.506869, 0.862023),
      ["RightUpperArm"] = CFrame.new(-0.000000, -0.065238, -0.000000, 0.994733, 0.090025, 0.049002, -0.096096, 0.985430, 0.140330, -0.035655, -0.144300, 0.988891),
      ["RightUpperLeg"] = CFrame.new(-0.000026, -0.000126, -0.004997, 0.964660, -0.005127, -0.263446, -0.029351, 0.991496, -0.126783, 0.261856, 0.130035, 0.956307),
      ["UpperTorso"] = CFrame.new(0.000000, 0.000000, -0.000000, 0.809888, -0.049752, 0.584470, -0.086932, 0.975213, 0.203474, -0.580106, -0.215600, 0.785489)
    }},
    {Time = 0.567, Data = {
      ["Head"] = CFrame.new(-0.000000, 0.000000, 0.000000, 0.849059, -0.136069, 0.510474, 0.131459, 0.990286, 0.045312, -0.511681, 0.028634, 0.858698),
      ["LeftFoot"] = CFrame.new(0.000000, 0.000000, -0.000000, 0.994498, 0.083005, 0.063905, -0.093150, 0.979803, 0.176944, -0.047927, -0.181923, 0.982144),
      ["LeftHand"] = CFrame.new(0.000000, 0.000000, 0.000000, 0.958641, 0.146556, -0.243984, -0.186677, 0.970855, -0.150305, 0.214845, 0.189635, 0.958061),
      ["LeftLowerArm"] = CFrame.new(0.000000, -0.000001, -0.000000, 1.000000, -0.000000, -0.000000, 0.000000, 0.933825, -0.357731, -0.000000, 0.357731, 0.933825),
      ["LeftLowerLeg"] = CFrame.new(-0.000000, 0.000000, 0.000000, 1.000000, 0.000000, 0.000000, -0.000000, 0.873928, 0.486055, 0.000000, -0.486055, 0.873928),
      ["LeftUpperArm"] = CFrame.new(-0.000000, -0.065237, 0.000000, 0.989736, -0.070598, -0.124248, 0.096440, 0.971581, 0.216169, 0.105456, -0.225933, 0.968418),
      ["LeftUpperLeg"] = CFrame.new(0.000026, 0.000126, 0.004997, 0.998058, 0.054232, 0.030647, -0.023830, 0.786991, -0.616504, -0.057553, 0.614576, 0.786755),
      ["LowerTorso"] = CFrame.new(0.035161, -0.098312, 0.060074, 0.017783, 0.008121, -0.999809, 0.051368, 0.998639, 0.009025, 0.998521, -0.051519, 0.017342),
      ["RightFoot"] = CFrame.new(-0.000000, 0.000000, 0.000000, 0.997560, 0.064445, 0.026837, -0.050301, 0.930100, -0.363847, -0.048410, 0.361610, 0.931072),
      ["RightHand"] = CFrame.new(0.000000, 0.000000, -0.000000, 0.935145, -0.147495, 0.322101, 0.234678, 0.939019, -0.251335, -0.265388, 0.310625, 0.912733),
      ["RightLowerArm"] = CFrame.new(0.000000, 0.000000, 0.000000, 1.000000, -0.000002, 0.000001, -0.000002, 0.929704, -0.368306, -0.000000, 0.368306, 0.929705),
      ["RightLowerLeg"] = CFrame.new(-0.000000, 0.000000, 0.000000, 1.000000, -0.000000, -0.000000, 0.000000, 0.933543, 0.358465, 0.000000, -0.358465, 0.933543),
      ["RightUpperArm"] = CFrame.new(0.000000, -0.065238, 0.000000, 0.994765, 0.090510, 0.047435, -0.096604, 0.984294, 0.147757, -0.033317, -0.151566, 0.987886),
      ["RightUpperLeg"] = CFrame.new(-0.000026, -0.000126, -0.004997, 0.965616, 0.025362, -0.258731, -0.016619, 0.999217, 0.035913, 0.259439, -0.030378, 0.965282),
      ["UpperTorso"] = CFrame.new(0.000000, -0.000000, -0.000000, 0.782405, -0.052481, 0.620555, -0.087577, 0.977269, 0.193069, -0.616581, -0.205405, 0.760024)
    }},
    {Time = 0.600, Data = {
      ["Head"] = CFrame.new(-0.000000, 0.000000, 0.000000, 0.863355, -0.129804, 0.487615, 0.127033, 0.991135, 0.038921, -0.488344, 0.028340, 0.872191),
      ["LeftFoot"] = CFrame.new(-0.000000, 0.000000, 0.000000, 0.995141, 0.096303, 0.020509, -0.097379, 0.931751, 0.349795, 0.014578, -0.350093, 0.936602),
      ["LeftHand"] = CFrame.new(0.000000, -0.000000, -0.000000, 0.960423, 0.160905, -0.227370, -0.197006, 0.969456, -0.146097, 0.196918, 0.185108, 0.962787),
      ["LeftLowerArm"] = CFrame.new(0.000000, -0.000001, -0.000000, 1.000000, 0.000000, -0.000000, 0.000000, 0.934890, -0.354939, 0.000000, 0.354938, 0.934889),
      ["LeftLowerLeg"] = CFrame.new(-0.000000, -0.000000, 0.000000, 1.000000, -0.000000, 0.000000, 0.000000, 0.999996, -0.002652, 0.000000, 0.002652, 0.999996),
      ["LeftUpperArm"] = CFrame.new(0.000000, -0.065238, 0.000000, 0.992835, -0.061031, -0.102735, 0.084729, 0.965790, 0.245092, 0.084262, -0.252041, 0.964041),
      ["LeftUpperLeg"] = CFrame.new(0.000026, 0.000126, 0.004997, 0.997747, 0.060272, 0.029452, -0.036596, 0.857016, -0.513988, -0.056220, 0.511752, 0.857292),
      ["LowerTorso"] = CFrame.new(0.039273, -0.110826, 0.065912, 0.001981, 0.008262, -0.999964, 0.074566, 0.997181, 0.008387, 0.997214, -0.074581, 0.001360),
      ["RightFoot"] = CFrame.new(0.000000, 0.000000, -0.000000, 0.995966, 0.087063, 0.021708, -0.077641, 0.957459, -0.277927, -0.044982, 0.275121, 0.960357),
      ["RightHand"] = CFrame.new(0.000000, -0.000000, 0.000000, 0.933451, -0.138617, 0.330839, 0.230795, 0.938145, -0.258105, -0.274596, 0.317285, 0.907704),
      ["RightLowerArm"] = CFrame.new(0.000000, 0.000000, -0.000000, 1.000000, -0.000002, 0.000001, -0.000002, 0.906065, -0.423138, -0.000000, 0.423138, 0.906065),
      ["RightLowerLeg"] = CFrame.new(-0.000000, 0.000000, -0.000000, 1.000000, -0.000000, 0.000000, 0.000000, 0.999986, 0.005241, -0.000000, -0.005241, 0.999986),
      ["RightUpperArm"] = CFrame.new(-0.000000, -0.065238, -0.000000, 0.995256, 0.087038, 0.043482, -0.093095, 0.981789, 0.165602, -0.028276, -0.168864, 0.985234),
      ["RightUpperLeg"] = CFrame.new(-0.000026, -0.000126, -0.004997, 0.968465, 0.093109, -0.231096, -0.017799, 0.951034, 0.308571, 0.248511, -0.294727, 0.922701),
      ["UpperTorso"] = CFrame.new(0.000000, -0.000000, 0.000000, 0.752865, -0.042213, 0.656820, -0.100994, 0.978713, 0.178665, -0.650380, -0.200845, 0.732575)
    }},
    {Time = 0.633, Data = {
      ["Head"] = CFrame.new(-0.000000, 0.000000, -0.000000, 0.873559, -0.122759, 0.470984, 0.121784, 0.992018, 0.032684, -0.471237, 0.028807, 0.881536),
      ["LeftFoot"] = CFrame.new(0.000000, 0.000000, 0.000000, 0.997524, 0.070270, -0.002936, -0.065308, 0.940954, 0.332175, 0.026106, -0.331160, 0.943213),
      ["LeftHand"] = CFrame.new(-0.000000, 0.000000, 0.000000, 0.961245, 0.168706, -0.218052, -0.202053, 0.969192, -0.140859, 0.187570, 0.179458, 0.965718),
      ["LeftLowerArm"] = CFrame.new(-0.000000, 0.000000, 0.000000, 1.000000, 0.000000, 0.000000, -0.000000, 0.932202, -0.361937, 0.000000, 0.361938, 0.932203),
      ["LeftLowerLeg"] = CFrame.new(0.000000, -0.000000, -0.000000, 1.000000, 0.000000, 0.000000, 0.000000, 0.999986, -0.005329, -0.000000, 0.005329, 0.999986),
      ["LeftUpperArm"] = CFrame.new(0.000000, -0.065238, -0.000000, 0.995714, -0.050886, -0.077231, 0.070031, 0.960260, 0.270180, 0.060413, -0.274431, 0.959707),
      ["LeftUpperLeg"] = CFrame.new(0.000025, 0.000126, 0.004997, 0.996963, 0.075993, 0.017048, -0.050439, 0.796822, -0.602105, -0.059340, 0.599416, 0.798235),
      ["LowerTorso"] = CFrame.new(0.047176, -0.132485, 0.068589, -0.009874, 0.011634, -0.999884, 0.092873, 0.995621, 0.010667, 0.995629, -0.092757, -0.010911),
      ["RightFoot"] = CFrame.new(-0.000000, 0.000000, 0.000000, 0.993786, 0.109415, 0.020436, -0.096378, 0.937709, -0.333787, -0.055685, 0.329743, 0.942427),
      ["RightHand"] = CFrame.new(0.000000, -0.000000, 0.000000, 0.932120, -0.132076, 0.337204, 0.225881, 0.939842, -0.256271, -0.283071, 0.315044, 0.905880),
      ["RightLowerArm"] = CFrame.new(-0.000000, 0.000000, 0.000000, 1.000000, -0.000002, 0.000001, -0.000002, 0.874613, -0.484821, -0.000000, 0.484822, 0.874613),
      ["RightLowerLeg"] = CFrame.new(0.000000, 0.000000, 0.000000, 1.000000, -0.000000, 0.000000, 0.000000, 0.999987, 0.005155, -0.000000, -0.005155, 0.999987),
      ["RightUpperArm"] = CFrame.new(-0.000000, -0.065238, -0.000000, 0.996015, 0.080503, 0.038374, -0.086267, 0.978812, 0.185703, -0.022612, -0.188274, 0.981856),
      ["RightUpperLeg"] = CFrame.new(-0.000025, -0.000126, -0.004997, 0.970280, 0.103800, -0.218593, -0.011853, 0.922634, 0.385493, 0.241695, -0.371445, 0.896444),
      ["UpperTorso"] = CFrame.new(-0.000000, -0.000000, -0.000000, 0.729831, -0.034322, 0.682766, -0.107476, 0.980558, 0.164178, -0.675127, -0.193203, 0.711952)
    }},
    {Time = 0.667, Data = {
      ["Head"] = CFrame.new(-0.000000, -0.000000, -0.000000, 0.878944, -0.112956, 0.463355, 0.115776, 0.993021, 0.022461, -0.462659, 0.033904, 0.885888),
      ["LeftFoot"] = CFrame.new(0.000000, -0.000000, -0.000000, 0.998456, 0.055167, 0.006428, -0.053961, 0.936100, 0.347570, 0.013159, -0.347380, 0.937632),
      ["LeftHand"] = CFrame.new(-0.000000, 0.000000, -0.000000, 0.959975, 0.169619, -0.222884, -0.202707, 0.969894, -0.134964, 0.193282, 0.174743, 0.965457),
      ["LeftLowerArm"] = CFrame.new(0.000000, -0.000000, -0.000000, 1.000000, 0.000000, -0.000000, 0.000000, 0.927534, -0.373741, -0.000000, 0.373740, 0.927533),
      ["LeftLowerLeg"] = CFrame.new(0.000000, 0.000000, -0.000000, 1.000000, 0.000000, -0.000000, -0.000000, 0.999985, -0.005488, -0.000000, 0.005488, 0.999985),
      ["LeftUpperArm"] = CFrame.new(0.000000, -0.065238, -0.000000, 0.998152, -0.045401, -0.040386, 0.055124, 0.956198, 0.287484, 0.025565, -0.289179, 0.956933),
      ["LeftUpperLeg"] = CFrame.new(0.000025, 0.000125, 0.004997, 0.997241, 0.070623, 0.022868, -0.042610, 0.796869, -0.602648, -0.060784, 0.600011, 0.797679),
      ["LowerTorso"] = CFrame.new(0.059676, -0.155503, 0.063116, -0.014152, 0.010335, -0.999846, 0.091814, 0.995735, 0.008993, 0.995676, -0.091674, -0.015040),
      ["RightFoot"] = CFrame.new(-0.000000, 0.000000, -0.000000, 0.991149, 0.129362, 0.029820, -0.110945, 0.930499, -0.349090, -0.072907, 0.342692, 0.936615),
      ["RightHand"] = CFrame.new(-0.000000, -0.000000, 0.000000, 0.930235, -0.126948, 0.344306, 0.219465, 0.944430, -0.244719, -0.294106, 0.303209, 0.906403),
      ["RightLowerArm"] = CFrame.new(0.000000, 0.000000, 0.000000, 1.000000, -0.000002, 0.000000, -0.000002, 0.842618, -0.538511, -0.000001, 0.538512, 0.842618),
      ["RightLowerLeg"] = CFrame.new(-0.000000, 0.000000, 0.000000, 1.000000, 0.000000, 0.000000, 0.000000, 0.999984, 0.005625, 0.000000, -0.005625, 0.999984),
      ["RightUpperArm"] = CFrame.new(0.000000, -0.065238, -0.000000, 0.996588, 0.074756, 0.034988, -0.080261, 0.976605, 0.199502, -0.019255, -0.201630, 0.979273),
      ["RightUpperLeg"] = CFrame.new(-0.000026, -0.000126, -0.004997, 0.970680, 0.091867, -0.222128, 0.020653, 0.888802, 0.457826, 0.239487, -0.448990, 0.860845),
      ["UpperTorso"] = CFrame.new(-0.000000, 0.000000, 0.000000, 0.720423, -0.043856, 0.692148, -0.099244, 0.981209, 0.165471, -0.686398, -0.187900, 0.702532)
    }},
    {Time = 0.700, Data = {
      ["Head"] = CFrame.new(-0.000000, 0.000000, 0.000000, 0.879286, -0.099864, 0.465707, 0.108304, 0.994080, 0.008679, -0.463816, 0.042807, 0.884897),
      ["LeftFoot"] = CFrame.new(0.000000, 0.000000, 0.000000, 0.998732, 0.048532, 0.013400, -0.049678, 0.906544, 0.419178, 0.008197, -0.419312, 0.907805),
      ["LeftHand"] = CFrame.new(0.000000, 0.000000, -0.000000, 0.955083, 0.160065, -0.249393, -0.195646, 0.972679, -0.124972, 0.222575, 0.168151, 0.960305),
      ["LeftLowerArm"] = CFrame.new(-0.000000, 0.000000, -0.000000, 1.000000, -0.000000, -0.000000, 0.000000, 0.924579, -0.380991, 0.000000, 0.380991, 0.924579),
      ["LeftLowerLeg"] = CFrame.new(0.000000, 0.000000, 0.000000, 1.000000, -0.000000, -0.000000, 0.000000, 0.999986, -0.005367, 0.000000, 0.005367, 0.999986),
      ["LeftUpperArm"] = CFrame.new(-0.000000, -0.065238, 0.000000, 0.998932, -0.045976, 0.004520, 0.042623, 0.954951, 0.293689, -0.017819, -0.293182, 0.955890),
      ["LeftUpperLeg"] = CFrame.new(0.000025, 0.000126, 0.004997, 0.998538, 0.031896, 0.043650, -0.000303, 0.810728, -0.585422, -0.054061, 0.584553, 0.809553),
      ["LowerTorso"] = CFrame.new(0.077165, -0.175671, 0.046290, -0.008509, -0.001921, -0.999962, 0.064943, 0.997886, -0.002470, 0.997853, -0.064963, -0.008366),
      ["RightFoot"] = CFrame.new(0.000000, 0.000000, 0.000000, 0.988139, 0.145625, 0.048721, -0.121250, 0.934603, -0.334389, -0.094231, 0.324515, 0.941175),
      ["RightHand"] = CFrame.new(0.000000, -0.000000, -0.000000, 0.925680, -0.123525, 0.357572, 0.215133, 0.949364, -0.228968, -0.311182, 0.288877, 0.905382),
      ["RightLowerArm"] = CFrame.new(0.000000, -0.000000, 0.000000, 1.000000, -0.000002, 0.000000, -0.000002, 0.819882, -0.572532, -0.000000, 0.572532, 0.819883),
      ["RightLowerLeg"] = CFrame.new(-0.000000, 0.000000, -0.000000, 1.000000, 0.000000, 0.000000, -0.000000, 0.999985, 0.005443, 0.000000, -0.005443, 0.999985),
      ["RightUpperArm"] = CFrame.new(-0.000000, -0.065238, 0.000000, 0.996497, 0.074586, 0.037812, -0.080732, 0.975947, 0.202510, -0.021799, -0.204854, 0.978550),
      ["RightUpperLeg"] = CFrame.new(-0.000025, -0.000126, -0.004997, 0.966725, 0.054151, -0.250019, 0.088964, 0.845176, 0.527032, 0.239850, -0.531737, 0.812236),
      ["UpperTorso"] = CFrame.new(0.000000, -0.000000, -0.000000, 0.727483, -0.076930, 0.681800, -0.075210, 0.978765, 0.190688, -0.681992, -0.190001, 0.706248)
    }},
    {Time = 0.733, Data = {
      ["Head"] = CFrame.new(-0.000000, 0.000000, -0.000000, 0.876108, -0.091973, 0.473262, 0.102103, 0.994765, 0.004307, -0.471180, 0.044548, 0.880911),
      ["LeftFoot"] = CFrame.new(0.000000, -0.000000, 0.000000, 0.997544, 0.066978, 0.020483, -0.068563, 0.874003, 0.481059, 0.014319, -0.481282, 0.876449),
      ["LeftHand"] = CFrame.new(0.000000, 0.000000, 0.000000, 0.951154, 0.159007, -0.264618, -0.198326, 0.971604, -0.129042, 0.236585, 0.175220, 0.955681),
      ["LeftLowerArm"] = CFrame.new(-0.000000, -0.000000, 0.000000, 1.000000, 0.000000, -0.000000, 0.000000, 0.927509, -0.373801, -0.000000, 0.373801, 0.927509),
      ["LeftLowerLeg"] = CFrame.new(-0.000000, 0.000000, -0.000000, 1.000000, -0.000000, 0.000000, -0.000000, 0.999999, 0.001395, 0.000000, -0.001395, 0.999999),
      ["LeftUpperArm"] = CFrame.new(0.000000, -0.065238, 0.000000, 0.997899, -0.048990, 0.042409, 0.034510, 0.955775, 0.292066, -0.054841, -0.289989, 0.955457),
      ["LeftUpperLeg"] = CFrame.new(0.000026, 0.000126, 0.004998, 0.998136, -0.023711, 0.056239, 0.049618, 0.851853, -0.521425, -0.035544, 0.523243, 0.851442),
      ["LowerTorso"] = CFrame.new(0.098596, -0.195278, 0.025343, 0.008266, -0.017567, -0.999812, 0.030140, 0.999396, -0.017311, 0.999512, -0.029992, 0.008791),
      ["RightFoot"] = CFrame.new(-0.000000, 0.000000, 0.000000, 0.984637, 0.159228, 0.071663, -0.138448, 0.962017, -0.235278, -0.106405, 0.221742, 0.969283),
      ["RightHand"] = CFrame.new(-0.000000, 0.000000, 0.000000, 0.917398, -0.123295, 0.378391, 0.212224, 0.955892, -0.203057, -0.336664, 0.266587, 0.903099),
      ["RightLowerArm"] = CFrame.new(0.000000, 0.000000, -0.000000, 1.000000, -0.000002, 0.000001, -0.000002, 0.804282, -0.594247, -0.000001, 0.594247, 0.804283),
      ["RightLowerLeg"] = CFrame.new(0.000000, 0.000000, 0.000000, 1.000000, -0.000000, 0.000000, -0.000000, 0.999987, 0.005139, 0.000000, -0.005139, 0.999987),
      ["RightUpperArm"] = CFrame.new(0.000000, -0.065238, 0.000000, 0.996194, 0.076271, 0.042200, -0.083238, 0.976087, 0.200810, -0.025875, -0.203558, 0.978721),
      ["RightUpperLeg"] = CFrame.new(-0.000026, -0.000126, -0.004997, 0.958247, 0.012758, -0.285656, 0.163338, 0.795556, 0.583448, 0.234698, -0.605746, 0.760256),
      ["UpperTorso"] = CFrame.new(0.000000, -0.000000, 0.000000, 0.745885, -0.112293, 0.656540, -0.047056, 0.974340, 0.220110, -0.664410, -0.195071, 0.721461)
    }},
    {Time = 0.767, Data = {
      ["Head"] = CFrame.new(0.000000, -0.000000, -0.000000, 0.870770, -0.084998, 0.484289, 0.092730, 0.995659, 0.008017, -0.482868, 0.037927, 0.874871),
      ["LeftFoot"] = CFrame.new(0.000000, -0.000000, 0.000000, 0.995952, 0.085615, 0.027392, -0.088555, 0.882123, 0.462620, 0.015445, -0.463173, 0.886133),
      ["LeftHand"] = CFrame.new(-0.000000, -0.000000, 0.000000, 0.952236, 0.169204, -0.254199, -0.214635, 0.962993, -0.163023, 0.217207, 0.209797, 0.953313),
      ["LeftLowerArm"] = CFrame.new(-0.000000, 0.000000, 0.000000, 1.000000, 0.000000, -0.000000, 0.000000, 0.938582, -0.345056, -0.000000, 0.345056, 0.938582),
      ["LeftLowerLeg"] = CFrame.new(0.000000, -0.000000, -0.000000, 1.000000, -0.000000, -0.000000, -0.000000, 0.999987, 0.005168, -0.000000, -0.005168, 0.999987),
      ["LeftUpperArm"] = CFrame.new(0.000000, -0.065238, -0.000000, 0.996900, -0.053384, 0.057791, 0.034891, 0.958363, 0.283412, -0.070514, -0.280518, 0.957255),
      ["LeftUpperLeg"] = CFrame.new(0.000025, 0.000126, 0.004998, 0.996516, -0.064306, 0.053107, 0.081296, 0.891180, -0.446306, -0.018628, 0.449068, 0.893303),
      ["LowerTorso"] = CFrame.new(0.118687, -0.207827, 0.008649, 0.029079, -0.029650, -0.999137, 0.009357, 0.999524, -0.029389, 0.999533, -0.008496, 0.029343),
      ["RightFoot"] = CFrame.new(0.000000, 0.000000, 0.000000, 0.974915, 0.196790, 0.103993, -0.200710, 0.979234, 0.028567, -0.096213, -0.048722, 0.994168),
      ["RightHand"] = CFrame.new(0.000000, -0.000000, 0.000000, 0.916620, -0.122728, 0.380454, 0.202971, 0.962791, -0.178429, -0.344398, 0.240771, 0.907424),
      ["RightLowerArm"] = CFrame.new(-0.000000, 0.000000, 0.000000, 1.000000, -0.000002, 0.000000, -0.000002, 0.791954, -0.610580, -0.000001, 0.610581, 0.791955),
      ["RightLowerLeg"] = CFrame.new(-0.000000, 0.000000, 0.000000, 1.000000, -0.000000, 0.000000, -0.000000, 0.999983, 0.005745, -0.000000, -0.005745, 0.999983),
      ["RightUpperArm"] = CFrame.new(0.000000, -0.065237, 0.000000, 0.995847, 0.078230, 0.046564, -0.086068, 0.975707, 0.201464, -0.029672, -0.204635, 0.978389),
      ["RightUpperLeg"] = CFrame.new(-0.000026, -0.000126, -0.004998, 0.950835, -0.020534, -0.309015, 0.217135, 0.755679, 0.617902, 0.220828, -0.654621, 0.722985),
      ["UpperTorso"] = CFrame.new(-0.000000, -0.000000, 0.000000, 0.767204, -0.130157, 0.628059, -0.029623, 0.970959, 0.237406, -0.640719, -0.200743, 0.741067)
    }},
    {Time = 0.800, Data = {
      ["Head"] = CFrame.new(0.000000, -0.000001, 0.000000, 0.862017, -0.080844, 0.500390, 0.088979, 0.996004, 0.007634, -0.499009, 0.037944, 0.865766),
      ["LeftFoot"] = CFrame.new(-0.000000, -0.000000, 0.000000, 0.995390, 0.091562, 0.028530, -0.095244, 0.978653, 0.182121, -0.011245, -0.183999, 0.982862),
      ["LeftHand"] = CFrame.new(0.000000, -0.000000, 0.000000, 0.957956, 0.177202, -0.225653, -0.227394, 0.948513, -0.220490, 0.174963, 0.262532, 0.948928),
      ["LeftLowerArm"] = CFrame.new(-0.000000, -0.000000, -0.000000, 1.000000, 0.000000, -0.000000, 0.000000, 0.950089, -0.311979, -0.000000, 0.311978, 0.950089),
      ["LeftLowerLeg"] = CFrame.new(-0.000000, 0.000000, 0.000000, 1.000000, 0.000000, 0.000000, -0.000000, 0.890642, 0.454706, 0.000000, -0.454706, 0.890642),
      ["LeftUpperArm"] = CFrame.new(0.000000, -0.065238, -0.000000, 0.996597, -0.057720, 0.058851, 0.040097, 0.963222, 0.265699, -0.072023, -0.262435, 0.962258),
      ["LeftUpperLeg"] = CFrame.new(0.000025, 0.000126, 0.004998, 0.994538, -0.082855, 0.063475, 0.104351, 0.802970, -0.586814, -0.002348, 0.590232, 0.807230),
      ["LowerTorso"] = CFrame.new(0.127306, -0.208475, -0.004541, 0.052159, -0.031469, -0.998143, -0.007388, 0.999464, -0.031897, 0.998611, 0.009037, 0.051899),
      ["RightFoot"] = CFrame.new(-0.000000, 0.000000, -0.000000, 0.973141, 0.202298, 0.109870, -0.225915, 0.930965, 0.286822, -0.044262, -0.303940, 0.951663),
      ["RightHand"] = CFrame.new(0.000000, 0.000000, 0.000000, 0.915756, -0.124297, 0.382023, 0.194862, 0.969010, -0.151819, -0.351313, 0.213470, 0.911597),
      ["RightLowerArm"] = CFrame.new(0.000000, 0.000000, 0.000000, 1.000000, -0.000002, 0.000001, -0.000002, 0.794135, -0.607741, -0.000001, 0.607742, 0.794135),
      ["RightLowerLeg"] = CFrame.new(-0.000000, -0.000000, 0.000000, 1.000000, 0.000000, 0.000000, 0.000000, 0.999984, 0.005736, -0.000000, -0.005736, 0.999984),
      ["RightUpperArm"] = CFrame.new(-0.000000, -0.065238, 0.000000, 0.994880, 0.084171, 0.055942, -0.093484, 0.976757, 0.192888, -0.038407, -0.197130, 0.979625),
      ["RightUpperLeg"] = CFrame.new(-0.000026, -0.000126, -0.004997, 0.946610, -0.041712, -0.319669, 0.247362, 0.729881, 0.637249, 0.206739, -0.682300, 0.701231),
      ["UpperTorso"] = CFrame.new(-0.000000, 0.000000, 0.000000, 0.792556, -0.140200, 0.593464, -0.012307, 0.969335, 0.245433, -0.609674, -0.201823, 0.766527)
    }},
    {Time = 0.833, Data = {
      ["Head"] = CFrame.new(0.000000, 0.000000, 0.000000, 0.846798, -0.086223, 0.524879, 0.093152, 0.995564, 0.013259, -0.523694, 0.037665, 0.851074),
      ["LeftFoot"] = CFrame.new(0.000000, 0.000000, 0.000000, 0.995365, 0.093479, 0.022565, -0.094125, 0.995127, 0.029380, -0.019709, -0.031367, 0.999314),
      ["LeftHand"] = CFrame.new(0.000000, -0.000000, 0.000000, 0.959536, 0.176007, -0.219801, -0.230077, 0.940081, -0.251620, 0.162344, 0.292010, 0.942537),
      ["LeftLowerArm"] = CFrame.new(0.000000, 0.000000, 0.000000, 1.000000, 0.000000, -0.000000, 0.000000, 0.956549, -0.291573, -0.000000, 0.291572, 0.956549),
      ["LeftLowerLeg"] = CFrame.new(-0.000000, 0.000000, 0.000000, 1.000000, 0.000000, 0.000000, -0.000000, 0.811342, 0.584572, 0.000000, -0.584572, 0.811342),
      ["LeftUpperArm"] = CFrame.new(0.000000, -0.065238, 0.000000, 0.997043, -0.059081, 0.049141, 0.045417, 0.968871, 0.243365, -0.061990, -0.240413, 0.968689),
      ["LeftUpperLeg"] = CFrame.new(0.000025, 0.000126, 0.004997, 0.993706, -0.094666, 0.059877, 0.111798, 0.804915, -0.582764, 0.006973, 0.585791, 0.810432),
      ["LowerTorso"] = CFrame.new(0.128926, -0.194446, -0.012337, 0.069950, -0.033960, -0.996972, -0.012508, 0.999312, -0.034918, 0.997472, 0.014912, 0.069477),
      ["RightFoot"] = CFrame.new(0.000000, 0.000000, 0.000000, 0.979017, 0.192102, 0.067986, -0.198321, 0.974900, 0.101187, -0.046843, -0.112547, 0.992542),
      ["RightHand"] = CFrame.new(0.000000, 0.000000, 0.000000, 0.911646, -0.125508, 0.391342, 0.187699, 0.974268, -0.124788, -0.365609, 0.187217, 0.911745),
      ["RightLowerArm"] = CFrame.new(-0.000000, 0.000000, 0.000000, 1.000000, -0.000002, 0.000001, -0.000002, 0.812870, -0.582445, -0.000001, 0.582445, 0.812870),
      ["RightLowerLeg"] = CFrame.new(0.000000, 0.000000, 0.000000, 1.000000, -0.000000, -0.000000, 0.000000, 0.801469, 0.598036, -0.000000, -0.598036, 0.801469),
      ["RightUpperArm"] = CFrame.new(0.000000, -0.065238, 0.000000, 0.992617, 0.092330, 0.078661, -0.104907, 0.979024, 0.174662, -0.060884, -0.181625, 0.981481),
      ["RightUpperLeg"] = CFrame.new(-0.000026, -0.000126, -0.004997, 0.949350, -0.148434, -0.276950, 0.248377, 0.894363, 0.372054, 0.192468, -0.421998, 0.885931),
      ["UpperTorso"] = CFrame.new(0.000000, -0.000000, -0.000000, 0.820302, -0.137971, 0.555039, -0.004052, 0.969040, 0.246872, -0.571916, -0.204758, 0.794346)
    }},
    {Time = 0.867, Data = {
      ["Head"] = CFrame.new(0.000000, -0.000000, -0.000000, 0.826431, -0.100257, 0.554040, 0.100179, 0.994501, 0.030530, -0.554054, 0.030272, 0.831930),
      ["LeftFoot"] = CFrame.new(0.000000, 0.000000, 0.000000, 0.995663, 0.092198, 0.012447, -0.090848, 0.992352, -0.083576, -0.020057, 0.082083, 0.996424),
      ["LeftHand"] = CFrame.new(-0.000000, 0.000000, 0.000000, 0.954614, 0.177232, -0.239379, -0.236492, 0.939597, -0.247443, 0.181065, 0.292824, 0.938866),
      ["LeftLowerArm"] = CFrame.new(0.000000, -0.000000, -0.000000, 1.000000, -0.000000, -0.000000, -0.000000, 0.962037, -0.272918, -0.000000, 0.272918, 0.962037),
      ["LeftLowerLeg"] = CFrame.new(0.000000, 0.000000, 0.000000, 1.000000, 0.000000, 0.000000, -0.000000, 0.772612, 0.634878, 0.000000, -0.634878, 0.772612),
      ["LeftUpperArm"] = CFrame.new(0.000000, -0.065238, -0.000000, 0.997993, -0.058713, 0.023739, 0.052341, 0.975702, 0.212758, -0.035654, -0.211089, 0.976816),
      ["LeftUpperLeg"] = CFrame.new(0.000025, 0.000125, 0.004998, 0.993924, -0.097215, 0.051601, 0.109662, 0.834701, -0.539674, 0.009393, 0.542055, 0.840291),
      ["LowerTorso"] = CFrame.new(0.126169, -0.171486, -0.016314, 0.081740, -0.036449, -0.995987, -0.011556, 0.999229, -0.037516, 0.996587, 0.014575, 0.081256),
      ["RightFoot"] = CFrame.new(0.000000, 0.000000, -0.000000, 0.981823, 0.185348, 0.040863, -0.184657, 0.982597, -0.020125, -0.043883, 0.012214, 0.998962),
      ["RightHand"] = CFrame.new(-0.000000, -0.000000, -0.000000, 0.916034, -0.121167, 0.382362, 0.174449, 0.978752, -0.107766, -0.361178, 0.165420, 0.917707),
      ["RightLowerArm"] = CFrame.new(-0.000000, 0.000000, -0.000000, 1.000000, -0.000002, 0.000001, -0.000002, 0.836052, -0.548649, -0.000001, 0.548649, 0.836053),
      ["RightLowerLeg"] = CFrame.new(0.000000, 0.000000, 0.000000, 1.000000, -0.000000, -0.000000, 0.000000, 0.598281, 0.801286, -0.000000, -0.801286, 0.598281),
      ["RightUpperArm"] = CFrame.new(-0.000000, -0.065238, -0.000000, 0.989399, 0.097246, 0.107855, -0.113227, 0.981622, 0.153618, -0.090935, -0.164202, 0.982226),
      ["RightUpperLeg"] = CFrame.new(-0.000026, -0.000126, -0.004997, 0.949711, -0.194396, -0.245476, 0.241870, 0.953315, 0.180804, 0.198868, -0.231085, 0.952392),
      ["UpperTorso"] = CFrame.new(0.000000, -0.000000, 0.000000, 0.847369, -0.129007, 0.515096, -0.001553, 0.969432, 0.245354, -0.531003, -0.208705, 0.821266)
    }},
    {Time = 0.900, Data = {
      ["Head"] = CFrame.new(0.000000, 0.000000, -0.000000, 0.804022, -0.107777, 0.584750, 0.098574, 0.993987, 0.047668, -0.586372, 0.019315, 0.809812),
      ["LeftFoot"] = CFrame.new(-0.000000, -0.000000, -0.000000, 0.996051, 0.088467, 0.007408, -0.085814, 0.980822, -0.174997, -0.022748, 0.173670, 0.984541),
      ["LeftHand"] = CFrame.new(0.000000, -0.000000, 0.000000, 0.944941, 0.174324, -0.276941, -0.238885, 0.945867, -0.219701, 0.223651, 0.273763, 0.935433),
      ["LeftLowerArm"] = CFrame.new(0.000000, -0.000000, 0.000000, 1.000000, 0.000000, -0.000000, 0.000000, 0.965676, -0.259752, -0.000000, 0.259751, 0.965675),
      ["LeftLowerLeg"] = CFrame.new(-0.000000, -0.000000, 0.000000, 1.000000, 0.000000, 0.000000, -0.000000, 0.764606, 0.644499, 0.000000, -0.644499, 0.764605),
      ["LeftUpperArm"] = CFrame.new(0.000000, -0.065238, 0.000000, 0.998187, -0.059973, -0.005076, 0.059889, 0.981307, 0.182895, -0.005988, -0.182868, 0.983119),
      ["LeftUpperLeg"] = CFrame.new(0.000026, 0.000126, 0.004998, 0.995106, -0.092108, 0.035775, 0.098127, 0.878487, -0.467582, 0.011640, 0.468804, 0.883226),
      ["LowerTorso"] = CFrame.new(0.122603, -0.141663, -0.016366, 0.090923, -0.041986, -0.994972, -0.004998, 0.999079, -0.042616, 0.995845, 0.008847, 0.090630),
      ["RightFoot"] = CFrame.new(-0.000000, 0.000000, 0.000000, 0.985820, 0.167392, 0.011785, -0.163109, 0.972353, -0.167109, -0.039433, 0.162817, 0.985868),
      ["RightHand"] = CFrame.new(0.000000, 0.000000, -0.000000, 0.932000, -0.122541, 0.341114, 0.171705, 0.978085, -0.117764, -0.319206, 0.168327, 0.932616),
      ["RightLowerArm"] = CFrame.new(-0.000000, 0.000000, -0.000000, 1.000000, -0.000002, 0.000001, -0.000002, 0.864153, -0.503228, -0.000000, 0.503229, 0.864154),
      ["RightLowerLeg"] = CFrame.new(-0.000000, 0.000000, 0.000000, 1.000000, -0.000000, -0.000000, 0.000000, 0.443229, 0.896409, -0.000000, -0.896408, 0.443229),
      ["RightUpperArm"] = CFrame.new(0.000000, -0.065238, 0.000000, 0.985125, 0.098348, 0.140913, -0.117441, 0.983957, 0.134297, -0.125444, -0.148848, 0.980871),
      ["RightUpperLeg"] = CFrame.new(-0.000026, -0.000126, -0.004997, 0.948812, -0.223737, -0.222929, 0.225219, 0.974122, -0.019103, 0.221434, -0.032083, 0.974647),
      ["UpperTorso"] = CFrame.new(0.000000, 0.000000, -0.000000, 0.871743, -0.115083, 0.476256, -0.005443, 0.969689, 0.244282, -0.489933, -0.215543, 0.844693)
    }},
    {Time = 0.933, Data = {
      ["Head"] = CFrame.new(0.000000, 0.000000, 0.000000, 0.786314, -0.118950, 0.606268, 0.101742, 0.992824, 0.062835, -0.609392, 0.012275, 0.792774),
      ["LeftFoot"] = CFrame.new(-0.000000, -0.000000, -0.000000, 0.996387, 0.084814, 0.004284, -0.081048, 0.964763, -0.250327, -0.025365, 0.249076, 0.968152),
      ["LeftHand"] = CFrame.new(-0.000000, 0.000000, 0.000000, 0.938050, 0.169197, -0.302381, -0.236099, 0.950843, -0.200385, 0.253612, 0.259363, 0.931886),
      ["LeftLowerArm"] = CFrame.new(-0.000000, 0.000000, -0.000000, 1.000000, 0.000000, -0.000000, 0.000000, 0.965588, -0.260078, -0.000000, 0.260077, 0.965588),
      ["LeftLowerLeg"] = CFrame.new(0.000000, 0.000000, 0.000000, 1.000000, 0.000000, 0.000000, -0.000000, 0.762270, 0.647259, 0.000000, -0.647259, 0.762270),
      ["LeftUpperArm"] = CFrame.new(0.000000, -0.065238, -0.000000, 0.997404, -0.064393, -0.032244, 0.068749, 0.984701, 0.160119, 0.021440, -0.161920, 0.986571),
      ["LeftUpperLeg"] = CFrame.new(0.000025, 0.000125, 0.004998, 0.996828, -0.077394, 0.018538, 0.078313, 0.912403, -0.401732, 0.014178, 0.401909, 0.915569),
      ["LowerTorso"] = CFrame.new(0.115057, -0.116935, -0.012468, 0.098184, -0.039789, -0.994372, 0.008077, 0.999199, -0.039185, 0.995135, -0.004185, 0.098427),
      ["RightFoot"] = CFrame.new(0.000000, 0.000000, 0.000000, 0.981403, 0.190684, -0.022070, -0.190701, 0.955376, -0.225588, -0.021932, 0.225601, 0.973973),
      ["RightHand"] = CFrame.new(0.000000, -0.000000, 0.000000, 0.949275, -0.136289, 0.283376, 0.184364, 0.971275, -0.150455, -0.254730, 0.195067, 0.947133),
      ["RightLowerArm"] = CFrame.new(-0.000000, 0.000000, 0.000000, 1.000000, -0.000002, 0.000000, -0.000002, 0.889271, -0.457379, -0.000001, 0.457380, 0.889272),
      ["RightLowerLeg"] = CFrame.new(-0.000000, 0.000000, 0.000000, 1.000000, -0.000000, -0.000000, 0.000000, 0.401691, 0.915775, -0.000000, -0.915775, 0.401691),
      ["RightUpperArm"] = CFrame.new(-0.000000, -0.065238, 0.000000, 0.981226, 0.097556, 0.166366, -0.119063, 0.985035, 0.124619, -0.151719, -0.142088, 0.978158),
      ["RightUpperLeg"] = CFrame.new(-0.000025, -0.000126, -0.004997, 0.948786, -0.231460, -0.215012, 0.190794, 0.962274, -0.193976, 0.251798, 0.143019, 0.957153),
      ["UpperTorso"] = CFrame.new(-0.000000, -0.000000, 0.000000, 0.889176, -0.094841, 0.447628, -0.013984, 0.972193, 0.233762, -0.457351, -0.214115, 0.863125)
    }},
    {Time = 1.000, Data = {
      ["Head"] = CFrame.new(0.000000, 0.000000, 0.000000, 0.786314, -0.118950, 0.606268, 0.101742, 0.992824, 0.062835, -0.609392, 0.012275, 0.792774),
      ["LeftFoot"] = CFrame.new(-0.000000, -0.000000, -0.000000, 0.996387, 0.084814, 0.004284, -0.081048, 0.964763, -0.250327, -0.025365, 0.249076, 0.968152),
      ["LeftHand"] = CFrame.new(-0.000000, 0.000000, 0.000000, 0.938050, 0.169197, -0.302381, -0.236099, 0.950843, -0.200385, 0.253612, 0.259363, 0.931886),
      ["LeftLowerArm"] = CFrame.new(-0.000000, 0.000000, -0.000000, 1.000000, 0.000000, -0.000000, 0.000000, 0.965588, -0.260078, -0.000000, 0.260077, 0.965588),
      ["LeftLowerLeg"] = CFrame.new(0.000000, 0.000000, 0.000000, 1.000000, 0.000000, 0.000000, -0.000000, 0.762270, 0.647259, 0.000000, -0.647259, 0.762270),
      ["LeftUpperArm"] = CFrame.new(0.000000, -0.065238, -0.000000, 0.997404, -0.064393, -0.032244, 0.068749, 0.984701, 0.160119, 0.021440, -0.161920, 0.986571),
      ["LeftUpperLeg"] = CFrame.new(0.000025, 0.000125, 0.004998, 0.996828, -0.077394, 0.018538, 0.078313, 0.912403, -0.401732, 0.014178, 0.401909, 0.915569),
      ["LowerTorso"] = CFrame.new(0.115057, -0.116935, -0.012468, 0.098184, -0.039789, -0.994372, 0.008077, 0.999199, -0.039185, 0.995135, -0.004185, 0.098427),
      ["RightFoot"] = CFrame.new(0.000000, 0.000000, 0.000000, 0.981403, 0.190684, -0.022070, -0.190701, 0.955376, -0.225588, -0.021932, 0.225601, 0.973973),
      ["RightHand"] = CFrame.new(0.000000, -0.000000, 0.000000, 0.949275, -0.136289, 0.283376, 0.184364, 0.971275, -0.150455, -0.254730, 0.195067, 0.947133),
      ["RightLowerArm"] = CFrame.new(-0.000000, 0.000000, 0.000000, 1.000000, -0.000002, 0.000000, -0.000002, 0.889271, -0.457379, -0.000001, 0.457380, 0.889272),
      ["RightLowerLeg"] = CFrame.new(-0.000000, 0.000000, 0.000000, 1.000000, -0.000000, -0.000000, 0.000000, 0.401691, 0.915775, -0.000000, -0.915775, 0.401691),
      ["RightUpperArm"] = CFrame.new(-0.000000, -0.065238, 0.000000, 0.981226, 0.097556, 0.166366, -0.119063, 0.985035, 0.124619, -0.151719, -0.142088, 0.978158),
      ["RightUpperLeg"] = CFrame.new(-0.000025, -0.000126, -0.004997, 0.948786, -0.231460, -0.215012, 0.190794, 0.962274, -0.193976, 0.251798, 0.143019, 0.957153),
      ["UpperTorso"] = CFrame.new(-0.000000, -0.000000, 0.000000, 0.889176, -0.094841, 0.447628, -0.013984, 0.972193, 0.233762, -0.457351, -0.214115, 0.863125)
    }}
  }
}