return {
  ["KeyframeSequence_3"] = {
    {Time = 0.000, Data = {
      ["Head"] = CFrame.new(0.000147, 0.007985, -0.030103, 0.997318, -0.057066, -0.045833, 0.005343, 0.681289, -0.731995, 0.072998, 0.729787, 0.679766),
      ["LeftFoot"] = CFrame.new(-0.000000, 0.031959, -0.000001, 0.979185, 0.155255, 0.130735, -0.146283, 0.986336, -0.075814, -0.140703, 0.055120, 0.988514),
      ["LeftHand"] = CFrame.new(0.000500, 0.000100, 0.000000, 0.950679, -0.173341, -0.257220, 0.300316, 0.721814, 0.623537, 0.077580, -0.670028, 0.738268),
      ["LeftLowerArm"] = CFrame.new(0.005666, 0.018559, 0.024750, 1.000000, -0.000000, -0.000000, 0.000000, 0.857402, -0.514646, 0.000000, 0.514647, 0.857402),
      ["LeftLowerLeg"] = CFrame.new(0.000000, 0.125528, -0.088760, 1.000000, -0.000000, -0.000000, 0.000000, 0.080510, 0.996755, -0.000000, -0.996754, 0.080501),
      ["LeftUpperArm"] = CFrame.new(0.463322, 0.038100, 0.078336, 0.762676, -0.056338, -0.644322, -0.081261, 0.979958, -0.181874, 0.641655, 0.191069, 0.742813),
      ["LeftUpperLeg"] = CFrame.new(0.001924, 0.033702, 0.024926, 0.969181, 0.214758, 0.120674, -0.196196, 0.969166, -0.149061, -0.148982, 0.120812, 0.981437),
      ["LowerTorso"] = CFrame.new(0.064825, -0.526574, 0.111616, 0.987418, -0.139687, 0.074116, 0.039365, 0.671077, 0.740341, -0.153153, -0.728109, 0.668133),
      ["RightFoot"] = CFrame.new(-0.000000, 0.006943, -0.000100, 0.999020, 0.033862, 0.028513, -0.038855, 0.979479, 0.197767, -0.021197, -0.198683, 0.979834),
      ["RightHand"] = CFrame.new(-0.000500, 0.000000, 0.000000, 0.860464, 0.503600, 0.077395, -0.475350, 0.738771, 0.477769, 0.183426, -0.447889, 0.875069),
      ["RightLowerArm"] = CFrame.new(-0.011635, 0.001663, 0.006128, 1.000000, 0.000000, 0.000000, -0.000000, 0.900772, -0.434293, -0.000000, 0.434293, 0.900772),
      ["RightLowerLeg"] = CFrame.new(0.000000, 0.078698, -0.031419, 1.000000, 0.000000, 0.000000, -0.000000, 0.684592, 0.728935, 0.000000, -0.728926, 0.684583),
      ["RightUpperArm"] = CFrame.new(-0.108451, -0.139711, -0.183560, 0.123549, 0.542511, 0.830914, 0.082417, 0.828826, -0.553402, -0.988910, 0.136854, 0.057689),
      ["RightUpperLeg"] = CFrame.new(-0.018148, 0.065720, -0.004986, 0.987068, -0.132730, -0.089939, -0.120409, -0.243585, -0.962373, 0.105820, 0.960755, -0.256415),
      ["UpperTorso"] = CFrame.new(-0.025694, 0.005681, -0.016892, 0.985777, 0.167013, 0.018700, -0.166160, 0.985271, -0.040405, -0.025173, 0.036723, 0.999008)
    }},
    {Time = 0.033, Data = {
      ["Head"] = CFrame.new(0.000147, 0.007985, -0.030103, 0.997318, -0.057066, -0.045833, 0.005343, 0.681289, -0.731995, 0.072998, 0.729787, 0.679766),
      ["LeftFoot"] = CFrame.new(0.000000, 0.033096, 0.000000, 0.972204, 0.179096, 0.150810, -0.162660, 0.979931, -0.115246, -0.168406, 0.087518, 0.981822),
      ["LeftHand"] = CFrame.new(0.000500, 0.000100, 0.000000, 0.950679, -0.173341, -0.257220, 0.300316, 0.721815, 0.623537, 0.077580, -0.670027, 0.738268),
      ["LeftLowerArm"] = CFrame.new(0.005666, 0.018559, 0.024750, 1.000000, -0.000000, -0.000000, 0.000000, 0.857403, -0.514647, 0.000000, 0.514646, 0.857402),
      ["LeftLowerLeg"] = CFrame.new(-0.000000, 0.125846, -0.105076, 1.000000, -0.000000, -0.000000, 0.000000, -0.089325, 0.996002, -0.000000, -0.996002, -0.089332),
      ["LeftUpperArm"] = CFrame.new(0.451355, 0.032594, 0.085772, 0.753075, -0.057754, -0.655394, -0.089090, 0.978014, -0.188552, 0.651874, 0.200383, 0.731373),
      ["LeftUpperLeg"] = CFrame.new(0.001924, 0.033702, 0.024926, 0.978322, 0.183974, 0.095049, -0.138916, 0.923468, -0.357629, -0.153586, 0.336691, 0.929014),
      ["LowerTorso"] = CFrame.new(0.060102, -0.444201, 0.121754, 0.989700, -0.127880, 0.064351, 0.038602, 0.671243, 0.740232, -0.137857, -0.730123, 0.669265),
      ["RightFoot"] = CFrame.new(0.000000, 0.012823, -0.000100, 0.998904, 0.035821, 0.030163, -0.033388, 0.996392, -0.078044, -0.032817, 0.076935, 0.996494),
      ["RightHand"] = CFrame.new(-0.000500, 0.000000, 0.000000, 0.860464, 0.503600, 0.077395, -0.475350, 0.738771, 0.477769, 0.183426, -0.447889, 0.875069),
      ["RightLowerArm"] = CFrame.new(-0.011635, 0.001664, 0.006128, 1.000000, 0.000000, 0.000000, -0.000000, 0.900772, -0.434293, -0.000000, 0.434293, 0.900772),
      ["RightLowerLeg"] = CFrame.new(-0.000000, 0.097741, -0.050951, 1.000000, 0.000000, 0.000000, -0.000000, 0.484838, 0.874611, 0.000000, -0.874604, 0.484826),
      ["RightUpperArm"] = CFrame.new(-0.112103, -0.143604, -0.170685, 0.138085, 0.541072, 0.829563, 0.094776, 0.826524, -0.554866, -0.985875, 0.155241, 0.062850),
      ["RightUpperLeg"] = CFrame.new(-0.018148, 0.065720, -0.004987, 0.989413, -0.113901, -0.089989, -0.106556, -0.149195, -0.983047, 0.098529, 0.982226, -0.159749),
      ["UpperTorso"] = CFrame.new(-0.025925, 0.005378, -0.016636, 0.987521, 0.157062, 0.011606, -0.156530, 0.986958, -0.037586, -0.017358, 0.035300, 0.999226)
    }},
    {Time = 0.067, Data = {
      ["Head"] = CFrame.new(0.000147, 0.007985, -0.030103, 0.997318, -0.057066, -0.045833, 0.005343, 0.681289, -0.731995, 0.072998, 0.729787, 0.679766),
      ["LeftFoot"] = CFrame.new(0.000000, 0.034497, 0.000001, 0.952319, 0.233386, 0.196523, -0.230820, 0.972324, -0.036264, -0.199525, -0.010817, 0.979828),
      ["LeftHand"] = CFrame.new(0.000500, 0.000100, 0.000000, 0.950679, -0.173341, -0.257220, 0.300316, 0.721814, 0.623537, 0.077580, -0.670028, 0.738268),
      ["LeftLowerArm"] = CFrame.new(0.005665, 0.018560, 0.024750, 1.000000, -0.000000, -0.000000, -0.000000, 0.857403, -0.514647, 0.000000, 0.514646, 0.857402),
      ["LeftLowerLeg"] = CFrame.new(-0.000000, 0.120461, -0.129614, 1.000000, -0.000000, -0.000000, 0.000000, -0.344959, 0.938617, -0.000000, -0.938618, -0.344962),
      ["LeftUpperArm"] = CFrame.new(0.419386, 0.017832, 0.104874, 0.726927, -0.062167, -0.683895, -0.110221, 0.972420, -0.205551, 0.677812, 0.224800, 0.700026),
      ["LeftUpperLeg"] = CFrame.new(0.001924, 0.033702, 0.024926, 0.990873, 0.104531, 0.085086, 0.007178, 0.589452, -0.807765, -0.134609, 0.801012, 0.583332),
      ["LowerTorso"] = CFrame.new(0.047589, -0.262983, 0.144069, 0.994576, -0.096597, 0.038561, 0.036538, 0.671611, 0.740002, -0.097380, -0.734580, 0.671498),
      ["RightFoot"] = CFrame.new(-0.000000, 0.012365, -0.000103, 0.998593, 0.040580, 0.034169, -0.021994, 0.902749, -0.429635, -0.048248, 0.428250, 0.902356),
      ["RightHand"] = CFrame.new(-0.000500, 0.000000, 0.000000, 0.860464, 0.503600, 0.077395, -0.475350, 0.738771, 0.477769, 0.183426, -0.447889, 0.875069),
      ["RightLowerArm"] = CFrame.new(-0.011635, 0.001663, 0.006129, 1.000000, 0.000000, 0.000000, -0.000000, 0.900772, -0.434293, -0.000000, 0.434293, 0.900772),
      ["RightLowerLeg"] = CFrame.new(0.000000, 0.095893, -0.048343, 1.000000, 0.000000, 0.000000, -0.000000, 0.511488, 0.859306, 0.000000, -0.859290, 0.511461),
      ["RightUpperArm"] = CFrame.new(-0.121704, -0.153791, -0.137642, 0.176347, 0.535960, 0.825620, 0.127204, 0.819323, -0.559043, -0.976074, 0.203607, 0.076309),
      ["RightUpperLeg"] = CFrame.new(-0.018148, 0.065720, -0.004987, 0.994680, -0.041552, -0.094289, -0.068154, 0.420840, -0.904558, 0.077239, 0.906183, 0.415794),
      ["UpperTorso"] = CFrame.new(-0.026504, 0.004569, -0.015953, 0.991512, 0.130016, 0.000227, -0.129942, 0.991000, -0.032173, -0.004408, 0.031871, 0.999482)
    }},
    {Time = 0.100, Data = {
      ["Head"] = CFrame.new(0.000147, 0.007985, -0.030103, 0.997318, -0.057066, -0.045833, 0.005343, 0.681289, -0.731995, 0.072998, 0.729787, 0.679766),
      ["LeftFoot"] = CFrame.new(-0.000000, 0.034248, 0.000001, 0.948750, 0.241741, 0.203556, -0.295554, 0.906808, 0.300611, -0.111896, -0.345340, 0.931771),
      ["LeftHand"] = CFrame.new(0.000500, 0.000100, 0.000000, 0.950679, -0.173341, -0.257220, 0.300316, 0.721814, 0.623537, 0.077580, -0.670028, 0.738268),
      ["LeftLowerArm"] = CFrame.new(0.005666, 0.018559, 0.024750, 1.000000, -0.000000, -0.000000, 0.000000, 0.857403, -0.514646, 0.000000, 0.514646, 0.857402),
      ["LeftLowerLeg"] = CFrame.new(-0.000000, 0.121953, -0.125298, 1.000000, -0.000000, -0.000000, 0.000000, -0.299981, 0.953944, -0.000000, -0.953945, -0.299984),
      ["LeftUpperArm"] = CFrame.new(0.373213, -0.003594, 0.130555, 0.688008, -0.070080, -0.722311, -0.141208, 0.963374, -0.227970, 0.711832, 0.258841, 0.652914),
      ["LeftUpperLeg"] = CFrame.new(0.001924, 0.033702, 0.024926, 0.992875, 0.049404, 0.108421, 0.108287, 0.005480, -0.994105, -0.049724, 0.998764, 0.000101),
      ["LowerTorso"] = CFrame.new(0.029772, -0.081758, 0.166270, 0.998642, -0.052056, 0.002056, 0.033504, 0.671962, 0.739828, -0.039894, -0.738754, 0.672793),
      ["RightFoot"] = CFrame.new(0.000000, -0.007837, -0.000103, 0.998451, 0.042583, 0.035856, -0.038189, 0.992601, -0.115253, -0.040466, 0.113709, 0.992689),
      ["RightHand"] = CFrame.new(-0.000500, 0.000000, -0.000000, 0.860464, 0.503600, 0.077395, -0.475350, 0.738771, 0.477769, 0.183426, -0.447889, 0.875069),
      ["RightLowerArm"] = CFrame.new(-0.011635, 0.001663, 0.006129, 1.000000, 0.000000, 0.000000, 0.000000, 0.900772, -0.434293, -0.000000, 0.434293, 0.900772),
      ["RightLowerLeg"] = CFrame.new(-0.000000, -0.006927, -0.000082, 1.000000, 0.000000, 0.000000, 0.000000, 0.999975, 0.006979, 0.000000, -0.007017, 0.999976),
      ["RightUpperArm"] = CFrame.new(-0.135084, -0.167898, -0.093147, 0.230055, 0.525469, 0.819119, 0.172460, 0.806361, -0.565721, -0.957775, 0.271412, 0.094885),
      ["RightUpperLeg"] = CFrame.new(-0.018148, 0.065720, -0.004986, 0.999232, 0.007997, -0.038384, -0.013571, 0.989019, -0.147135, 0.036754, 0.147570, 0.988371),
      ["UpperTorso"] = CFrame.new(-0.027246, 0.003392, -0.014965, 0.995938, 0.090043, -0.000406, -0.090019, 0.995548, -0.027947, -0.002113, 0.027870, 0.999609)
    }},
    {Time = 0.133, Data = {
      ["Head"] = CFrame.new(0.000147, 0.007985, -0.030103, 0.997318, -0.057066, -0.045833, 0.005343, 0.681289, -0.731995, 0.072998, 0.729787, 0.679766),
      ["LeftFoot"] = CFrame.new(0.000000, 0.032027, -0.000000, 0.977123, 0.162685, 0.136988, -0.210387, 0.833699, 0.510604, -0.031123, -0.527711, 0.848833),
      ["LeftHand"] = CFrame.new(0.000500, 0.000100, 0.000000, 0.950679, -0.173341, -0.257220, 0.300316, 0.721815, 0.623537, 0.077580, -0.670027, 0.738268),
      ["LeftLowerArm"] = CFrame.new(0.005665, 0.018559, 0.024750, 1.000000, -0.000000, -0.000000, 0.000000, 0.857402, -0.514647, 0.000000, 0.514647, 0.857402),
      ["LeftLowerLeg"] = CFrame.new(-0.000000, 0.125641, -0.089925, 1.000000, -0.000000, -0.000000, 0.000000, 0.068398, 0.997659, -0.000000, -0.997658, 0.068391),
      ["LeftUpperArm"] = CFrame.new(0.319023, -0.028838, 0.157931, 0.640873, -0.081523, -0.763306, -0.178096, 0.951424, -0.251145, 0.746702, 0.296894, 0.595223),
      ["LeftUpperLeg"] = CFrame.new(0.001924, 0.033702, 0.024926, 0.997391, 0.011866, 0.071197, 0.072065, -0.221031, -0.972605, 0.004181, 0.975195, -0.221292),
      ["LowerTorso"] = CFrame.new(0.009237, 0.000621, 0.176282, 0.999211, -0.000717, -0.039706, 0.029882, 0.672110, 0.739848, 0.026157, -0.740451, 0.671601),
      ["RightFoot"] = CFrame.new(-0.000000, -0.086113, -0.000103, 0.998284, 0.044812, 0.037733, -0.047979, 0.994972, 0.087930, -0.033569, -0.089566, 0.995412),
      ["RightHand"] = CFrame.new(-0.000500, 0.000000, -0.000000, 0.860464, 0.503600, 0.077395, -0.475350, 0.738771, 0.477769, 0.183426, -0.447889, 0.875069),
      ["RightLowerArm"] = CFrame.new(-0.011635, 0.001663, 0.006129, 1.000000, 0.000000, 0.000000, -0.000000, 0.900772, -0.434293, -0.000000, 0.434293, 0.900772),
      ["RightLowerLeg"] = CFrame.new(-0.000000, -0.085442, -0.001088, 1.000000, -0.000000, -0.000000, 0.000000, 1.000000, -0.000017, 0.000000, -0.000020, 1.000000),
      ["RightUpperArm"] = CFrame.new(-0.149888, -0.183429, -0.045291, 0.290558, 0.508785, 0.810379, 0.223056, 0.787569, -0.574440, -0.930496, 0.347667, 0.115347),
      ["RightUpperLeg"] = CFrame.new(-0.018148, 0.065720, -0.004986, 0.998694, -0.048556, 0.015876, 0.048129, 0.998508, 0.025796, -0.017137, -0.024977, 0.999541),
      ["UpperTorso"] = CFrame.new(-0.027985, 0.002002, -0.013807, 0.998824, 0.041415, 0.025207, -0.040773, 0.998844, -0.025460, -0.026232, 0.024403, 0.999358)
    }},
    {Time = 0.167, Data = {
      ["Head"] = CFrame.new(0.000147, 0.007985, -0.030103, 0.997318, -0.057066, -0.045833, 0.005343, 0.681289, -0.731995, 0.072998, 0.729787, 0.679766),
      ["LeftFoot"] = CFrame.new(-0.000000, 0.027975, -0.000001, 0.993059, 0.089973, 0.075764, -0.116115, 0.852619, 0.509496, -0.018740, -0.514729, 0.857131),
      ["LeftHand"] = CFrame.new(0.000500, 0.000100, 0.000000, 0.950679, -0.173341, -0.257220, 0.300316, 0.721814, 0.623537, 0.077580, -0.670028, 0.738268),
      ["LeftLowerArm"] = CFrame.new(0.005666, 0.018559, 0.024750, 1.000000, -0.000000, -0.000000, 0.000000, 0.857402, -0.514646, 0.000000, 0.514647, 0.857403),
      ["LeftLowerLeg"] = CFrame.new(0.000000, 0.114312, -0.055545, 1.000000, -0.000000, -0.000000, 0.000000, 0.426042, 0.904708, -0.000000, -0.904704, 0.426031),
      ["LeftUpperArm"] = CFrame.new(0.263685, -0.054656, 0.182941, 0.591443, -0.095410, -0.800682, -0.216130, 0.937883, -0.271409, 0.776842, 0.333574, 0.534083),
      ["LeftUpperLeg"] = CFrame.new(0.001924, 0.033702, 0.024926, 0.998616, 0.031496, 0.042101, 0.048316, -0.233466, -0.971169, -0.020772, 0.971855, -0.234644),
      ["LowerTorso"] = CFrame.new(-0.011334, -0.081766, 0.166301, 0.995407, 0.050711, -0.081195, 0.026136, 0.671980, 0.740108, 0.092093, -0.738831, 0.667569),
      ["RightFoot"] = CFrame.new(0.000000, -0.004560, -0.000103, 0.997352, 0.055644, 0.046854, -0.068354, 0.937162, 0.342168, -0.024834, -0.344429, 0.938470),
      ["RightHand"] = CFrame.new(-0.000500, 0.000000, -0.000000, 0.860464, 0.503600, 0.077395, -0.475350, 0.738771, 0.477769, 0.183426, -0.447889, 0.875069),
      ["RightLowerArm"] = CFrame.new(-0.011635, 0.001663, 0.006128, 1.000000, 0.000000, 0.000000, -0.000000, 0.900772, -0.434293, -0.000000, 0.434293, 0.900772),
      ["RightLowerLeg"] = CFrame.new(-0.000000, 0.007772, -0.000805, 1.000000, -0.000000, 0.000000, 0.000000, 0.992627, 0.121174, 0.000000, -0.121210, 0.992631),
      ["RightUpperArm"] = CFrame.new(-0.163818, -0.198017, -0.000678, 0.349309, 0.487270, 0.800344, 0.271767, 0.764749, -0.584211, -0.896731, 0.421577, 0.134710),
      ["RightUpperLeg"] = CFrame.new(-0.018148, 0.065720, -0.004986, 0.990275, -0.119809, 0.070704, 0.115424, 0.991314, 0.063046, -0.077677, -0.054250, 0.995503),
      ["UpperTorso"] = CFrame.new(-0.028602, 0.000575, -0.012625, 0.997359, -0.003765, 0.072534, 0.005339, 0.999754, -0.021513, -0.072435, 0.021844, 0.997134)
    }},
    {Time = 0.200, Data = {
      ["Head"] = CFrame.new(0.000147, 0.007985, -0.030103, 0.997318, -0.057066, -0.045833, 0.005343, 0.681289, -0.731995, 0.072998, 0.729787, 0.679766),
      ["LeftFoot"] = CFrame.new(0.000000, 0.023090, -0.000002, 0.997939, 0.049093, 0.041341, -0.061705, 0.910953, 0.407890, -0.017618, -0.409579, 0.912094),
      ["LeftHand"] = CFrame.new(0.000500, 0.000100, 0.000000, 0.950679, -0.173341, -0.257220, 0.300316, 0.721815, 0.623537, 0.077580, -0.670027, 0.738268),
      ["LeftLowerArm"] = CFrame.new(0.005666, 0.018559, 0.024750, 1.000000, -0.000000, -0.000000, 0.000000, 0.857402, -0.514646, 0.000000, 0.514647, 0.857403),
      ["LeftLowerLeg"] = CFrame.new(-0.000000, 0.098315, -0.036131, 1.000000, -0.000000, -0.000000, 0.000000, 0.627867, 0.778326, -0.000000, -0.778321, 0.627860),
      ["LeftUpperArm"] = CFrame.new(0.214652, -0.077509, 0.202729, 0.546804, -0.109416, -0.830080, -0.249972, 0.924872, -0.286577, 0.799074, 0.364198, 0.478373),
      ["LeftUpperLeg"] = CFrame.new(0.001924, 0.033702, 0.024926, 0.995028, 0.082655, 0.055541, 0.073083, -0.227170, -0.971115, -0.067663, 0.970341, -0.232059),
      ["LowerTorso"] = CFrame.new(-0.029239, -0.262993, 0.144119, 0.988530, 0.095473, -0.117018, 0.022794, 0.671635, 0.740532, 0.149294, -0.734705, 0.661755),
      ["RightFoot"] = CFrame.new(-0.000000, 0.005795, -0.000103, 0.995502, 0.072478, 0.061031, -0.087081, 0.953777, 0.287636, -0.037322, -0.291643, 0.955793),
      ["RightHand"] = CFrame.new(-0.000500, 0.000000, -0.000000, 0.860464, 0.503600, 0.077395, -0.475350, 0.738771, 0.477769, 0.183426, -0.447889, 0.875069),
      ["RightLowerArm"] = CFrame.new(-0.011635, 0.001664, 0.006129, 1.000000, 0.000000, 0.000000, -0.000000, 0.900772, -0.434293, -0.000000, 0.434293, 0.900772),
      ["RightLowerLeg"] = CFrame.new(0.000000, 0.074038, -0.027707, 1.000000, 0.000000, 0.000000, -0.000000, 0.722297, 0.691589, 0.000000, -0.691583, 0.722291),
      ["RightUpperArm"] = CFrame.new(-0.175018, -0.209778, 0.035740, 0.398657, 0.464751, 0.790620, 0.312330, 0.741751, -0.593511, -0.862278, 0.483541, 0.150549),
      ["RightUpperLeg"] = CFrame.new(-0.018148, 0.065720, -0.004986, 0.973985, -0.153239, 0.166928, 0.173741, 0.977921, -0.116070, -0.145490, 0.142086, 0.979113),
      ["UpperTorso"] = CFrame.new(-0.029038, -0.000696, -0.011581, 0.992200, -0.036309, 0.119252, 0.038398, 0.999146, -0.015263, -0.118596, 0.019723, 0.992747)
    }},
    {Time = 0.233, Data = {
      ["Head"] = CFrame.new(0.000147, 0.007985, -0.030103, 0.997318, -0.057066, -0.045833, 0.005343, 0.681289, -0.731995, 0.072998, 0.729787, 0.679766),
      ["LeftFoot"] = CFrame.new(-0.000000, 0.019913, -0.000002, 0.999321, 0.028200, 0.023747, -0.033809, 0.957716, 0.285735, -0.014670, -0.286331, 0.958014),
      ["LeftHand"] = CFrame.new(0.000500, 0.000100, 0.000000, 0.950679, -0.173341, -0.257220, 0.300316, 0.721814, 0.623537, 0.077580, -0.670027, 0.738268),
      ["LeftLowerArm"] = CFrame.new(0.005665, 0.018559, 0.024750, 1.000000, -0.000000, -0.000000, -0.000000, 0.857402, -0.514647, 0.000000, 0.514646, 0.857402),
      ["LeftLowerLeg"] = CFrame.new(0.000000, 0.089245, -0.029035, 1.000000, -0.000000, -0.000000, 0.000000, 0.701692, 0.712485, -0.000000, -0.712480, 0.701687),
      ["LeftUpperArm"] = CFrame.new(0.179635, -0.093793, 0.215550, 0.514559, -0.120321, -0.848971, -0.274147, 0.915051, -0.295846, 0.812449, 0.384972, 0.437862),
      ["LeftUpperLeg"] = CFrame.new(0.001924, 0.033702, 0.024926, 0.988445, 0.128290, 0.080712, 0.110329, -0.243818, -0.963532, -0.103945, 0.961298, -0.255132),
      ["LowerTorso"] = CFrame.new(-0.041847, -0.444207, 0.121811, 0.981676, 0.126992, -0.142077, 0.020401, 0.671257, 0.740944, 0.189464, -0.730265, 0.656366),
      ["RightFoot"] = CFrame.new(-0.000000, 0.014338, -0.000103, 0.992615, 0.092794, 0.078138, -0.109720, 0.961574, 0.251682, -0.051741, -0.258387, 0.964651),
      ["RightHand"] = CFrame.new(-0.000500, 0.000000, 0.000000, 0.860464, 0.503600, 0.077395, -0.475350, 0.738771, 0.477769, 0.183426, -0.447889, 0.875069),
      ["RightLowerArm"] = CFrame.new(-0.011635, 0.001663, 0.006128, 1.000000, 0.000000, 0.000000, -0.000000, 0.900772, -0.434293, -0.000000, 0.434293, 0.900772),
      ["RightLowerLeg"] = CFrame.new(0.000000, 0.103113, -0.059647, 1.000000, 0.000000, 0.000000, -0.000000, 0.395895, 0.918309, 0.000000, -0.918296, 0.395865),
      ["RightUpperArm"] = CFrame.new(-0.182298, -0.217467, 0.060186, 0.432278, 0.446836, 0.783245, 0.339762, 0.723869, -0.600479, -0.835283, 0.525691, 0.161095),
      ["RightUpperLeg"] = CFrame.new(-0.018148, 0.065720, -0.004986, 0.954876, -0.166849, 0.245692, 0.212143, 0.962123, -0.171161, -0.207862, 0.215594, 0.954117),
      ["UpperTorso"] = CFrame.new(-0.029288, -0.001607, -0.010835, 0.986365, -0.056093, 0.154716, 0.058183, 0.998265, -0.009016, -0.153942, 0.017895, 0.987918)
    }},
    {Time = 0.267, Data = {
      ["Head"] = CFrame.new(0.000147, 0.007985, -0.030103, 0.997318, -0.057066, -0.045833, 0.005343, 0.681289, -0.731995, 0.072998, 0.729787, 0.679766),
      ["LeftFoot"] = CFrame.new(0.000000, 0.019404, -0.000002, 0.999609, 0.021392, 0.018014, -0.024906, 0.973797, 0.226060, -0.012691, -0.226411, 0.973947),
      ["LeftHand"] = CFrame.new(0.000500, 0.000100, 0.000000, 0.950679, -0.173341, -0.257220, 0.300316, 0.721814, 0.623537, 0.077580, -0.670028, 0.738268),
      ["LeftLowerArm"] = CFrame.new(0.005666, 0.018559, 0.024750, 1.000000, -0.000000, -0.000000, 0.000000, 0.857402, -0.514646, 0.000000, 0.514647, 0.857403),
      ["LeftLowerLeg"] = CFrame.new(-0.000000, 0.087778, -0.028021, 1.000000, -0.000000, -0.000000, 0.000000, 0.712225, 0.701956, -0.000000, -0.701951, 0.712221),
      ["LeftUpperArm"] = CFrame.new(0.166294, -0.099985, 0.220155, 0.502210, -0.124663, -0.855712, -0.283347, 0.911202, -0.299041, 0.817006, 0.392645, 0.422292),
      ["LeftUpperLeg"] = CFrame.new(0.001924, 0.033702, 0.024926, 0.984815, 0.147570, 0.091427, 0.127814, -0.259948, -0.957133, -0.117490, 0.954280, -0.274840),
      ["LowerTorso"] = CFrame.new(-0.046612, -0.526577, 0.111673, 0.978647, 0.138904, -0.151511, 0.019488, 0.671085, 0.741124, 0.204623, -0.728251, 0.654049),
      ["RightFoot"] = CFrame.new(0.000000, 0.018118, -0.000103, 0.988093, 0.117692, 0.099103, -0.131936, 0.979552, 0.151927, -0.079159, -0.163175, 0.983411),
      ["RightHand"] = CFrame.new(-0.000500, 0.000000, -0.000000, 0.860464, 0.503600, 0.077395, -0.475350, 0.738771, 0.477769, 0.183426, -0.447889, 0.875069),
      ["RightLowerArm"] = CFrame.new(-0.011635, 0.001663, 0.006128, 1.000000, 0.000000, 0.000000, -0.000000, 0.900772, -0.434293, -0.000000, 0.434293, 0.900772),
      ["RightLowerLeg"] = CFrame.new(-0.000000, 0.113187, -0.097458, 1.000000, 0.000000, 0.000000, -0.000000, 0.008922, 0.999960, 0.000000, -0.999960, 0.008898),
      ["RightUpperArm"] = CFrame.new(-0.184905, -0.220236, 0.069190, 0.444724, 0.439633, 0.780349, 0.349871, 0.716757, -0.603199, -0.824507, 0.541278, 0.164944),
      ["RightUpperLeg"] = CFrame.new(-0.018148, 0.065720, -0.004986, 0.939063, -0.130339, 0.318062, 0.239281, 0.912151, -0.332713, -0.246790, 0.388578, 0.887772),
      ["UpperTorso"] = CFrame.new(-0.029370, -0.001956, -0.010552, 0.983653, -0.062776, 0.168777, 0.064748, 0.997882, -0.006200, -0.168030, 0.017026, 0.985635)
    }},
    {Time = 0.300, Data = {
      ["Head"] = CFrame.new(0.000147, 0.007985, -0.030103, 0.997318, -0.057066, -0.045833, 0.005343, 0.681289, -0.731995, 0.072998, 0.729787, 0.679766),
      ["LeftFoot"] = CFrame.new(-0.000000, 0.027186, -0.000002, 0.999284, 0.028953, 0.024382, -0.027457, 0.997845, -0.059591, -0.026036, 0.058878, 0.997925),
      ["LeftHand"] = CFrame.new(0.000500, 0.000100, 0.000000, 0.950679, -0.173341, -0.257220, 0.300316, 0.721814, 0.623537, 0.077580, -0.670028, 0.738268),
      ["LeftLowerArm"] = CFrame.new(0.005666, 0.018559, 0.024750, 1.000000, -0.000000, -0.000000, 0.000000, 0.857402, -0.514646, 0.000000, 0.514647, 0.857403),
      ["LeftLowerLeg"] = CFrame.new(-0.000000, 0.111559, -0.051213, 1.000000, -0.000000, -0.000000, 0.000000, 0.471074, 0.882099, -0.000000, -0.882093, 0.471064),
      ["LeftUpperArm"] = CFrame.new(0.183487, -0.092004, 0.214191, 0.518118, -0.119086, -0.846978, -0.271489, 0.916152, -0.294889, 0.811078, 0.382732, 0.442345),
      ["LeftUpperLeg"] = CFrame.new(0.001924, 0.033702, 0.024926, 0.990969, 0.087580, 0.101521, 0.105501, -0.041985, -0.993534, -0.082766, 0.995272, -0.050822),
      ["LowerTorso"] = CFrame.new(-0.040467, -0.389877, 0.128183, 0.982508, 0.123543, -0.139341, 0.020664, 0.671304, 0.740894, 0.185072, -0.730813, 0.657009),
      ["RightFoot"] = CFrame.new(0.000000, 0.020408, -0.000101, 0.979377, 0.154544, 0.130133, -0.166531, 0.982233, 0.086621, -0.114400, -0.106468, 0.987706),
      ["RightHand"] = CFrame.new(-0.000500, 0.000000, -0.000000, 0.860464, 0.503600, 0.077395, -0.475350, 0.738771, 0.477769, 0.183426, -0.447889, 0.875069),
      ["RightLowerArm"] = CFrame.new(-0.011636, 0.001663, 0.006128, 1.000000, 0.000000, 0.000000, -0.000000, 0.900772, -0.434293, -0.000000, 0.434293, 0.900772),
      ["RightLowerLeg"] = CFrame.new(0.000000, 0.105898, -0.136085, 1.000000, 0.000000, 0.000000, -0.000000, -0.387034, 0.922071, 0.000000, -0.922065, -0.387020),
      ["RightUpperArm"] = CFrame.new(-0.181527, -0.216651, 0.057555, 0.428647, 0.448878, 0.784073, 0.336808, 0.725892, -0.599701, -0.838345, 0.521141, 0.159966),
      ["RightUpperLeg"] = CFrame.new(-0.018148, 0.065720, -0.004986, 0.930861, 0.013771, 0.365099, 0.286462, 0.592693, -0.752750, -0.226798, 0.805311, 0.547787),
      ["UpperTorso"] = CFrame.new(-0.029263, -0.001507, -0.010917, 0.987243, -0.056080, 0.149015, 0.058281, 0.998246, -0.010438, -0.148168, 0.018989, 0.988780)
    }},
    {Time = 0.333, Data = {
      ["Head"] = CFrame.new(0.000147, 0.007985, -0.030103, 0.997318, -0.057066, -0.045833, 0.005343, 0.681289, -0.731995, 0.072998, 0.729787, 0.679766),
      ["LeftFoot"] = CFrame.new(-0.000000, 0.011808, -0.000003, 0.995897, 0.069226, 0.058296, -0.072297, 0.996012, 0.052284, -0.054422, -0.056290, 0.996929),
      ["LeftHand"] = CFrame.new(0.000500, 0.000100, 0.000000, 0.950679, -0.173341, -0.257220, 0.300316, 0.721815, 0.623537, 0.077580, -0.670027, 0.738268),
      ["LeftLowerArm"] = CFrame.new(0.005666, 0.018559, 0.024750, 1.000000, -0.000000, -0.000000, -0.000000, 0.857402, -0.514646, 0.000000, 0.514647, 0.857403),
      ["LeftLowerLeg"] = CFrame.new(-0.000000, 0.058882, -0.011769, 1.000000, -0.000000, -0.000000, 0.000000, 0.879396, 0.476089, -0.000000, -0.476090, 0.879397),
      ["LeftUpperArm"] = CFrame.new(0.227570, -0.071493, 0.197726, 0.558628, -0.105579, -0.822671, -0.241052, 0.928386, -0.282831, 0.793617, 0.356303, 0.493173),
      ["LeftUpperLeg"] = CFrame.new(0.001924, 0.033702, 0.024926, 0.995988, -0.073387, 0.051203, 0.089485, 0.822075, -0.562282, -0.000846, 0.564630, 0.825359),
      ["LowerTorso"] = CFrame.new(-0.024551, -0.136021, 0.159029, 0.990653, 0.083752, -0.107664, 0.023676, 0.671746, 0.740403, 0.134333, -0.736031, 0.663485),
      ["RightFoot"] = CFrame.new(0.000000, 0.020684, -0.000098, 0.978093, 0.159231, 0.134075, -0.194835, 0.927148, 0.320108, -0.073305, -0.339180, 0.937846),
      ["RightHand"] = CFrame.new(-0.000500, 0.000000, 0.000000, 0.860464, 0.503600, 0.077395, -0.475350, 0.738771, 0.477769, 0.183426, -0.447889, 0.875069),
      ["RightLowerArm"] = CFrame.new(-0.011635, 0.001664, 0.006128, 1.000000, 0.000000, 0.000000, 0.000000, 0.900772, -0.434293, -0.000000, 0.434293, 0.900772),
      ["RightLowerLeg"] = CFrame.new(0.000000, 0.103655, -0.140940, 1.000000, 0.000000, 0.000000, -0.000000, -0.436889, 0.899525, 0.000000, -0.899515, -0.436869),
      ["RightUpperArm"] = CFrame.new(-0.172178, -0.206790, 0.026405, 0.385910, 0.470982, 0.793252, 0.301885, 0.748048, -0.591007, -0.871745, 0.467546, 0.146497),
      ["RightUpperLeg"] = CFrame.new(-0.018148, 0.065720, -0.004986, 0.954191, 0.144150, 0.262152, 0.280804, -0.129092, -0.951046, -0.103287, 0.981099, -0.163667),
      ["UpperTorso"] = CFrame.new(-0.028933, -0.000361, -0.011856, 0.994162, -0.032805, 0.102789, 0.034922, 0.999212, -0.018870, -0.102089, 0.022349, 0.994524)
    }},
    {Time = 0.367, Data = {
      ["Head"] = CFrame.new(0.000147, 0.007985, -0.030103, 0.997318, -0.057066, -0.045833, 0.005343, 0.681289, -0.731995, 0.072998, 0.729787, 0.679766),
      ["LeftFoot"] = CFrame.new(-0.000000, -0.067465, -0.000004, 0.992450, 0.093821, 0.079004, -0.121953, 0.823545, 0.554013, -0.013067, -0.559438, 0.828751),
      ["LeftHand"] = CFrame.new(0.000500, 0.000100, 0.000000, 0.950679, -0.173341, -0.257220, 0.300316, 0.721815, 0.623537, 0.077580, -0.670027, 0.738268),
      ["LeftLowerArm"] = CFrame.new(0.005665, 0.018559, 0.024750, 1.000000, -0.000000, -0.000000, 0.000000, 0.857402, -0.514647, 0.000000, 0.514646, 0.857402),
      ["LeftLowerLeg"] = CFrame.new(-0.000000, -0.066833, -0.000785, 1.000000, -0.000000, 0.000000, 0.000000, 1.000000, -0.000007, -0.000000, -0.000011, 1.000000),
      ["LeftUpperArm"] = CFrame.new(0.287074, -0.043743, 0.172725, 0.612474, -0.089282, -0.785433, -0.200023, 0.943762, -0.263257, 0.764766, 0.318343, 0.560171),
      ["LeftUpperLeg"] = CFrame.new(0.001924, 0.033702, 0.024927, 0.997687, -0.067671, -0.006498, 0.067257, 0.996435, -0.050911, 0.009903, 0.050374, 0.998682),
      ["LowerTorso"] = CFrame.new(-0.002688, 0.000638, 0.176068, 0.997539, 0.029095, -0.063799, 0.027724, 0.672069, 0.739969, 0.064407, -0.739916, 0.669608),
      ["RightFoot"] = CFrame.new(0.000000, 0.019038, -0.000098, 0.991473, 0.099674, 0.083927, -0.125564, 0.903188, 0.410502, -0.034854, -0.417511, 0.907989),
      ["RightHand"] = CFrame.new(-0.000500, 0.000000, 0.000000, 0.860464, 0.503600, 0.077395, -0.475350, 0.738771, 0.477769, 0.183426, -0.447889, 0.875069),
      ["RightLowerArm"] = CFrame.new(-0.011635, 0.001664, 0.006128, 1.000000, 0.000000, 0.000000, -0.000000, 0.900772, -0.434293, -0.000000, 0.434293, 0.900772),
      ["RightLowerLeg"] = CFrame.new(0.000000, 0.112520, -0.111740, 1.000000, 0.000000, 0.000000, -0.000000, -0.137444, 0.990512, 0.000000, -0.990510, -0.137427),
      ["RightUpperArm"] = CFrame.new(-0.158089, -0.192015, -0.019049, 0.324864, 0.496889, 0.804714, 0.251552, 0.774818, -0.579982, -0.911693, 0.390842, 0.126717),
      ["RightUpperLeg"] = CFrame.new(-0.018148, 0.065720, -0.004986, 0.990517, 0.061592, 0.122774, 0.137384, -0.438991, -0.887925, -0.000814, 0.896378, -0.443301),
      ["UpperTorso"] = CFrame.new(-0.028358, 0.001180, -0.013124, 0.998670, 0.012237, 0.050090, -0.010967, 0.999613, -0.025552, -0.050383, 0.024969, 0.998418)
    }},
    {Time = 0.400, Data = {
      ["Head"] = CFrame.new(0.000147, 0.007985, -0.030103, 0.997318, -0.057066, -0.045833, 0.005343, 0.681289, -0.731995, 0.072998, 0.729787, 0.679766),
      ["LeftFoot"] = CFrame.new(-0.000000, 0.012102, -0.000003, 0.985336, 0.130515, 0.109902, -0.170321, 0.790896, 0.587793, -0.010186, -0.597870, 0.801512),
      ["LeftHand"] = CFrame.new(0.000500, 0.000100, 0.000000, 0.950679, -0.173341, -0.257220, 0.300316, 0.721814, 0.623537, 0.077580, -0.670027, 0.738268),
      ["LeftLowerArm"] = CFrame.new(0.005666, 0.018559, 0.024750, 1.000000, -0.000000, -0.000000, 0.000000, 0.857402, -0.514646, 0.000000, 0.514647, 0.857403),
      ["LeftLowerLeg"] = CFrame.new(-0.000000, 0.060496, -0.012509, 1.000000, -0.000000, -0.000000, 0.000000, 0.871858, 0.489757, -0.000000, -0.489758, 0.871859),
      ["LeftUpperArm"] = CFrame.new(0.350586, -0.014126, 0.142342, 0.668501, -0.074585, -0.739962, -0.156554, 0.958552, -0.238054, 0.727047, 0.274983, 0.629116),
      ["LeftUpperLeg"] = CFrame.new(0.001924, 0.033702, 0.024926, 0.999138, -0.017138, 0.037795, 0.024186, 0.980559, -0.194703, -0.033742, 0.195475, 0.980134),
      ["LowerTorso"] = CFrame.new(0.021150, -0.081797, 0.166717, 0.999414, -0.030498, -0.015522, 0.031998, 0.672058, 0.739807, -0.012132, -0.739871, 0.672640),
      ["RightFoot"] = CFrame.new(0.000000, 0.016707, -0.000099, 0.996718, 0.061920, 0.052137, -0.076161, 0.935757, 0.344345, -0.027432, -0.347167, 0.937394),
      ["RightHand"] = CFrame.new(-0.000500, 0.000000, -0.000000, 0.860464, 0.503600, 0.077395, -0.475350, 0.738771, 0.477769, 0.183426, -0.447889, 0.875069),
      ["RightLowerArm"] = CFrame.new(-0.011635, 0.001663, 0.006128, 1.000000, 0.000000, 0.000000, -0.000000, 0.900772, -0.434293, -0.000000, 0.434293, 0.900772),
      ["RightLowerLeg"] = CFrame.new(0.000000, 0.110822, -0.080049, 1.000000, 0.000000, 0.000000, -0.000000, 0.187143, 0.982332, 0.000000, -0.982333, 0.187148),
      ["RightUpperArm"] = CFrame.new(-0.141394, -0.174525, -0.072625, 0.255662, 0.519056, 0.815609, 0.193925, 0.798965, -0.569252, -0.947117, 0.303703, 0.103607),
      ["RightUpperLeg"] = CFrame.new(-0.018148, 0.065720, -0.004986, 0.998911, -0.028543, 0.036902, 0.019650, -0.460696, -0.887339, 0.042314, 0.887099, -0.459639),
      ["UpperTorso"] = CFrame.new(-0.027571, 0.002813, -0.014481, 0.997456, 0.069042, 0.017735, -0.068510, 0.997229, -0.029009, -0.019688, 0.027720, 0.999422)
    }},
    {Time = 0.433, Data = {
      ["Head"] = CFrame.new(0.000147, 0.007985, -0.030103, 0.997318, -0.057066, -0.045833, 0.005343, 0.681289, -0.731995, 0.072998, 0.729787, 0.679766),
      ["LeftFoot"] = CFrame.new(0.000000, 0.027825, -0.000002, 0.975167, 0.169408, 0.142650, -0.209374, 0.915193, 0.344392, -0.072192, -0.365681, 0.927925),
      ["LeftHand"] = CFrame.new(0.000500, 0.000100, 0.000000, 0.950679, -0.173341, -0.257220, 0.300316, 0.721814, 0.623537, 0.077580, -0.670028, 0.738268),
      ["LeftLowerArm"] = CFrame.new(0.005666, 0.018559, 0.024750, 1.000000, -0.000000, -0.000000, 0.000000, 0.857403, -0.514646, 0.000000, 0.514646, 0.857402),
      ["LeftLowerLeg"] = CFrame.new(-0.000000, 0.113799, -0.054699, 1.000000, -0.000000, -0.000000, 0.000000, 0.434839, 0.900514, -0.000000, -0.900508, 0.434828),
      ["LeftUpperArm"] = CFrame.new(0.407384, 0.012273, 0.111763, 0.716934, -0.064053, -0.694192, -0.118228, 0.970175, -0.211619, 0.687043, 0.233789, 0.687979),
      ["LeftUpperLeg"] = CFrame.new(0.001924, 0.033702, 0.024926, 0.993380, 0.077297, 0.084957, -0.047599, 0.950198, -0.307963, -0.104549, 0.301907, 0.947597),
      ["LowerTorso"] = CFrame.new(0.042929, -0.263028, 0.144603, 0.995964, -0.084947, 0.028989, 0.035755, 0.671723, 0.739939, -0.082328, -0.735916, 0.672049),
      ["RightFoot"] = CFrame.new(-0.000000, 0.013146, -0.000100, 0.998341, 0.044046, 0.037088, -0.052412, 0.961985, 0.268034, -0.023837, -0.269526, 0.962695),
      ["RightHand"] = CFrame.new(-0.000500, 0.000000, 0.000000, 0.860464, 0.503600, 0.077395, -0.475350, 0.738771, 0.477769, 0.183426, -0.447889, 0.875069),
      ["RightLowerArm"] = CFrame.new(-0.011635, 0.001663, 0.006129, 1.000000, 0.000000, 0.000000, -0.000000, 0.900772, -0.434293, -0.000000, 0.434293, 0.900772),
      ["RightLowerLeg"] = CFrame.new(0.000000, 0.098973, -0.052779, 1.000000, 0.000000, 0.000000, -0.000000, 0.466151, 0.884709, 0.000000, -0.884705, 0.466145),
      ["RightUpperArm"] = CFrame.new(-0.125241, -0.157529, -0.125722, 0.190489, 0.533579, 0.824019, 0.139151, 0.816238, -0.560708, -0.971777, 0.221471, 0.081237),
      ["RightUpperLeg"] = CFrame.new(-0.018148, 0.065720, -0.004986, 0.995722, -0.088825, -0.025568, -0.057017, -0.372973, -0.926086, 0.072713, 0.923581, -0.376444),
      ["UpperTorso"] = CFrame.new(-0.026707, 0.004263, -0.015696, 0.992879, 0.118693, 0.010143, -0.118304, 0.992432, -0.032910, -0.013972, 0.031475, 0.999407)
    }},
    {Time = 0.467, Data = {
      ["Head"] = CFrame.new(0.000147, 0.007985, -0.030103, 0.997318, -0.057066, -0.045833, 0.005343, 0.681289, -0.731995, 0.072998, 0.729787, 0.679766),
      ["LeftFoot"] = CFrame.new(-0.000000, 0.031338, -0.000001, 0.975403, 0.168610, 0.141980, -0.178583, 0.982067, 0.060501, -0.129216, -0.084349, 0.988019),
      ["LeftHand"] = CFrame.new(0.000500, 0.000100, 0.000000, 0.950679, -0.173341, -0.257220, 0.300316, 0.721814, 0.623537, 0.077580, -0.670027, 0.738268),
      ["LeftLowerArm"] = CFrame.new(0.005666, 0.018560, 0.024750, 1.000000, -0.000000, -0.000000, 0.000000, 0.857403, -0.514646, 0.000000, 0.514646, 0.857402),
      ["LeftLowerLeg"] = CFrame.new(-0.000000, 0.124414, -0.081773, 1.000000, -0.000000, -0.000000, 0.000000, 0.153235, 0.988191, -0.000000, -0.988190, 0.153225),
      ["LeftUpperArm"] = CFrame.new(0.447878, 0.030992, 0.087903, 0.750266, -0.058190, -0.658570, -0.091373, 0.977433, -0.190460, 0.654791, 0.203072, 0.728018),
      ["LeftUpperLeg"] = CFrame.new(0.001924, 0.033702, 0.024926, 0.979065, 0.172391, 0.108203, -0.144241, 0.962743, -0.228717, -0.143618, 0.208345, 0.967461),
      ["LowerTorso"] = CFrame.new(0.058734, -0.444219, 0.121974, 0.990315, -0.124460, 0.061525, 0.038379, 0.671288, 0.740202, -0.133427, -0.730673, 0.669563),
      ["RightFoot"] = CFrame.new(-0.000000, 0.008919, -0.000099, 0.998880, 0.036203, 0.030484, -0.041966, 0.975419, 0.216329, -0.021868, -0.217365, 0.975845),
      ["RightHand"] = CFrame.new(-0.000500, 0.000000, -0.000000, 0.860464, 0.503600, 0.077395, -0.475350, 0.738771, 0.477769, 0.183426, -0.447889, 0.875069),
      ["RightLowerArm"] = CFrame.new(-0.011635, 0.001664, 0.006128, 1.000000, 0.000000, 0.000000, 0.000000, 0.900772, -0.434293, -0.000000, 0.434293, 0.900772),
      ["RightLowerLeg"] = CFrame.new(0.000000, 0.084855, -0.036532, 1.000000, 0.000000, 0.000000, -0.000000, 0.632340, 0.774699, 0.000000, -0.774691, 0.632331),
      ["RightUpperArm"] = CFrame.new(-0.113159, -0.144727, -0.166997, 0.142286, 0.540604, 0.829157, 0.098345, 0.825814, -0.555301, -0.984928, 0.160555, 0.064337),
      ["RightUpperLeg"] = CFrame.new(-0.018148, 0.065720, -0.004986, 0.989944, -0.122081, -0.071530, -0.103652, -0.281914, -0.953822, 0.096269, 0.951641, -0.291733),
      ["UpperTorso"] = CFrame.new(-0.025990, 0.005291, -0.016562, 0.988004, 0.153740, 0.014554, -0.153103, 0.987487, -0.037800, -0.020184, 0.035118, 0.999179)
    }},
    {Time = 0.500, Data = {
      ["Head"] = CFrame.new(0.000147, 0.007985, -0.030103, 0.997318, -0.057066, -0.045833, 0.005343, 0.681289, -0.731995, 0.072998, 0.729787, 0.679766),
      ["LeftFoot"] = CFrame.new(-0.000000, 0.031959, -0.000001, 0.979185, 0.155255, 0.130735, -0.146283, 0.986336, -0.075814, -0.140703, 0.055120, 0.988514),
      ["LeftHand"] = CFrame.new(0.000500, 0.000100, 0.000000, 0.950679, -0.173341, -0.257220, 0.300316, 0.721814, 0.623537, 0.077580, -0.670028, 0.738268),
      ["LeftLowerArm"] = CFrame.new(0.005666, 0.018559, 0.024750, 1.000000, -0.000000, -0.000000, 0.000000, 0.857402, -0.514646, 0.000000, 0.514647, 0.857402),
      ["LeftLowerLeg"] = CFrame.new(0.000000, 0.125528, -0.088760, 1.000000, -0.000000, -0.000000, 0.000000, 0.080510, 0.996755, -0.000000, -0.996754, 0.080501),
      ["LeftUpperArm"] = CFrame.new(0.463322, 0.038100, 0.078336, 0.762676, -0.056338, -0.644322, -0.081261, 0.979958, -0.181874, 0.641655, 0.191069, 0.742813),
      ["LeftUpperLeg"] = CFrame.new(0.001924, 0.033702, 0.024926, 0.969181, 0.214758, 0.120674, -0.196196, 0.969166, -0.149061, -0.148982, 0.120812, 0.981437),
      ["LowerTorso"] = CFrame.new(0.064825, -0.526574, 0.111616, 0.987418, -0.139687, 0.074116, 0.039365, 0.671077, 0.740341, -0.153153, -0.728109, 0.668133),
      ["RightFoot"] = CFrame.new(-0.000000, 0.006943, -0.000100, 0.999020, 0.033862, 0.028513, -0.038855, 0.979479, 0.197767, -0.021197, -0.198683, 0.979834),
      ["RightHand"] = CFrame.new(-0.000500, 0.000000, 0.000000, 0.860464, 0.503600, 0.077395, -0.475350, 0.738771, 0.477769, 0.183426, -0.447889, 0.875069),
      ["RightLowerArm"] = CFrame.new(-0.011635, 0.001663, 0.006128, 1.000000, 0.000000, 0.000000, -0.000000, 0.900772, -0.434293, -0.000000, 0.434293, 0.900772),
      ["RightLowerLeg"] = CFrame.new(0.000000, 0.078698, -0.031419, 1.000000, 0.000000, 0.000000, -0.000000, 0.684592, 0.728935, 0.000000, -0.728926, 0.684583),
      ["RightUpperArm"] = CFrame.new(-0.108451, -0.139711, -0.183560, 0.123549, 0.542511, 0.830914, 0.082417, 0.828826, -0.553402, -0.988910, 0.136854, 0.057689),
      ["RightUpperLeg"] = CFrame.new(-0.018148, 0.065720, -0.004986, 0.987068, -0.132730, -0.089939, -0.120409, -0.243585, -0.962373, 0.105820, 0.960755, -0.256415),
      ["UpperTorso"] = CFrame.new(-0.025694, 0.005681, -0.016892, 0.985777, 0.167013, 0.018700, -0.166160, 0.985271, -0.040405, -0.025173, 0.036723, 0.999008)
    }}
  }
}